1.389950e+08 0.992148 0.993375 0.956193 0.952829 0.992548 0.988884 0.974426 0.969417 0.984419 0.984613 1.019004 1.018179
1.390750e+08 0.992100 0.993240 0.956090 0.952845 0.992136 0.988680 0.974311 0.969384 0.984395 0.984699 1.018702 1.017993
1.391550e+08 0.992043 0.993097 0.955991 0.952864 0.991730 0.988478 0.974197 0.969350 0.984371 0.984781 1.018401 1.017802
1.392350e+08 0.991977 0.992949 0.955896 0.952885 0.991331 0.988279 0.974086 0.969316 0.984348 0.984859 1.018103 1.017609
1.393150e+08 0.991904 0.992795 0.955805 0.952910 0.990940 0.988083 0.973976 0.969283 0.984325 0.984934 1.017806 1.017412
1.393950e+08 0.991823 0.992635 0.955720 0.952938 0.990556 0.987890 0.973869 0.969250 0.984304 0.985006 1.017512 1.017213
1.394750e+08 0.991736 0.992471 0.955640 0.952970 0.990181 0.987700 0.973765 0.969219 0.984285 0.985074 1.017221 1.017011
1.395550e+08 0.991641 0.992302 0.955565 0.953006 0.989814 0.987515 0.973665 0.969189 0.984267 0.985141 1.016934 1.016809
1.396350e+08 0.991541 0.992130 0.955497 0.953047 0.989457 0.987335 0.973569 0.969161 0.984253 0.985206 1.016651 1.016605
1.397150e+08 0.991436 0.991954 0.955435 0.953092 0.989110 0.987160 0.973478 0.969136 0.984241 0.985269 1.016372 1.016400
1.397950e+08 0.991326 0.991775 0.955380 0.953143 0.988774 0.986990 0.973393 0.969115 0.984233 0.985331 1.016098 1.016196
1.398750e+08 0.991211 0.991594 0.955333 0.953200 0.988448 0.986827 0.973313 0.969096 0.984229 0.985392 1.015830 1.015992
1.399550e+08 0.991092 0.991411 0.955293 0.953263 0.988134 0.986670 0.973239 0.969082 0.984229 0.985453 1.015568 1.015788
1.400350e+08 0.990970 0.991226 0.955262 0.953333 0.987832 0.986519 0.973173 0.969072 0.984234 0.985515 1.015312 1.015586
1.401150e+08 0.990845 0.991041 0.955240 0.953409 0.987543 0.986376 0.973114 0.969068 0.984245 0.985577 1.015062 1.015386
1.401950e+08 0.990718 0.990855 0.955226 0.953493 0.987266 0.986241 0.973063 0.969068 0.984261 0.985640 1.014820 1.015188
1.402750e+08 0.990589 0.990669 0.955222 0.953585 0.987003 0.986114 0.973020 0.969075 0.984283 0.985705 1.014586 1.014994
1.403550e+08 0.990459 0.990485 0.955228 0.953684 0.986754 0.985995 0.972986 0.969088 0.984311 0.985772 1.014360 1.014802
1.404350e+08 0.990328 0.990301 0.955244 0.953792 0.986519 0.985886 0.972962 0.969108 0.984347 0.985842 1.014143 1.014615
1.405150e+08 0.990197 0.990119 0.955270 0.953909 0.986299 0.985786 0.972947 0.969136 0.984390 0.985914 1.013934 1.014432
1.405950e+08 0.990067 0.989939 0.955308 0.954036 0.986095 0.985696 0.972943 0.969171 0.984441 0.985990 1.013735 1.014253
1.406750e+08 0.989937 0.989762 0.955357 0.954171 0.985906 0.985616 0.972950 0.969215 0.984499 0.986070 1.013546 1.014081
1.407550e+08 0.989809 0.989588 0.955418 0.954317 0.985733 0.985546 0.972968 0.969267 0.984567 0.986153 1.013367 1.013914
1.408350e+08 0.989683 0.989418 0.955490 0.954473 0.985577 0.985488 0.972998 0.969329 0.984643 0.986242 1.013199 1.013753
1.409150e+08 0.989560 0.989252 0.955576 0.954639 0.985438 0.985441 0.973040 0.969400 0.984729 0.986335 1.013042 1.013599
1.409950e+08 0.989439 0.989091 0.955674 0.954817 0.985316 0.985407 0.973095 0.969481 0.984824 0.986434 1.012896 1.013453
1.410750e+08 0.989322 0.988935 0.955785 0.955005 0.985212 0.985384 0.973162 0.969573 0.984929 0.986539 1.012762 1.013314
1.411550e+08 0.989210 0.988785 0.955909 0.955205 0.985125 0.985374 0.973243 0.969676 0.985045 0.986651 1.012640 1.013183
1.412350e+08 0.989101 0.988641 0.956047 0.955417 0.985057 0.985376 0.973338 0.969790 0.985171 0.986769 1.012531 1.013061
1.413150e+08 0.988998 0.988503 0.956199 0.955641 0.985008 0.985392 0.973447 0.969915 0.985308 0.986894 1.012434 1.012949
1.413950e+08 0.988900 0.988373 0.956366 0.955877 0.984978 0.985421 0.973571 0.970052 0.985457 0.987026 1.012350 1.012845
1.414750e+08 0.988809 0.988250 0.956546 0.956126 0.984966 0.985464 0.973709 0.970202 0.985617 0.987167 1.012280 1.012752
1.415550e+08 0.988723 0.988134 0.956742 0.956388 0.984974 0.985522 0.973863 0.970365 0.985789 0.987315 1.012223 1.012669
1.416350e+08 0.988645 0.988027 0.956953 0.956663 0.985002 0.985593 0.974031 0.970540 0.985973 0.987472 1.012179 1.012596
1.417150e+08 0.988574 0.987929 0.957178 0.956951 0.985049 0.985679 0.974216 0.970729 0.986169 0.987638 1.012150 1.012535
1.417950e+08 0.988511 0.987840 0.957419 0.957253 0.985117 0.985780 0.974416 0.970932 0.986378 0.987814 1.012135 1.012485
1.418750e+08 0.988456 0.987760 0.957676 0.957568 0.985204 0.985896 0.974633 0.971149 0.986600 0.987998 1.012135 1.012447
1.419550e+08 0.988409 0.987691 0.957948 0.957897 0.985312 0.986027 0.974866 0.971379 0.986834 0.988193 1.012149 1.012421
1.420350e+08 0.988372 0.987631 0.958237 0.958241 0.985441 0.986174 0.975115 0.971624 0.987082 0.988397 1.012178 1.012407
1.421150e+08 0.988344 0.987582 0.958541 0.958598 0.985590 0.986336 0.975381 0.971884 0.987343 0.988612 1.012222 1.012405
1.421950e+08 0.988325 0.987544 0.958861 0.958969 0.985759 0.986514 0.975664 0.972159 0.987617 0.988837 1.012281 1.012417
1.422750e+08 0.988317 0.987516 0.959198 0.959355 0.985949 0.986708 0.975964 0.972448 0.987905 0.989074 1.012355 1.012442
1.423550e+08 0.988319 0.987501 0.959551 0.959756 0.986160 0.986918 0.976281 0.972753 0.988207 0.989321 1.012444 1.012480
1.424350e+08 0.988331 0.987496 0.959920 0.960171 0.986391 0.987144 0.976615 0.973074 0.988522 0.989579 1.012549 1.012532
1.425150e+08 0.988354 0.987504 0.960306 0.960600 0.986643 0.987386 0.976967 0.973409 0.988851 0.989849 1.012668 1.012597
1.425950e+08 0.988389 0.987524 0.960708 0.961044 0.986915 0.987644 0.977335 0.973761 0.989194 0.990130 1.012803 1.012677
1.426750e+08 0.988434 0.987556 0.961126 0.961502 0.987208 0.987919 0.977721 0.974128 0.989551 0.990423 1.012954 1.012770
1.427550e+08 0.988492 0.987601 0.961561 0.961976 0.987521 0.988209 0.978124 0.974511 0.989921 0.990727 1.013119 1.012878
1.428350e+08 0.988561 0.987658 0.962012 0.962463 0.987855 0.988516 0.978545 0.974909 0.990306 0.991044 1.013300 1.013000
1.429150e+08 0.988642 0.987729 0.962479 0.962965 0.988209 0.988839 0.978982 0.975324 0.990704 0.991372 1.013496 1.013137
1.429950e+08 0.988735 0.987812 0.962963 0.963482 0.988582 0.989178 0.979437 0.975754 0.991116 0.991713 1.013707 1.013288
1.430750e+08 0.988841 0.987908 0.963462 0.964013 0.988975 0.989534 0.979908 0.976200 0.991542 0.992066 1.013933 1.013453
1.431550e+08 0.988959 0.988018 0.963978 0.964558 0.989388 0.989905 0.980396 0.976662 0.991981 0.992430 1.014174 1.013633
1.432350e+08 0.989089 0.988140 0.964509 0.965118 0.989820 0.990292 0.980901 0.977140 0.992434 0.992807 1.014430 1.013827
1.433150e+08 0.989232 0.988277 0.965057 0.965691 0.990271 0.990694 0.981422 0.977633 0.992900 0.993196 1.014700 1.014036
1.433950e+08 0.989388 0.988426 0.965619 0.966278 0.990741 0.991113 0.981960 0.978142 0.993379 0.993597 1.014984 1.014260
1.434750e+08 0.989556 0.988589 0.966197 0.966879 0.991229 0.991546 0.982513 0.978666 0.993871 0.994009 1.015283 1.014497
1.435550e+08 0.989737 0.988765 0.966790 0.967494 0.991735 0.991995 0.983082 0.979205 0.994376 0.994434 1.015595 1.014749
1.436350e+08 0.989930 0.988954 0.967398 0.968121 0.992259 0.992458 0.983667 0.979759 0.994894 0.994871 1.015921 1.015015
1.437150e+08 0.990137 0.989157 0.968021 0.968762 0.992800 0.992937 0.984267 0.980329 0.995424 0.995319 1.016260 1.015295
1.437950e+08 0.990355 0.989373 0.968658 0.969415 0.993358 0.993429 0.984881 0.980913 0.995966 0.995779 1.016612 1.015589
1.438750e+08 0.990586 0.989601 0.969308 0.970081 0.993932 0.993936 0.985511 0.981511 0.996520 0.996250 1.016977 1.015896
1.439550e+08 0.990830 0.989843 0.969973 0.970759 0.994522 0.994457 0.986154 0.982123 0.997085 0.996732 1.017354 1.016217
1.440350e+08 0.991086 0.990098 0.970651 0.971449 0.995128 0.994991 0.986811 0.982749 0.997662 0.997226 1.017743 1.016551
1.441150e+08 0.991354 0.990365 0.971342 0.972151 0.995749 0.995538 0.987481 0.983389 0.998249 0.997730 1.018144 1.016898
1.441950e+08 0.991634 0.990645 0.972046 0.972864 0.996384 0.996098 0.988165 0.984042 0.998847 0.998245 1.018556 1.017257
1.442750e+08 0.991925 0.990937 0.972762 0.973588 0.997033 0.996670 0.988860 0.984708 0.999456 0.998770 1.018979 1.017629
1.443550e+08 0.992228 0.991241 0.973489 0.974322 0.997696 0.997255 0.989568 0.985386 1.000074 0.999305 1.019412 1.018013
1.444350e+08 0.992543 0.991558 0.974229 0.975066 0.998372 0.997851 0.990288 0.986076 1.000701 0.999850 1.019856 1.018408
1.445150e+08 0.992869 0.991885 0.974979 0.975821 0.999059 0.998458 0.991018 0.986778 1.001337 1.000404 1.020308 1.018815
1.445950e+08 0.993205 0.992224 0.975740 0.976584 0.999759 0.999075 0.991759 0.987491 1.001982 1.000968 1.020770 1.019233
1.446750e+08 0.993552 0.992574 0.976511 0.977356 1.000469 0.999703 0.992509 0.988216 1.002635 1.001540 1.021240 1.019661
1.447550e+08 0.993910 0.992935 0.977292 0.978137 1.001190 1.000341 0.993270 0.988950 1.003296 1.002121 1.021719 1.020099
1.448350e+08 0.994277 0.993307 0.978082 0.978926 1.001920 1.000988 0.994039 0.989695 1.003964 1.002709 1.022205 1.020547
1.449150e+08 0.994654 0.993688 0.978881 0.979722 1.002660 1.001644 0.994816 0.990448 1.004638 1.003306 1.022698 1.021004
1.449950e+08 0.995040 0.994079 0.979688 0.980525 1.003408 1.002307 0.995601 0.991211 1.005319 1.003909 1.023197 1.021470
1.450750e+08 0.995435 0.994479 0.980502 0.981335 1.004163 1.002979 0.996392 0.991982 1.006005 1.004519 1.023702 1.021945
1.451550e+08 0.995839 0.994889 0.981324 0.982151 1.004926 1.003657 0.997191 0.992761 1.006697 1.005136 1.024213 1.022427
1.452350e+08 0.996250 0.995307 0.982152 0.982972 1.005695 1.004342 0.997995 0.993547 1.007393 1.005759 1.024728 1.022916
1.453150e+08 0.996670 0.995733 0.982986 0.983799 1.006470 1.005033 0.998804 0.994340 1.008093 1.006387 1.025247 1.023412
1.453950e+08 0.997097 0.996167 0.983826 0.984630 1.007249 1.005730 0.999617 0.995139 1.008797 1.007020 1.025770 1.023914
1.454750e+08 0.997530 0.996608 0.984670 0.985464 1.008032 1.006431 1.000435 0.995944 1.009504 1.007657 1.026296 1.024421
1.455550e+08 0.997970 0.997056 0.985519 0.986302 1.008819 1.007136 1.001255 0.996754 1.010213 1.008299 1.026825 1.024934
1.456350e+08 0.998416 0.997511 0.986371 0.987143 1.009608 1.007845 1.002078 0.997568 1.010924 1.008943 1.027355 1.025451
1.457150e+08 0.998867 0.997971 0.987226 0.987986 1.010400 1.008557 1.002902 0.998385 1.011636 1.009591 1.027886 1.025971
1.457950e+08 0.999323 0.998437 0.988084 0.988831 1.011192 1.009271 1.003728 0.999206 1.012349 1.010242 1.028418 1.026495
1.458750e+08 0.999784 0.998907 0.988944 0.989677 1.011984 1.009986 1.004554 1.000029 1.013062 1.010894 1.028949 1.027022
1.459550e+08 1.000248 0.999382 0.989805 0.990523 1.012777 1.010703 1.005379 1.000854 1.013775 1.011547 1.029480 1.027551
1.460350e+08 1.000716 0.999861 0.990666 0.991370 1.013568 1.011420 1.006204 1.001680 1.014486 1.012202 1.030010 1.028081
1.461150e+08 1.001187 1.000344 0.991528 0.992215 1.014357 1.012137 1.007027 1.002507 1.015195 1.012856 1.030537 1.028611
1.461950e+08 1.001660 1.000829 0.992389 0.993060 1.015143 1.012852 1.007847 1.003333 1.015903 1.013511 1.031062 1.029142
1.462750e+08 1.002135 1.001316 0.993249 0.993902 1.015925 1.013567 1.008664 1.004159 1.016607 1.014164 1.031583 1.029672
1.463550e+08 1.002612 1.001806 0.994107 0.994743 1.016704 1.014279 1.009477 1.004983 1.017307 1.014816 1.032101 1.030201
1.464350e+08 1.003089 1.002296 0.994962 0.995580 1.017477 1.014988 1.010285 1.005806 1.018004 1.015466 1.032614 1.030728
1.465150e+08 1.003566 1.002788 0.995815 0.996414 1.018245 1.015694 1.011089 1.006625 1.018696 1.016113 1.033122 1.031253
1.465950e+08 1.004043 1.003279 0.996663 0.997243 1.019006 1.016395 1.011886 1.007441 1.019382 1.016758 1.033624 1.031774
1.466750e+08 1.004519 1.003770 0.997508 0.998068 1.019760 1.017092 1.012676 1.008252 1.020062 1.017398 1.034119 1.032292
1.467550e+08 1.004994 1.004261 0.998347 0.998887 1.020506 1.017783 1.013459 1.009059 1.020736 1.018034 1.034608 1.032804
1.468350e+08 1.005466 1.004749 0.999181 0.999701 1.021243 1.018468 1.014234 1.009861 1.021403 1.018665 1.035088 1.033312
1.469150e+08 1.005937 1.005236 1.000008 1.000508 1.021971 1.019146 1.015000 1.010656 1.022062 1.019291 1.035561 1.033814
1.469950e+08 1.006404 1.005720 1.000829 1.001308 1.022688 1.019817 1.015757 1.011445 1.022713 1.019911 1.036024 1.034310
1.470750e+08 1.006867 1.006201 1.001643 1.002101 1.023395 1.020480 1.016504 1.012226 1.023355 1.020524 1.036478 1.034798
1.471550e+08 1.007326 1.006679 1.002449 1.002885 1.024090 1.021135 1.017240 1.012999 1.023987 1.021130 1.036922 1.035279
1.472350e+08 1.007781 1.007152 1.003246 1.003661 1.024773 1.021780 1.017964 1.013763 1.024609 1.021729 1.037356 1.035751
1.473150e+08 1.008230 1.007620 1.004034 1.004428 1.025444 1.022416 1.018677 1.014519 1.025221 1.022319 1.037778 1.036215
1.473950e+08 1.008673 1.008083 1.004813 1.005185 1.026100 1.023041 1.019377 1.015264 1.025822 1.022900 1.038189 1.036668
1.474750e+08 1.009110 1.008541 1.005581 1.005931 1.026743 1.023655 1.020064 1.015999 1.026411 1.023472 1.038587 1.037112
1.475550e+08 1.009541 1.008992 1.006339 1.006668 1.027371 1.024258 1.020737 1.016722 1.026988 1.024035 1.038973 1.037545
1.476350e+08 1.009964 1.009437 1.007086 1.007392 1.027984 1.024849 1.021396 1.017434 1.027553 1.024587 1.039345 1.037966
1.477150e+08 1.010379 1.009874 1.007820 1.008106 1.028581 1.025427 1.022040 1.018134 1.028104 1.025128 1.039703 1.038375
1.477950e+08 1.010786 1.010303 1.008543 1.008807 1.029161 1.025992 1.022669 1.018821 1.028642 1.025658 1.040047 1.038772
1.478750e+08 1.011184 1.010725 1.009253 1.009496 1.029725 1.026544 1.023281 1.019494 1.029166 1.026176 1.040377 1.039156
1.479550e+08 1.011573 1.011137 1.009950 1.010171 1.030271 1.027081 1.023878 1.020154 1.029676 1.026682 1.040691 1.039526
1.480350e+08 1.011952 1.011540 1.010633 1.010833 1.030800 1.027604 1.024457 1.020799 1.030170 1.027175 1.040990 1.039882
1.481150e+08 1.012321 1.011934 1.011303 1.011482 1.031309 1.028113 1.025019 1.021430 1.030649 1.027655 1.041273 1.040224
1.481950e+08 1.012680 1.012318 1.011958 1.012116 1.031800 1.028605 1.025563 1.022045 1.031113 1.028121 1.041539 1.040550
1.482750e+08 1.013028 1.012691 1.012598 1.012736 1.032272 1.029082 1.026090 1.022644 1.031560 1.028573 1.041788 1.040861
1.483550e+08 1.013364 1.013054 1.013222 1.013341 1.032724 1.029543 1.026597 1.023227 1.031992 1.029012 1.042021 1.041155
1.484350e+08 1.013689 1.013405 1.013832 1.013930 1.033156 1.029987 1.027086 1.023793 1.032406 1.029435 1.042236 1.041434
1.485150e+08 1.014002 1.013745 1.014425 1.014504 1.033568 1.030414 1.027555 1.024343 1.032803 1.029843 1.042433 1.041695
1.485950e+08 1.014302 1.014073 1.015002 1.015063 1.033959 1.030824 1.028005 1.024874 1.033183 1.030236 1.042612 1.041939
1.486750e+08 1.014590 1.014388 1.015563 1.015605 1.034329 1.031216 1.028435 1.025388 1.033545 1.030613 1.042773 1.042166
1.487550e+08 1.014865 1.014691 1.016106 1.016130 1.034678 1.031590 1.028845 1.025884 1.033890 1.030974 1.042915 1.042374
1.488350e+08 1.015126 1.014981 1.016633 1.016639 1.035005 1.031946 1.029234 1.026361 1.034216 1.031318 1.043038 1.042564
1.489150e+08 1.015374 1.015258 1.017142 1.017132 1.035311 1.032284 1.029603 1.026820 1.034524 1.031646 1.043142 1.042736
1.489950e+08 1.015608 1.015521 1.017634 1.017607 1.035594 1.032603 1.029951 1.027260 1.034813 1.031957 1.043227 1.042888
1.490750e+08 1.015828 1.015771 1.018108 1.018065 1.035855 1.032903 1.030278 1.027680 1.035083 1.032251 1.043293 1.043022
1.491550e+08 1.016034 1.016007 1.018564 1.018505 1.036095 1.033184 1.030583 1.028080 1.035335 1.032528 1.043339 1.043136
1.492350e+08 1.016225 1.016228 1.019002 1.018928 1.036311 1.033446 1.030868 1.028461 1.035567 1.032787 1.043366 1.043230
1.493150e+08 1.016402 1.016435 1.019421 1.019334 1.036506 1.033688 1.031131 1.028822 1.035781 1.033029 1.043372 1.043304
1.493950e+08 1.016564 1.016628 1.019822 1.019721 1.036677 1.033911 1.031372 1.029163 1.035975 1.033252 1.043359 1.043359
1.494750e+08 1.016711 1.016806 1.020205 1.020091 1.036826 1.034114 1.031592 1.029484 1.036149 1.033458 1.043326 1.043393
1.495550e+08 1.016843 1.016969 1.020569 1.020443 1.036953 1.034298 1.031791 1.029784 1.036305 1.033646 1.043273 1.043407
1.496350e+08 1.016960 1.017118 1.020915 1.020778 1.037057 1.034462 1.031968 1.030064 1.036441 1.033816 1.043200 1.043400
1.497150e+08 1.017062 1.017251 1.021241 1.021094 1.037139 1.034606 1.032123 1.030324 1.036557 1.033967 1.043107 1.043373
1.497950e+08 1.017149 1.017369 1.021550 1.021392 1.037198 1.034731 1.032258 1.030563 1.036654 1.034100 1.042994 1.043325
1.498750e+08 1.017220 1.017472 1.021839 1.021673 1.037235 1.034836 1.032370 1.030782 1.036732 1.034215 1.042862 1.043257
1.499550e+08 1.017277 1.017560 1.022110 1.021935 1.037249 1.034921 1.032462 1.030980 1.036790 1.034312 1.042709 1.043169
1.500350e+08 1.017318 1.017633 1.022363 1.022180 1.037242 1.034986 1.032532 1.031157 1.036829 1.034391 1.042537 1.043059
1.501150e+08 1.017344 1.017691 1.022597 1.022407 1.037212 1.035032 1.032582 1.031314 1.036850 1.034451 1.042346 1.042930
1.501950e+08 1.017356 1.017734 1.022813 1.022617 1.037161 1.035059 1.032611 1.031451 1.036851 1.034494 1.042135 1.042780
1.502750e+08 1.017352 1.017761 1.023010 1.022810 1.037089 1.035067 1.032619 1.031568 1.036833 1.034518 1.041905 1.042609
1.503550e+08 1.017333 1.017774 1.023190 1.022985 1.036995 1.035055 1.032607 1.031665 1.036797 1.034524 1.041656 1.042418
1.504350e+08 1.017300 1.017772 1.023351 1.023143 1.036881 1.035025 1.032575 1.031741 1.036742 1.034513 1.041389 1.042208
1.505150e+08 1.017252 1.017755 1.023495 1.023284 1.036746 1.034976 1.032523 1.031798 1.036669 1.034484 1.041102 1.041977
1.505950e+08 1.017190 1.017723 1.023621 1.023409 1.036591 1.034908 1.032452 1.031836 1.036578 1.034438 1.040798 1.041727
1.506750e+08 1.017114 1.017677 1.023730 1.023517 1.036416 1.034823 1.032362 1.031854 1.036469 1.034375 1.040475 1.041457
1.507550e+08 1.017024 1.017617 1.023822 1.023609 1.036221 1.034719 1.032253 1.031853 1.036342 1.034294 1.040135 1.041167
1.508350e+08 1.016920 1.017542 1.023897 1.023685 1.036007 1.034598 1.032125 1.031834 1.036199 1.034197 1.039778 1.040859
1.509150e+08 1.016802 1.017454 1.023956 1.023746 1.035775 1.034459 1.031980 1.031796 1.036038 1.034084 1.039403 1.040532
1.509950e+08 1.016672 1.017352 1.023999 1.023791 1.035524 1.034304 1.031817 1.031740 1.035861 1.033954 1.039012 1.040187
1.510750e+08 1.016528 1.017237 1.024026 1.023822 1.035255 1.034132 1.031637 1.031666 1.035668 1.033808 1.038604 1.039824
1.511550e+08 1.016372 1.017109 1.024037 1.023838 1.034969 1.033943 1.031440 1.031574 1.035459 1.033647 1.038181 1.039442
1.512350e+08 1.016204 1.016968 1.024033 1.023839 1.034667 1.033739 1.031227 1.031466 1.035234 1.033470 1.037742 1.039044
1.513150e+08 1.016024 1.016815 1.024015 1.023827 1.034348 1.033519 1.030999 1.031340 1.034994 1.033278 1.037287 1.038628
1.513950e+08 1.015833 1.016649 1.023982 1.023801 1.034013 1.033284 1.030755 1.031199 1.034740 1.033072 1.036819 1.038196
1.514750e+08 1.015630 1.016472 1.023935 1.023762 1.033663 1.033035 1.030496 1.031042 1.034471 1.032851 1.036335 1.037748
1.515550e+08 1.015417 1.016283 1.023874 1.023710 1.033299 1.032771 1.030224 1.030869 1.034188 1.032617 1.035839 1.037283
1.516350e+08 1.015193 1.016083 1.023801 1.023646 1.032920 1.032494 1.029937 1.030681 1.033892 1.032369 1.035328 1.036804
1.517150e+08 1.014960 1.015873 1.023715 1.023571 1.032528 1.032203 1.029638 1.030479 1.033583 1.032109 1.034806 1.036309
1.517950e+08 1.014717 1.015652 1.023616 1.023484 1.032123 1.031900 1.029326 1.030263 1.033262 1.031835 1.034270 1.035801
1.518750e+08 1.014465 1.015421 1.023506 1.023386 1.031706 1.031584 1.029003 1.030034 1.032929 1.031550 1.033723 1.035278
1.519550e+08 1.014205 1.015181 1.023385 1.023277 1.031277 1.031257 1.028668 1.029791 1.032584 1.031253 1.033165 1.034742
1.520350e+08 1.013936 1.014932 1.023253 1.023159 1.030838 1.030919 1.028323 1.029537 1.032228 1.030945 1.032596 1.034193
1.521150e+08 1.013660 1.014675 1.023111 1.023031 1.030388 1.030570 1.027967 1.029270 1.031862 1.030626 1.032017 1.033632
1.521950e+08 1.013377 1.014409 1.022959 1.022895 1.029928 1.030211 1.027603 1.028992 1.031486 1.030297 1.031428 1.033059
1.522750e+08 1.013087 1.014136 1.022798 1.022750 1.029459 1.029842 1.027229 1.028704 1.031101 1.029958 1.030830 1.032475
1.523550e+08 1.012792 1.013856 1.022628 1.022597 1.028982 1.029464 1.026848 1.028405 1.030706 1.029610 1.030223 1.031880
1.524350e+08 1.012490 1.013569 1.022450 1.022436 1.028498 1.029078 1.026459 1.028097 1.030304 1.029253 1.029609 1.031276
1.525150e+08 1.012184 1.013276 1.022265 1.022269 1.028006 1.028684 1.026063 1.027780 1.029893 1.028888 1.028987 1.030661
1.525950e+08 1.011874 1.012978 1.022072 1.022095 1.027509 1.028283 1.025662 1.027455 1.029476 1.028515 1.028358 1.030038
1.526750e+08 1.011559 1.012674 1.021873 1.021916 1.027006 1.027875 1.025254 1.027121 1.029052 1.028135 1.027723 1.029407
1.527550e+08 1.011241 1.012366 1.021669 1.021731 1.026497 1.027461 1.024843 1.026781 1.028622 1.027749 1.027083 1.028768
1.528350e+08 1.010921 1.012054 1.021459 1.021541 1.025985 1.027042 1.024427 1.026434 1.028186 1.027357 1.026437 1.028121
1.529150e+08 1.010598 1.011738 1.021244 1.021347 1.025469 1.026617 1.024007 1.026082 1.027745 1.026959 1.025787 1.027469
1.529950e+08 1.010273 1.011420 1.021025 1.021150 1.024951 1.026189 1.023585 1.025724 1.027300 1.026556 1.025133 1.026810
1.530750e+08 1.009947 1.011099 1.020802 1.020949 1.024430 1.025756 1.023161 1.025361 1.026851 1.026148 1.024475 1.026146
1.531550e+08 1.009621 1.010776 1.020576 1.020746 1.023908 1.025320 1.022735 1.024995 1.026399 1.025737 1.023815 1.025478
1.532350e+08 1.009294 1.010452 1.020348 1.020541 1.023385 1.024882 1.022308 1.024625 1.025944 1.025323 1.023152 1.024806
1.533150e+08 1.008968 1.010127 1.020118 1.020334 1.022862 1.024442 1.021881 1.024252 1.025487 1.024905 1.022488 1.024130
1.533950e+08 1.008644 1.009801 1.019886 1.020126 1.022340 1.024000 1.021455 1.023877 1.025028 1.024485 1.021823 1.023451
1.534750e+08 1.008320 1.009476 1.019654 1.019918 1.021819 1.023558 1.021030 1.023500 1.024569 1.024064 1.021157 1.022770
1.535550e+08 1.007999 1.009152 1.019421 1.019709 1.021299 1.023115 1.020607 1.023123 1.024109 1.023641 1.020492 1.022087
1.536350e+08 1.007681 1.008829 1.019188 1.019501 1.020782 1.022672 1.020186 1.022745 1.023648 1.023218 1.019827 1.021404
1.537150e+08 1.007365 1.008508 1.018957 1.019294 1.020269 1.022230 1.019768 1.022367 1.023189 1.022794 1.019163 1.020720
1.537950e+08 1.007054 1.008189 1.018726 1.019089 1.019759 1.021790 1.019354 1.021991 1.022730 1.022371 1.018500 1.020036
1.538750e+08 1.006746 1.007874 1.018498 1.018885 1.019254 1.021352 1.018944 1.021615 1.022273 1.021949 1.017840 1.019353
1.539550e+08 1.006444 1.007561 1.018271 1.018684 1.018753 1.020915 1.018538 1.021242 1.021818 1.021528 1.017183 1.018671
1.540350e+08 1.006146 1.007253 1.018048 1.018486 1.018258 1.020482 1.018138 1.020871 1.021366 1.021108 1.016528 1.017991
1.541150e+08 1.005855 1.006949 1.017828 1.018291 1.017769 1.020053 1.017744 1.020503 1.020917 1.020691 1.015878 1.017313
1.541950e+08 1.005569 1.006650 1.017612 1.018101 1.017287 1.019627 1.017356 1.020139 1.020471 1.020277 1.015231 1.016639
1.542750e+08 1.005290 1.006356 1.017400 1.017914 1.016812 1.019205 1.016975 1.019779 1.020029 1.019866 1.014589 1.015967
1.543550e+08 1.005018 1.006068 1.017192 1.017732 1.016344 1.018789 1.016601 1.019424 1.019592 1.019458 1.013952 1.015300
1.544350e+08 1.004754 1.005786 1.016990 1.017555 1.015885 1.018377 1.016235 1.019074 1.019159 1.019055 1.013321 1.014637
1.545150e+08 1.004498 1.005512 1.016794 1.017383 1.015434 1.017972 1.015878 1.018729 1.018732 1.018656 1.012695 1.013979
1.545950e+08 1.004250 1.005244 1.016604 1.017218 1.014993 1.017572 1.015529 1.018391 1.018310 1.018262 1.012076 1.013326
1.546750e+08 1.004011 1.004984 1.016420 1.017058 1.014561 1.017180 1.015190 1.018059 1.017894 1.017873 1.011463 1.012679
1.547550e+08 1.003781 1.004731 1.016243 1.016905 1.014139 1.016794 1.014860 1.017734 1.017485 1.017490 1.010857 1.012039
1.548350e+08 1.003560 1.004488 1.016073 1.016759 1.013727 1.016415 1.014540 1.017417 1.017083 1.017113 1.010259 1.011405
1.549150e+08 1.003350 1.004253 1.015910 1.016620 1.013326 1.016044 1.014231 1.017107 1.016687 1.016742 1.009668 1.010778
1.549950e+08 1.003149 1.004027 1.015756 1.016489 1.012936 1.015681 1.013932 1.016806 1.016299 1.016378 1.009086 1.010158
1.550750e+08 1.002959 1.003810 1.015609 1.016365 1.012558 1.015326 1.013644 1.016513 1.015919 1.016020 1.008511 1.009547
1.551550e+08 1.002780 1.003603 1.015472 1.016249 1.012191 1.014979 1.013367 1.016229 1.015547 1.015670 1.007946 1.008943
1.552350e+08 1.002611 1.003407 1.015343 1.016141 1.011836 1.014642 1.013102 1.015955 1.015183 1.015328 1.007389 1.008348
1.553150e+08 1.002455 1.003220 1.015223 1.016042 1.011493 1.014314 1.012849 1.015689 1.014827 1.014993 1.006841 1.007762
1.553950e+08 1.002309 1.003045 1.015112 1.015952 1.011163 1.013994 1.012608 1.015434 1.014480 1.014666 1.006302 1.007184
1.554750e+08 1.002175 1.002880 1.015011 1.015870 1.010845 1.013685 1.012379 1.015189 1.014142 1.014348 1.005773 1.006616
1.555550e+08 1.002054 1.002727 1.014919 1.015798 1.010540 1.013385 1.012163 1.014954 1.013814 1.014037 1.005254 1.006058
1.556350e+08 1.001944 1.002584 1.014837 1.015734 1.010248 1.013095 1.011959 1.014729 1.013494 1.013736 1.004744 1.005509
1.557150e+08 1.001846 1.002454 1.014766 1.015680 1.009969 1.012815 1.011768 1.014515 1.013184 1.013442 1.004244 1.004970
1.557950e+08 1.001761 1.002335 1.014704 1.015635 1.009704 1.012545 1.011589 1.014312 1.012883 1.013158 1.003755 1.004442
1.558750e+08 1.001689 1.002228 1.014653 1.015600 1.009452 1.012285 1.011424 1.014120 1.012592 1.012883 1.003275 1.003923
1.559550e+08 1.001629 1.002133 1.014613 1.015574 1.009213 1.012035 1.011271 1.013940 1.012311 1.012617 1.002806 1.003415
1.560350e+08 1.001581 1.002050 1.014582 1.015558 1.008987 1.011796 1.011131 1.013770 1.012039 1.012360 1.002347 1.002918
1.561150e+08 1.001547 1.001980 1.014563 1.015551 1.008775 1.011567 1.011005 1.013612 1.011778 1.012112 1.001898 1.002431
1.561950e+08 1.001525 1.001922 1.014554 1.015554 1.008576 1.011349 1.010891 1.013465 1.011526 1.011873 1.001460 1.001955
1.562750e+08 1.001515 1.001876 1.014555 1.015567 1.008390 1.011141 1.010790 1.013330 1.011284 1.011643 1.001032 1.001489
1.563550e+08 1.001519 1.001843 1.014567 1.015589 1.008217 1.010943 1.010702 1.013206 1.011052 1.011423 1.000614 1.001034
1.564350e+08 1.001535 1.001822 1.014590 1.015620 1.008058 1.010756 1.010627 1.013093 1.010829 1.011211 1.000206 1.000590
1.565150e+08 1.001563 1.001814 1.014623 1.015661 1.007911 1.010578 1.010564 1.012992 1.010616 1.011009 0.999808 1.000156
1.565950e+08 1.001604 1.001818 1.014667 1.015711 1.007778 1.010411 1.010514 1.012901 1.010413 1.010816 0.999421 0.999733
1.566750e+08 1.001657 1.001835 1.014721 1.015771 1.007657 1.010254 1.010476 1.012823 1.010220 1.010632 0.999043 0.999320
1.567550e+08 1.001723 1.001864 1.014785 1.015839 1.007548 1.010107 1.010450 1.012755 1.010035 1.010456 0.998675 0.998918
1.568350e+08 1.001801 1.001905 1.014859 1.015916 1.007452 1.009969 1.010436 1.012698 1.009860 1.010289 0.998316 0.998526
1.569150e+08 1.001890 1.001958 1.014944 1.016002 1.007367 1.009840 1.010434 1.012652 1.009694 1.010131 0.997967 0.998144
1.569950e+08 1.001991 1.002023 1.015038 1.016097 1.007294 1.009721 1.010443 1.012617 1.009537 1.009981 0.997627 0.997772
1.570750e+08 1.002104 1.002100 1.015141 1.016200 1.007233 1.009612 1.010463 1.012592 1.009389 1.009839 0.997296 0.997410
1.571550e+08 1.002228 1.002189 1.015254 1.016310 1.007182 1.009510 1.010493 1.012577 1.009249 1.009705 0.996974 0.997058
1.572350e+08 1.002363 1.002289 1.015376 1.016429 1.007143 1.009418 1.010535 1.012572 1.009117 1.009578 0.996660 0.996714
1.573150e+08 1.002509 1.002400 1.015507 1.016555 1.007113 1.009333 1.010586 1.012577 1.008994 1.009459 0.996355 0.996380
1.573950e+08 1.002665 1.002523 1.015647 1.016689 1.007094 1.009257 1.010647 1.012591 1.008877 1.009348 0.996057 0.996055
1.574750e+08 1.002831 1.002656 1.015794 1.016829 1.007084 1.009188 1.010717 1.012614 1.008769 1.009243 0.995767 0.995738
1.575550e+08 1.003007 1.002800 1.015950 1.016976 1.007083 1.009126 1.010796 1.012646 1.008667 1.009144 0.995484 0.995429
1.576350e+08 1.003192 1.002953 1.016113 1.017129 1.007091 1.009072 1.010884 1.012686 1.008572 1.009052 0.995208 0.995128
1.577150e+08 1.003387 1.003117 1.016284 1.017288 1.007107 1.009023 1.010980 1.012735 1.008484 1.008966 0.994939 0.994835
1.577950e+08 1.003590 1.003291 1.016462 1.017453 1.007131 1.008981 1.011083 1.012791 1.008401 1.008886 0.994675 0.994549
1.578750e+08 1.003801 1.003474 1.016646 1.017623 1.007162 1.008945 1.011193 1.012855 1.008324 1.008810 0.994418 0.994270
1.579550e+08 1.004021 1.003666 1.016837 1.017798 1.007200 1.008914 1.011310 1.012925 1.008253 1.008740 0.994166 0.993997
1.580350e+08 1.004248 1.003866 1.017033 1.017977 1.007244 1.008888 1.011433 1.013002 1.008186 1.008674 0.993919 0.993730
1.581150e+08 1.004481 1.004074 1.017235 1.018160 1.007293 1.008867 1.011562 1.013084 1.008124 1.008612 0.993676 0.993469
1.581950e+08 1.004722 1.004291 1.017441 1.018347 1.007348 1.008849 1.011695 1.013173 1.008066 1.008553 0.993437 0.993213
1.582750e+08 1.004968 1.004514 1.017652 1.018537 1.007407 1.008835 1.011833 1.013266 1.008012 1.008498 0.993203 0.992961
1.583550e+08 1.005221 1.004745 1.017868 1.018730 1.007470 1.008825 1.011975 1.013364 1.007960 1.008446 0.992971 0.992714
1.584350e+08 1.005478 1.004982 1.018086 1.018925 1.007537 1.008816 1.012121 1.013466 1.007912 1.008396 0.992742 0.992471
1.585150e+08 1.005740 1.005225 1.018308 1.019121 1.007606 1.008810 1.012269 1.013571 1.007866 1.008347 0.992515 0.992230
1.585950e+08 1.006006 1.005474 1.018533 1.019319 1.007678 1.008806 1.012419 1.013680 1.007821 1.008301 0.992290 0.991993
1.586750e+08 1.006276 1.005728 1.018759 1.019518 1.007751 1.008802 1.012571 1.013791 1.007778 1.008255 0.992066 0.991758
1.587550e+08 1.006549 1.005986 1.018988 1.019717 1.007825 1.008799 1.012724 1.013904 1.007736 1.008209 0.991843 0.991525
1.588350e+08 1.006825 1.006249 1.019217 1.019916 1.007899 1.008796 1.012877 1.014019 1.007694 1.008164 0.991621 0.991293
1.589150e+08 1.007102 1.006515 1.019447 1.020114 1.007973 1.008793 1.013030 1.014134 1.007652 1.008118 0.991397 0.991061
1.589950e+08 1.007381 1.006784 1.019677 1.020311 1.008046 1.008788 1.013183 1.014250 1.007609 1.008071 0.991174 0.990830
1.590750e+08 1.007661 1.007057 1.019906 1.020507 1.008118 1.008782 1.013333 1.014365 1.007565 1.008022 0.990949 0.990599
1.591550e+08 1.007942 1.007331 1.020135 1.020700 1.008187 1.008774 1.013482 1.014480 1.007519 1.007972 0.990722 0.990366
1.592350e+08 1.008222 1.007607 1.020362 1.020891 1.008253 1.008764 1.013628 1.014594 1.007471 1.007919 0.990492 0.990133
1.593150e+08 1.008502 1.007883 1.020587 1.021078 1.008315 1.008750 1.013770 1.014705 1.007421 1.007863 0.990260 0.989897
1.593950e+08 1.008781 1.008161 1.020809 1.021262 1.008374 1.008732 1.013909 1.014814 1.007367 1.007804 0.990025 0.989659
1.594750e+08 1.009058 1.008438 1.021028 1.021442 1.008427 1.008710 1.014043 1.014920 1.007310 1.007740 0.989785 0.989418
1.595550e+08 1.009332 1.008715 1.021244 1.021617 1.008475 1.008684 1.014172 1.015022 1.007248 1.007672 0.989541 0.989173
1.596350e+08 1.009604 1.008991 1.021455 1.021787 1.008517 1.008652 1.014294 1.015120 1.007182 1.007599 0.989292 0.988925
1.597150e+08 1.009872 1.009265 1.021662 1.021951 1.008553 1.008614 1.014411 1.015213 1.007111 1.007521 0.989038 0.988671
1.597950e+08 1.010136 1.009537 1.021863 1.022109 1.008580 1.008570 1.014521 1.015300 1.007033 1.007437 0.988778 0.988413
1.598750e+08 1.010396 1.009806 1.022058 1.022260 1.008600 1.008519 1.014622 1.015382 1.006950 1.007346 0.988511 0.988149
1.599550e+08 1.010651 1.010073 1.022247 1.022405 1.008611 1.008461 1.014716 1.015457 1.006860 1.007248 0.988237 0.987878
1.600350e+08 1.010900 1.010335 1.022429 1.022541 1.008614 1.008394 1.014801 1.015525 1.006763 1.007143 0.987956 0.987601
1.601150e+08 1.011143 1.010593 1.022604 1.022670 1.008606 1.008320 1.014876 1.015586 1.006658 1.007030 0.987667 0.987317
1.601950e+08 1.011380 1.010846 1.022771 1.022790 1.008588 1.008236 1.014942 1.015638 1.006545 1.006908 0.987369 0.987025
1.602750e+08 1.011609 1.011094 1.022929 1.022901 1.008559 1.008143 1.014997 1.015682 1.006423 1.006778 0.987062 0.986725
1.603550e+08 1.011831 1.011336 1.023079 1.023003 1.008518 1.008040 1.015041 1.015716 1.006292 1.006638 0.986746 0.986416
1.604350e+08 1.012045 1.011572 1.023219 1.023095 1.008465 1.007927 1.015074 1.015741 1.006152 1.006489 0.986421 0.986097
1.605150e+08 1.012250 1.011800 1.023349 1.023176 1.008400 1.007804 1.015095 1.015755 1.006002 1.006330 0.986085 0.985769
1.605950e+08 1.012447 1.012022 1.023469 1.023247 1.008322 1.007669 1.015103 1.015759 1.005841 1.006160 0.985738 0.985432
1.606750e+08 1.012634 1.012236 1.023578 1.023307 1.008230 1.007522 1.015098 1.015751 1.005670 1.005980 0.985380 0.985083
1.607550e+08 1.012811 1.012441 1.023675 1.023355 1.008124 1.007364 1.015079 1.015732 1.005488 1.005788 0.985011 0.984724
1.608350e+08 1.012978 1.012637 1.023761 1.023392 1.008003 1.007193 1.015047 1.015701 1.005294 1.005585 0.984630 0.984353
1.609150e+08 1.013134 1.012825 1.023835 1.023416 1.007868 1.007009 1.015000 1.015657 1.005089 1.005369 0.984236 0.983970
1.609950e+08 1.013279 1.013003 1.023897 1.023428 1.007717 1.006812 1.014939 1.015600 1.004871 1.005141 0.983830 0.983576
1.610750e+08 1.013412 1.013170 1.023945 1.023427 1.007550 1.006602 1.014862 1.015530 1.004640 1.004901 0.983411 0.983168
1.611550e+08 1.013534 1.013327 1.023981 1.023413 1.007367 1.006378 1.014770 1.015446 1.004397 1.004648 0.982979 0.982748
1.612350e+08 1.013643 1.013474 1.024002 1.023385 1.007168 1.006140 1.014662 1.015348 1.004140 1.004381 0.982533 0.982315
1.613150e+08 1.013740 1.013609 1.024010 1.023344 1.006951 1.005888 1.014538 1.015236 1.003870 1.004101 0.982073 0.981868
1.613950e+08 1.013825 1.013732 1.024004 1.023289 1.006717 1.005621 1.014397 1.015108 1.003586 1.003807 0.981599 0.981408
1.614750e+08 1.013896 1.013843 1.023982 1.023219 1.006466 1.005339 1.014240 1.014966 1.003289 1.003499 0.981110 0.980933
1.615550e+08 1.013954 1.013942 1.023946 1.023135 1.006197 1.005042 1.014065 1.014808 1.002977 1.003176 0.980607 0.980445
1.616350e+08 1.013998 1.014029 1.023895 1.023037 1.005909 1.004730 1.013873 1.014634 1.002650 1.002840 0.980089 0.979941
1.617150e+08 1.014028 1.014102 1.023828 1.022924 1.005604 1.004402 1.013664 1.014445 1.002309 1.002488 0.979556 0.979423
1.617950e+08 1.014044 1.014162 1.023746 1.022795 1.005279 1.004059 1.013437 1.014239 1.001953 1.002122 0.979008 0.978890
1.618750e+08 1.014046 1.014209 1.023648 1.022652 1.004936 1.003699 1.013192 1.014017 1.001582 1.001741 0.978444 0.978342
1.619550e+08 1.014034 1.014242 1.023534 1.022493 1.004575 1.003324 1.012929 1.013778 1.001195 1.001345 0.977865 0.977778
1.620350e+08 1.014007 1.014261 1.023403 1.022319 1.004194 1.002933 1.012648 1.013523 1.000794 1.000933 0.977270 0.977199
1.621150e+08 1.013965 1.014266 1.023257 1.022129 1.003794 1.002526 1.012348 1.013251 1.000377 1.000507 0.976659 0.976605
1.621950e+08 1.013909 1.014256 1.023093 1.021924 1.003374 1.002102 1.012031 1.012961 0.999945 1.000065 0.976032 0.975994
1.622750e+08 1.013837 1.014232 1.022913 1.021703 1.002936 1.001662 1.011695 1.012655 0.999497 0.999607 0.975389 0.975369
1.623550e+08 1.013751 1.014193 1.022717 1.021467 1.002478 1.001206 1.011340 1.012331 0.999034 0.999135 0.974731 0.974727
1.624350e+08 1.013649 1.014139 1.022503 1.021215 1.002000 1.000734 1.010967 1.011990 0.998555 0.998646 0.974056 0.974070
1.625150e+08 1.013533 1.014070 1.022273 1.020948 1.001504 1.000245 1.010576 1.011632 0.998060 0.998143 0.973365 0.973397
1.625950e+08 1.013402 1.013986 1.022026 1.020665 1.000988 0.999741 1.010166 1.011257 0.997550 0.997624 0.972659 0.972708
1.626750e+08 1.013255 1.013888 1.021762 1.020366 1.000453 0.999220 1.009739 1.010864 0.997025 0.997089 0.971936 0.972004
1.627550e+08 1.013094 1.013773 1.021481 1.020053 0.999899 0.998684 1.009293 1.010454 0.996484 0.996540 0.971198 0.971284
1.628350e+08 1.012918 1.013644 1.021183 1.019724 0.999326 0.998131 1.008829 1.010028 0.995927 0.995975 0.970443 0.970548
1.629150e+08 1.012726 1.013500 1.020869 1.019380 0.998734 0.997563 1.008347 1.009584 0.995356 0.995395 0.969673 0.969798
1.629950e+08 1.012521 1.013340 1.020538 1.019020 0.998123 0.996979 1.007848 1.009123 0.994769 0.994801 0.968888 0.969032
1.630750e+08 1.012300 1.013165 1.020190 1.018646 0.997494 0.996380 1.007331 1.008645 0.994167 0.994192 0.968087 0.968250
1.631550e+08 1.012066 1.012975 1.019826 1.018258 0.996847 0.995766 1.006797 1.008151 0.993551 0.993568 0.967271 0.967454
1.632350e+08 1.011817 1.012770 1.019446 1.017855 0.996181 0.995137 1.006245 1.007640 0.992920 0.992930 0.966440 0.966644
1.633150e+08 1.011554 1.012550 1.019050 1.017437 0.995498 0.994493 1.005678 1.007114 0.992275 0.992278 0.965594 0.965818
1.633950e+08 1.011277 1.012316 1.018638 1.017006 0.994798 0.993835 1.005093 1.006571 0.991615 0.991612 0.964734 0.964979
1.634750e+08 1.010986 1.012066 1.018210 1.016561 0.994081 0.993163 1.004493 1.006012 0.990942 0.990932 0.963859 0.964126
1.635550e+08 1.010683 1.011802 1.017767 1.016103 0.993346 0.992477 1.003877 1.005438 0.990254 0.990239 0.962970 0.963259
1.636350e+08 1.010366 1.011524 1.017308 1.015631 0.992596 0.991777 1.003246 1.004849 0.989554 0.989534 0.962067 0.962378
1.637150e+08 1.010036 1.011232 1.016835 1.015147 0.991829 0.991065 1.002599 1.004245 0.988841 0.988815 0.961151 0.961485
1.637950e+08 1.009694 1.010926 1.016347 1.014650 0.991047 0.990339 1.001939 1.003627 0.988115 0.988084 0.960222 0.960579
1.638750e+08 1.009340 1.010606 1.015845 1.014142 0.990250 0.989602 1.001264 1.002994 0.987376 0.987341 0.959280 0.959661
1.639550e+08 1.008974 1.010272 1.015329 1.013621 0.989439 0.988852 1.000575 1.002348 0.986626 0.986586 0.958326 0.958730
1.640350e+08 1.008596 1.009926 1.014799 1.013090 0.988613 0.988091 0.999873 1.001689 0.985864 0.985821 0.957359 0.957788
1.641150e+08 1.008208 1.009566 1.014256 1.012547 0.987773 0.987320 0.999158 1.001016 0.985090 0.985044 0.956381 0.956836
1.641950e+08 1.007809 1.009194 1.013701 1.011994 0.986921 0.986537 0.998432 1.000331 0.984306 0.984257 0.955392 0.955872
1.642750e+08 1.007399 1.008810 1.013133 1.011431 0.986055 0.985745 0.997693 0.999635 0.983512 0.983459 0.954392 0.954899
1.643550e+08 1.006980 1.008414 1.012553 1.010858 0.985178 0.984942 0.996944 0.998926 0.982707 0.982653 0.953382 0.953915
1.644350e+08 1.006551 1.008007 1.011961 1.010277 0.984289 0.984131 0.996184 0.998207 0.981893 0.981837 0.952362 0.952923
1.645150e+08 1.006113 1.007588 1.011358 1.009686 0.983390 0.983312 0.995414 0.997477 0.981071 0.981012 0.951332 0.951921
1.645950e+08 1.005667 1.007159 1.010745 1.009088 0.982480 0.982484 0.994634 0.996737 0.980239 0.980179 0.950294 0.950912
1.646750e+08 1.005213 1.006719 1.010122 1.008482 0.981561 0.981649 0.993846 0.995988 0.979400 0.979339 0.949247 0.949895
1.647550e+08 1.004751 1.006269 1.009489 1.007869 0.980632 0.980807 0.993050 0.995230 0.978553 0.978491 0.948192 0.948870
1.648350e+08 1.004283 1.005810 1.008847 1.007249 0.979695 0.979958 0.992246 0.994463 0.977699 0.977637 0.947130 0.947840
1.649150e+08 1.003807 1.005342 1.008197 1.006624 0.978751 0.979104 0.991435 0.993689 0.976839 0.976776 0.946060 0.946803
1.649950e+08 1.003326 1.004865 1.007539 1.005993 0.977800 0.978245 0.990618 0.992908 0.975973 0.975910 0.944985 0.945760
1.650750e+08 1.002839 1.004380 1.006873 1.005357 0.976842 0.977381 0.989796 0.992120 0.975102 0.975039 0.943904 0.944713
1.651550e+08 1.002347 1.003887 1.006200 1.004717 0.975879 0.976514 0.988968 0.991327 0.974225 0.974163 0.942818 0.943662
1.652350e+08 1.001851 1.003387 1.005521 1.004073 0.974911 0.975643 0.988137 0.990528 0.973345 0.973284 0.941727 0.942607
1.653150e+08 1.001351 1.002880 1.004837 1.003426 0.973939 0.974770 0.987302 0.989724 0.972461 0.972400 0.940632 0.941549
1.653950e+08 1.000847 1.002368 1.004147 1.002776 0.972963 0.973894 0.986464 0.988917 0.971574 0.971514 0.939534 0.940489
1.654750e+08 1.000341 1.001849 1.003453 1.002124 0.971985 0.973017 0.985624 0.988106 0.970684 0.970626 0.938432 0.939426
1.655550e+08 0.999832 1.001326 1.002755 1.001472 0.971005 0.972139 0.984783 0.987293 0.969793 0.969736 0.937329 0.938363
1.656350e+08 0.999322 1.000798 1.002053 1.000818 0.970024 0.971262 0.983941 0.986478 0.968900 0.968845 0.936224 0.937299
1.657150e+08 0.998810 1.000265 1.001349 1.000164 0.969042 0.970385 0.983100 0.985661 0.968007 0.967953 0.935118 0.936235
1.657950e+08 0.998298 0.999729 1.000643 0.999511 0.968061 0.969509 0.982259 0.984844 0.967114 0.967061 0.934011 0.935172
1.658750e+08 0.997785 0.999191 0.999936 0.998859 0.967080 0.968635 0.981419 0.984026 0.966221 0.966169 0.932904 0.934111
1.659550e+08 0.997273 0.998649 0.999228 0.998208 0.966102 0.967763 0.980582 0.983210 0.965329 0.965279 0.931799 0.933051
1.660350e+08 0.996762 0.998106 0.998520 0.997560 0.965126 0.966895 0.979748 0.982395 0.964440 0.964391 0.930694 0.931994
1.661150e+08 0.996253 0.997561 0.997813 0.996915 0.964154 0.966031 0.978917 0.981582 0.963552 0.963504 0.929592 0.930940
1.661950e+08 0.995746 0.997016 0.997106 0.996273 0.963185 0.965171 0.978091 0.980772 0.962668 0.962621 0.928492 0.929891
1.662750e+08 0.995241 0.996470 0.996402 0.995636 0.962222 0.964316 0.977270 0.979965 0.961787 0.961741 0.927396 0.928846
1.663550e+08 0.994739 0.995924 0.995700 0.995003 0.961264 0.963467 0.976455 0.979162 0.960911 0.960865 0.926303 0.927806
1.664350e+08 0.994241 0.995379 0.995001 0.994376 0.960313 0.962625 0.975646 0.978364 0.960040 0.959993 0.925215 0.926772
1.665150e+08 0.993748 0.994835 0.994306 0.993755 0.959369 0.961790 0.974845 0.977572 0.959174 0.959127 0.924132 0.925744
1.665950e+08 0.993259 0.994294 0.993615 0.993140 0.958432 0.960962 0.974051 0.976786 0.958314 0.958266 0.923055 0.924724
1.666750e+08 0.992775 0.993754 0.992930 0.992532 0.957504 0.960143 0.973266 0.976006 0.957460 0.957411 0.921983 0.923711
1.667550e+08 0.992297 0.993218 0.992250 0.991932 0.956586 0.959333 0.972490 0.975235 0.956614 0.956563 0.920919 0.922706
1.668350e+08 0.991824 0.992685 0.991576 0.991341 0.955678 0.958532 0.971725 0.974471 0.955776 0.955722 0.919862 0.921711
1.669150e+08 0.991359 0.992155 0.990909 0.990758 0.954780 0.957742 0.970969 0.973716 0.954946 0.954888 0.918813 0.920725
1.669950e+08 0.990900 0.991631 0.990250 0.990184 0.953894 0.956962 0.970226 0.972970 0.954125 0.954063 0.917772 0.919749
1.670750e+08 0.990449 0.991111 0.989599 0.989621 0.953020 0.956194 0.969493 0.972235 0.953314 0.953247 0.916740 0.918783
1.671550e+08 0.990006 0.990596 0.988956 0.989068 0.952159 0.955437 0.968774 0.971510 0.952512 0.952440 0.915719 0.917829
1.672350e+08 0.989571 0.990088 0.988323 0.988527 0.951312 0.954694 0.968067 0.970796 0.951722 0.951642 0.914707 0.916886
1.673150e+08 0.989145 0.989586 0.987700 0.987996 0.950478 0.953963 0.967375 0.970094 0.950942 0.950854 0.913706 0.915956
1.673950e+08 0.988728 0.989090 0.987087 0.987478 0.949660 0.953246 0.966696 0.969405 0.950174 0.950077 0.912716 0.915039
1.674750e+08 0.988321 0.988602 0.986486 0.986973 0.948857 0.952543 0.966033 0.968729 0.949418 0.949311 0.911738 0.914135
1.675550e+08 0.987923 0.988121 0.985896 0.986480 0.948070 0.951854 0.965384 0.968066 0.948675 0.948556 0.910772 0.913245
1.676350e+08 0.987535 0.987649 0.985318 0.986001 0.947299 0.951181 0.964752 0.967417 0.947945 0.947813 0.909819 0.912369
1.677150e+08 0.987158 0.987185 0.984752 0.985536 0.946546 0.950524 0.964136 0.966783 0.947229 0.947082 0.908879 0.911507
1.677950e+08 0.986791 0.986730 0.984200 0.985085 0.945811 0.949882 0.963537 0.966164 0.946527 0.946364 0.907952 0.910661
1.678750e+08 0.986436 0.986284 0.983661 0.984649 0.945094 0.949257 0.962956 0.965561 0.945839 0.945658 0.907040 0.909831
1.679550e+08 0.986092 0.985848 0.983136 0.984229 0.944395 0.948649 0.962392 0.964973 0.945166 0.944966 0.906142 0.909017
1.680350e+08 0.985759 0.985421 0.982626 0.983824 0.943716 0.948058 0.961847 0.964403 0.944508 0.944287 0.905259 0.908219
1.681150e+08 0.985438 0.985005 0.982131 0.983435 0.943057 0.947485 0.961320 0.963849 0.943866 0.943622 0.904391 0.907438
1.681950e+08 0.985129 0.984600 0.981652 0.983062 0.942419 0.946931 0.960812 0.963312 0.943241 0.942971 0.903539 0.906674
1.682750e+08 0.984832 0.984206 0.981188 0.982706 0.941801 0.946395 0.960325 0.962794 0.942631 0.942334 0.902702 0.905928
1.683550e+08 0.984547 0.983822 0.980741 0.982367 0.941204 0.945877 0.959856 0.962294 0.942039 0.941712 0.901883 0.905200
1.684350e+08 0.984275 0.983450 0.980310 0.982045 0.940629 0.945379 0.959409 0.961812 0.941464 0.941105 0.901080 0.904490
1.685150e+08 0.984015 0.983090 0.979896 0.981741 0.940076 0.944901 0.958981 0.961349 0.940906 0.940513 0.900293 0.903798
1.685950e+08 0.983768 0.982742 0.979500 0.981455 0.939545 0.944442 0.958575 0.960906 0.940366 0.939936 0.899525 0.903126
1.686750e+08 0.983533 0.982406 0.979121 0.981187 0.939037 0.944003 0.958189 0.960482 0.939844 0.939374 0.898773 0.902472
1.687550e+08 0.983311 0.982082 0.978760 0.980938 0.938552 0.943585 0.957825 0.960078 0.939340 0.938829 0.898040 0.901838
1.688350e+08 0.983102 0.981770 0.978418 0.980707 0.938090 0.943187 0.957483 0.959694 0.938855 0.938298 0.897325 0.901223
1.689150e+08 0.982906 0.981471 0.978094 0.980494 0.937653 0.942810 0.957162 0.959330 0.938388 0.937784 0.896628 0.900628
1.689950e+08 0.982722 0.981185 0.977789 0.980301 0.937238 0.942455 0.956864 0.958987 0.937941 0.937286 0.895949 0.900053
1.690750e+08 0.982552 0.980911 0.977503 0.980127 0.936848 0.942120 0.956587 0.958665 0.937513 0.936803 0.895290 0.899498
1.691550e+08 0.982393 0.980651 0.977237 0.979972 0.936483 0.941806 0.956333 0.958364 0.937104 0.936337 0.894649 0.898963
1.692350e+08 0.982248 0.980403 0.976990 0.979837 0.936142 0.941514 0.956101 0.958084 0.936714 0.935887 0.894027 0.898449
1.693150e+08 0.982115 0.980168 0.976762 0.979721 0.935825 0.941244 0.955892 0.957825 0.936344 0.935453 0.893424 0.897955
1.693950e+08 0.981994 0.979946 0.976554 0.979624 0.935534 0.940995 0.955705 0.957588 0.935994 0.935036 0.892841 0.897482
1.694750e+08 0.981885 0.979738 0.976367 0.979548 0.935267 0.940768 0.955541 0.957372 0.935664 0.934634 0.892277 0.897029
1.695550e+08 0.981789 0.979542 0.976199 0.979491 0.935026 0.940563 0.955399 0.957178 0.935354 0.934249 0.891732 0.896596
1.696350e+08 0.981704 0.979359 0.976052 0.979454 0.934809 0.940380 0.955280 0.957006 0.935063 0.933880 0.891207 0.896185
