1.389950e+08 0.992006 0.991711 0.948612 0.946800 0.985377 0.982449 0.970262 0.963885 0.980424 0.981203 1.014625 1.014241
1.390750e+08 0.991970 0.991693 0.949083 0.947308 0.985574 0.982778 0.970535 0.964292 0.980739 0.981576 1.014703 1.014349
1.391550e+08 0.991925 0.991666 0.949540 0.947803 0.985759 0.983093 0.970797 0.964687 0.981044 0.981937 1.014770 1.014446
1.392350e+08 0.991871 0.991628 0.949984 0.948287 0.985931 0.983396 0.971049 0.965070 0.981341 0.982287 1.014829 1.014534
1.393150e+08 0.991809 0.991582 0.950416 0.948759 0.986091 0.983686 0.971291 0.965441 0.981630 0.982625 1.014879 1.014612
1.393950e+08 0.991740 0.991526 0.950836 0.949220 0.986240 0.983964 0.971525 0.965800 0.981912 0.982952 1.014920 1.014681
1.394750e+08 0.991663 0.991462 0.951245 0.949671 0.986379 0.984230 0.971750 0.966149 0.982186 0.983269 1.014954 1.014742
1.395550e+08 0.991579 0.991390 0.951642 0.950111 0.986507 0.984485 0.971967 0.966487 0.982454 0.983576 1.014981 1.014795
1.396350e+08 0.991489 0.991310 0.952029 0.950542 0.986626 0.984729 0.972177 0.966815 0.982715 0.983874 1.015001 1.014841
1.397150e+08 0.991393 0.991224 0.952406 0.950963 0.986737 0.984963 0.972381 0.967135 0.982971 0.984162 1.015015 1.014879
1.397950e+08 0.991292 0.991131 0.952773 0.951376 0.986839 0.985188 0.972579 0.967445 0.983222 0.984441 1.015023 1.014911
1.398750e+08 0.991186 0.991032 0.953131 0.951780 0.986935 0.985403 0.972771 0.967747 0.983468 0.984713 1.015027 1.014938
1.399550e+08 0.991076 0.990927 0.953481 0.952176 0.987023 0.985610 0.972958 0.968041 0.983709 0.984976 1.015025 1.014958
1.400350e+08 0.990963 0.990818 0.953822 0.952565 0.987106 0.985809 0.973142 0.968328 0.983947 0.985233 1.015020 1.014974
1.401150e+08 0.990846 0.990705 0.954157 0.952947 0.987183 0.986001 0.973321 0.968609 0.984182 0.985482 1.015011 1.014985
1.401950e+08 0.990726 0.990588 0.954484 0.953323 0.987256 0.986185 0.973498 0.968883 0.984414 0.985726 1.015000 1.014992
1.402750e+08 0.990605 0.990467 0.954805 0.953693 0.987325 0.986364 0.973673 0.969152 0.984643 0.985963 1.014986 1.014996
1.403550e+08 0.990482 0.990344 0.955121 0.954058 0.987391 0.986536 0.973846 0.969417 0.984870 0.986195 1.014970 1.014997
1.404350e+08 0.990358 0.990219 0.955431 0.954418 0.987455 0.986704 0.974018 0.969676 0.985097 0.986423 1.014953 1.014996
1.405150e+08 0.990233 0.990092 0.955737 0.954774 0.987517 0.986867 0.974189 0.969932 0.985322 0.986646 1.014935 1.014992
1.405950e+08 0.990109 0.989965 0.956039 0.955126 0.987577 0.987026 0.974360 0.970185 0.985546 0.986865 1.014917 1.014987
1.406750e+08 0.989985 0.989837 0.956338 0.955475 0.987638 0.987181 0.974533 0.970435 0.985771 0.987081 1.014899 1.014981
1.407550e+08 0.989862 0.989709 0.956634 0.955821 0.987698 0.987334 0.974706 0.970683 0.985996 0.987294 1.014882 1.014975
1.408350e+08 0.989742 0.989581 0.956928 0.956166 0.987760 0.987485 0.974882 0.970930 0.986222 0.987505 1.014866 1.014969
1.409150e+08 0.989623 0.989455 0.957220 0.956508 0.987824 0.987634 0.975060 0.971176 0.986449 0.987715 1.014853 1.014963
1.409950e+08 0.989507 0.989331 0.957511 0.956850 0.987890 0.987782 0.975241 0.971421 0.986679 0.987922 1.014841 1.014959
1.410750e+08 0.989394 0.989209 0.957802 0.957192 0.987958 0.987929 0.975426 0.971667 0.986910 0.988130 1.014833 1.014955
1.411550e+08 0.989285 0.989090 0.958093 0.957533 0.988031 0.988077 0.975615 0.971913 0.987144 0.988336 1.014827 1.014954
1.412350e+08 0.989181 0.988974 0.958385 0.957875 0.988108 0.988225 0.975808 0.972161 0.987381 0.988543 1.014826 1.014956
1.413150e+08 0.989081 0.988862 0.958678 0.958218 0.988190 0.988374 0.976007 0.972411 0.987621 0.988751 1.014828 1.014960
1.413950e+08 0.988986 0.988754 0.958973 0.958562 0.988277 0.988526 0.976212 0.972663 0.987865 0.988960 1.014836 1.014967
1.414750e+08 0.988898 0.988652 0.959270 0.958909 0.988371 0.988679 0.976423 0.972918 0.988114 0.989171 1.014848 1.014978
1.415550e+08 0.988815 0.988555 0.959570 0.959258 0.988472 0.988836 0.976641 0.973176 0.988367 0.989383 1.014866 1.014994
1.416350e+08 0.988739 0.988464 0.959874 0.959610 0.988579 0.988996 0.976867 0.973439 0.988625 0.989598 1.014890 1.015014
1.417150e+08 0.988670 0.988379 0.960182 0.959966 0.988695 0.989159 0.977100 0.973706 0.988888 0.989816 1.014920 1.015039
1.417950e+08 0.988609 0.988301 0.960494 0.960326 0.988819 0.989328 0.977341 0.973978 0.989157 0.990038 1.014957 1.015069
1.418750e+08 0.988555 0.988231 0.960812 0.960690 0.988952 0.989501 0.977590 0.974255 0.989432 0.990263 1.015001 1.015105
1.419550e+08 0.988510 0.988168 0.961135 0.961059 0.989095 0.989679 0.977849 0.974538 0.989713 0.990493 1.015053 1.015147
1.420350e+08 0.988474 0.988113 0.961464 0.961434 0.989247 0.989864 0.978117 0.974828 0.990001 0.990727 1.015112 1.015195
1.421150e+08 0.988446 0.988067 0.961800 0.961814 0.989410 0.990055 0.978395 0.975124 0.990295 0.990966 1.015179 1.015251
1.421950e+08 0.988429 0.988030 0.962142 0.962200 0.989584 0.990252 0.978683 0.975427 0.990597 0.991210 1.015254 1.015313
1.422750e+08 0.988420 0.988003 0.962492 0.962593 0.989769 0.990457 0.978981 0.975738 0.990905 0.991460 1.015338 1.015382
1.423550e+08 0.988422 0.987985 0.962849 0.962992 0.989965 0.990669 0.979291 0.976057 0.991222 0.991717 1.015431 1.015460
1.424350e+08 0.988435 0.987977 0.963215 0.963399 0.990174 0.990889 0.979611 0.976384 0.991546 0.991979 1.015533 1.015545
1.425150e+08 0.988458 0.987979 0.963589 0.963813 0.990394 0.991118 0.979942 0.976720 0.991878 0.992248 1.015645 1.015638
1.425950e+08 0.988492 0.987993 0.963973 0.964235 0.990628 0.991355 0.980285 0.977065 0.992218 0.992525 1.015766 1.015740
1.426750e+08 0.988537 0.988017 0.964365 0.964665 0.990874 0.991601 0.980640 0.977419 0.992566 0.992808 1.015896 1.015850
1.427550e+08 0.988594 0.988053 0.964767 0.965104 0.991134 0.991856 0.981007 0.977783 0.992923 0.993099 1.016037 1.015969
1.428350e+08 0.988662 0.988100 0.965179 0.965551 0.991407 0.992121 0.981385 0.978156 0.993289 0.993398 1.016187 1.016097
1.429150e+08 0.988742 0.988159 0.965601 0.966007 0.991694 0.992396 0.981776 0.978539 0.993663 0.993704 1.016348 1.016234
1.429950e+08 0.988834 0.988230 0.966033 0.966472 0.991994 0.992680 0.982180 0.978933 0.994046 0.994019 1.016519 1.016380
1.430750e+08 0.988938 0.988313 0.966476 0.966947 0.992309 0.992975 0.982595 0.979337 0.994437 0.994342 1.016700 1.016536
1.431550e+08 0.989054 0.988408 0.966930 0.967431 0.992638 0.993281 0.983024 0.979752 0.994838 0.994674 1.016892 1.016701
1.432350e+08 0.989183 0.988516 0.967395 0.967925 0.992981 0.993597 0.983465 0.980177 0.995247 0.995014 1.017094 1.016876
1.433150e+08 0.989324 0.988637 0.967871 0.968428 0.993338 0.993924 0.983918 0.980614 0.995665 0.995363 1.017306 1.017060
1.433950e+08 0.989477 0.988770 0.968358 0.968942 0.993710 0.994262 0.984385 0.981061 0.996092 0.995721 1.017529 1.017254
1.434750e+08 0.989643 0.988916 0.968857 0.969465 0.994096 0.994610 0.984863 0.981520 0.996528 0.996088 1.017762 1.017458
1.435550e+08 0.989822 0.989076 0.969368 0.969999 0.994496 0.994970 0.985355 0.981990 0.996973 0.996463 1.018005 1.017671
1.436350e+08 0.990013 0.989248 0.969889 0.970542 0.994911 0.995341 0.985858 0.982471 0.997427 0.996848 1.018259 1.017894
1.437150e+08 0.990217 0.989432 0.970423 0.971096 0.995340 0.995723 0.986375 0.982963 0.997889 0.997242 1.018523 1.018127
1.437950e+08 0.990433 0.989630 0.970968 0.971660 0.995783 0.996116 0.986903 0.983466 0.998360 0.997645 1.018797 1.018369
1.438750e+08 0.990661 0.989841 0.971525 0.972234 0.996240 0.996521 0.987443 0.983981 0.998839 0.998057 1.019081 1.018620
1.439550e+08 0.990902 0.990065 0.972094 0.972817 0.996711 0.996936 0.987996 0.984507 0.999327 0.998478 1.019374 1.018881
1.440350e+08 0.991155 0.990301 0.972674 0.973411 0.997196 0.997363 0.988560 0.985044 0.999823 0.998908 1.019677 1.019152
1.441150e+08 0.991419 0.990550 0.973266 0.974015 0.997694 0.997800 0.989135 0.985591 1.000327 0.999347 1.019990 1.019431
1.441950e+08 0.991696 0.990812 0.973869 0.974629 0.998205 0.998248 0.989722 0.986150 1.000838 0.999794 1.020312 1.019720
1.442750e+08 0.991985 0.991086 0.974483 0.975252 0.998729 0.998707 0.990320 0.986719 1.001358 1.000250 1.020642 1.020017
1.443550e+08 0.992285 0.991373 0.975109 0.975885 0.999267 0.999176 0.990928 0.987299 1.001884 1.000715 1.020981 1.020323
1.444350e+08 0.992596 0.991672 0.975746 0.976527 0.999816 0.999656 0.991547 0.987890 1.002418 1.001188 1.021329 1.020637
1.445150e+08 0.992918 0.991982 0.976393 0.977179 1.000377 1.000146 0.992176 0.988490 1.002959 1.001669 1.021685 1.020959
1.445950e+08 0.993252 0.992304 0.977051 0.977839 1.000951 1.000645 0.992815 0.989100 1.003506 1.002158 1.022049 1.021290
1.446750e+08 0.993595 0.992638 0.977719 0.978508 1.001535 1.001154 0.993463 0.989720 1.004060 1.002654 1.022420 1.021628
1.447550e+08 0.993949 0.992983 0.978397 0.979185 1.002130 1.001673 0.994119 0.990349 1.004620 1.003159 1.022798 1.021973
1.448350e+08 0.994313 0.993339 0.979085 0.979871 1.002736 1.002200 0.994785 0.990987 1.005186 1.003670 1.023183 1.022326
1.449150e+08 0.994687 0.993705 0.979783 0.980564 1.003352 1.002737 0.995458 0.991634 1.005756 1.004188 1.023575 1.022685
1.449950e+08 0.995069 0.994082 0.980490 0.981265 1.003977 1.003281 0.996139 0.992290 1.006332 1.004713 1.023972 1.023051
1.450750e+08 0.995461 0.994469 0.981205 0.981973 1.004611 1.003834 0.996827 0.992953 1.006913 1.005245 1.024376 1.023423
1.451550e+08 0.995861 0.994865 0.981929 0.982688 1.005254 1.004394 0.997522 0.993624 1.007498 1.005782 1.024784 1.023801
1.452350e+08 0.996269 0.995271 0.982661 0.983410 1.005905 1.004961 0.998223 0.994303 1.008087 1.006325 1.025197 1.024184
1.453150e+08 0.996685 0.995686 0.983400 0.984137 1.006563 1.005535 0.998930 0.994988 1.008679 1.006873 1.025615 1.024572
1.453950e+08 0.997108 0.996109 0.984147 0.984870 1.007227 1.006116 0.999642 0.995680 1.009275 1.007426 1.026036 1.024965
1.454750e+08 0.997538 0.996540 0.984901 0.985609 1.007898 1.006702 1.000358 0.996377 1.009873 1.007984 1.026461 1.025362
1.455550e+08 0.997974 0.996978 0.985661 0.986352 1.008575 1.007294 1.001078 0.997080 1.010474 1.008546 1.026888 1.025763
1.456350e+08 0.998417 0.997424 0.986426 0.987100 1.009256 1.007891 1.001802 0.997789 1.011076 1.009111 1.027318 1.026167
1.457150e+08 0.998864 0.997876 0.987197 0.987852 1.009942 1.008492 1.002529 0.998501 1.011680 1.009680 1.027750 1.026574
1.457950e+08 0.999317 0.998335 0.987973 0.988607 1.010632 1.009098 1.003258 0.999218 1.012285 1.010252 1.028184 1.026984
1.458750e+08 0.999774 0.998799 0.988753 0.989365 1.011324 1.009706 1.003989 0.999939 1.012890 1.010826 1.028618 1.027396
1.459550e+08 1.000236 0.999269 0.989537 0.990126 1.012019 1.010318 1.004720 1.000662 1.013495 1.011402 1.029053 1.027809
1.460350e+08 1.000700 0.999743 0.990324 0.990889 1.012716 1.010932 1.005452 1.001388 1.014100 1.011980 1.029487 1.028223
1.461150e+08 1.001168 1.000222 0.991114 0.991653 1.013413 1.011547 1.006185 1.002115 1.014704 1.012558 1.029921 1.028638
1.461950e+08 1.001638 1.000704 0.991906 0.992418 1.014111 1.012164 1.006916 1.002845 1.015307 1.013138 1.030353 1.029053
1.462750e+08 1.002110 1.001190 0.992700 0.993184 1.014808 1.012782 1.007646 1.003575 1.015907 1.013717 1.030784 1.029467
1.463550e+08 1.002583 1.001678 0.993494 0.993949 1.015504 1.013399 1.008373 1.004305 1.016506 1.014295 1.031213 1.029881
1.464350e+08 1.003057 1.002168 0.994289 0.994714 1.016198 1.014016 1.009098 1.005035 1.017101 1.014873 1.031638 1.030293
1.465150e+08 1.003531 1.002660 0.995084 0.995478 1.016889 1.014632 1.009820 1.005763 1.017693 1.015450 1.032061 1.030703
1.465950e+08 1.004005 1.003152 0.995877 0.996239 1.017578 1.015246 1.010538 1.006491 1.018281 1.016024 1.032479 1.031111
1.466750e+08 1.004478 1.003645 0.996670 0.996999 1.018262 1.015858 1.011251 1.007216 1.018865 1.016596 1.032893 1.031516
1.467550e+08 1.004950 1.004138 0.997460 0.997756 1.018941 1.016467 1.011959 1.007939 1.019444 1.017164 1.033301 1.031917
1.468350e+08 1.005420 1.004630 0.998248 0.998509 1.019615 1.017073 1.012661 1.008658 1.020018 1.017730 1.033704 1.032315
1.469150e+08 1.005887 1.005121 0.999032 0.999258 1.020283 1.017674 1.013356 1.009373 1.020586 1.018291 1.034101 1.032708
1.469950e+08 1.006351 1.005610 0.999813 1.000003 1.020944 1.018271 1.014045 1.010084 1.021148 1.018847 1.034491 1.033096
1.470750e+08 1.006812 1.006097 1.000589 1.000743 1.021597 1.018862 1.014725 1.010790 1.021702 1.019399 1.034874 1.033478
1.471550e+08 1.007269 1.006580 1.001360 1.001477 1.022242 1.019447 1.015398 1.011490 1.022250 1.019945 1.035249 1.033854
1.472350e+08 1.007721 1.007060 1.002125 1.002205 1.022877 1.020026 1.016061 1.012184 1.022790 1.020484 1.035616 1.034224
1.473150e+08 1.008168 1.007536 1.002884 1.002926 1.023504 1.020598 1.016715 1.012871 1.023321 1.021017 1.035974 1.034587
1.473950e+08 1.008609 1.008008 1.003636 1.003639 1.024119 1.021162 1.017358 1.013551 1.023844 1.021543 1.036323 1.034942
1.474750e+08 1.009044 1.008474 1.004381 1.004345 1.024724 1.021718 1.017991 1.014222 1.024358 1.022062 1.036662 1.035289
1.475550e+08 1.009472 1.008934 1.005117 1.005043 1.025317 1.022265 1.018612 1.014885 1.024862 1.022572 1.036990 1.035628
1.476350e+08 1.009893 1.009388 1.005845 1.005732 1.025898 1.022802 1.019222 1.015539 1.025357 1.023073 1.037308 1.035958
1.477150e+08 1.010306 1.009836 1.006563 1.006411 1.026465 1.023330 1.019819 1.016183 1.025840 1.023566 1.037615 1.036278
1.477950e+08 1.010711 1.010276 1.007272 1.007081 1.027019 1.023847 1.020403 1.016816 1.026313 1.024048 1.037909 1.036588
1.478750e+08 1.011108 1.010708 1.007970 1.007740 1.027559 1.024352 1.020974 1.017439 1.026775 1.024521 1.038192 1.036888
1.479550e+08 1.011495 1.011131 1.008658 1.008388 1.028084 1.024847 1.021531 1.018051 1.027225 1.024983 1.038462 1.037177
1.480350e+08 1.011872 1.011546 1.009333 1.009026 1.028594 1.025329 1.022073 1.018651 1.027663 1.025435 1.038719 1.037455
1.481150e+08 1.012240 1.011952 1.009997 1.009651 1.029088 1.025799 1.022600 1.019238 1.028088 1.025875 1.038962 1.037721
1.481950e+08 1.012597 1.012348 1.010649 1.010264 1.029566 1.026256 1.023112 1.019813 1.028501 1.026303 1.039192 1.037975
1.482750e+08 1.012944 1.012734 1.011287 1.010864 1.030026 1.026699 1.023609 1.020374 1.028900 1.026719 1.039407 1.038216
1.483550e+08 1.013279 1.013109 1.011912 1.011452 1.030470 1.027128 1.024089 1.020922 1.029286 1.027122 1.039608 1.038445
1.484350e+08 1.013602 1.013473 1.012523 1.012026 1.030895 1.027543 1.024552 1.021455 1.029659 1.027513 1.039794 1.038660
1.485150e+08 1.013914 1.013825 1.013120 1.012586 1.031302 1.027943 1.024999 1.021974 1.030017 1.027890 1.039964 1.038862
1.485950e+08 1.014213 1.014166 1.013702 1.013132 1.031691 1.028328 1.025428 1.022478 1.030360 1.028254 1.040119 1.039050
1.486750e+08 1.014500 1.014494 1.014269 1.013663 1.032060 1.028697 1.025840 1.022966 1.030689 1.028603 1.040258 1.039223
1.487550e+08 1.014774 1.014810 1.014820 1.014180 1.032410 1.029051 1.026233 1.023438 1.031003 1.028938 1.040381 1.039382
1.488350e+08 1.015034 1.015112 1.015355 1.014681 1.032741 1.029388 1.026608 1.023895 1.031302 1.029259 1.040487 1.039526
1.489150e+08 1.015281 1.015402 1.015874 1.015167 1.033051 1.029708 1.026965 1.024335 1.031586 1.029564 1.040577 1.039654
1.489950e+08 1.015515 1.015678 1.016376 1.015638 1.033340 1.030012 1.027303 1.024758 1.031853 1.029855 1.040650 1.039768
1.490750e+08 1.015734 1.015940 1.016862 1.016092 1.033610 1.030299 1.027623 1.025164 1.032105 1.030130 1.040706 1.039865
1.491550e+08 1.015939 1.016188 1.017330 1.016530 1.033858 1.030568 1.027923 1.025552 1.032341 1.030390 1.040744 1.039947
1.492350e+08 1.016130 1.016421 1.017781 1.016952 1.034085 1.030820 1.028203 1.025923 1.032561 1.030633 1.040765 1.040012
1.493150e+08 1.016307 1.016640 1.018214 1.017357 1.034291 1.031054 1.028465 1.026277 1.032765 1.030861 1.040768 1.040062
1.493950e+08 1.016468 1.016844 1.018629 1.017746 1.034475 1.031270 1.028706 1.026612 1.032952 1.031072 1.040754 1.040094
1.494750e+08 1.016615 1.017033 1.019026 1.018117 1.034638 1.031467 1.028928 1.026929 1.033122 1.031268 1.040722 1.040110
1.495550e+08 1.016747 1.017207 1.019405 1.018472 1.034779 1.031647 1.029131 1.027227 1.033276 1.031446 1.040672 1.040109
1.496350e+08 1.016864 1.017366 1.019766 1.018809 1.034898 1.031808 1.029313 1.027507 1.033413 1.031608 1.040605 1.040092
1.497150e+08 1.016966 1.017509 1.020108 1.019130 1.034996 1.031951 1.029476 1.027769 1.033534 1.031754 1.040519 1.040057
1.497950e+08 1.017053 1.017637 1.020431 1.019433 1.035072 1.032075 1.029619 1.028011 1.033637 1.031883 1.040415 1.040005
1.498750e+08 1.017124 1.017749 1.020736 1.019719 1.035126 1.032181 1.029742 1.028235 1.033724 1.031995 1.040293 1.039936
1.499550e+08 1.017181 1.017846 1.021022 1.019987 1.035159 1.032268 1.029845 1.028440 1.033795 1.032090 1.040154 1.039850
1.500350e+08 1.017222 1.017927 1.021289 1.020239 1.035170 1.032336 1.029929 1.028626 1.033848 1.032168 1.039996 1.039746
1.501150e+08 1.017249 1.017992 1.021538 1.020473 1.035159 1.032386 1.029994 1.028794 1.033885 1.032230 1.039821 1.039625
1.501950e+08 1.017260 1.018041 1.021767 1.020690 1.035127 1.032418 1.030039 1.028942 1.033905 1.032275 1.039628 1.039488
1.502750e+08 1.017257 1.018075 1.021979 1.020890 1.035074 1.032431 1.030065 1.029072 1.033909 1.032303 1.039417 1.039332
1.503550e+08 1.017239 1.018093 1.022171 1.021074 1.035000 1.032427 1.030072 1.029183 1.033896 1.032315 1.039189 1.039160
1.504350e+08 1.017206 1.018096 1.022345 1.021240 1.034905 1.032404 1.030060 1.029276 1.033867 1.032310 1.038943 1.038971
1.505150e+08 1.017159 1.018084 1.022501 1.021390 1.034789 1.032363 1.030029 1.029349 1.033822 1.032289 1.038680 1.038765
1.505950e+08 1.017097 1.018056 1.022639 1.021523 1.034653 1.032304 1.029980 1.029405 1.033761 1.032252 1.038401 1.038542
1.506750e+08 1.017022 1.018013 1.022759 1.021640 1.034498 1.032228 1.029914 1.029443 1.033684 1.032198 1.038105 1.038302
1.507550e+08 1.016932 1.017955 1.022861 1.021741 1.034322 1.032135 1.029829 1.029462 1.033592 1.032129 1.037792 1.038046
1.508350e+08 1.016829 1.017883 1.022945 1.021827 1.034127 1.032024 1.029727 1.029464 1.033484 1.032044 1.037463 1.037773
1.509150e+08 1.016712 1.017796 1.023012 1.021896 1.033914 1.031897 1.029608 1.029448 1.033361 1.031944 1.037118 1.037484
1.509950e+08 1.016582 1.017695 1.023062 1.021951 1.033682 1.031754 1.029472 1.029415 1.033223 1.031828 1.036757 1.037179
1.510750e+08 1.016440 1.017579 1.023096 1.021991 1.033432 1.031594 1.029321 1.029366 1.033070 1.031698 1.036381 1.036859
1.511550e+08 1.016285 1.017450 1.023112 1.022016 1.033164 1.031419 1.029153 1.029299 1.032903 1.031552 1.035989 1.036523
1.512350e+08 1.016118 1.017307 1.023113 1.022026 1.032879 1.031228 1.028969 1.029216 1.032722 1.031393 1.035584 1.036172
1.513150e+08 1.015939 1.017152 1.023099 1.022023 1.032577 1.031022 1.028771 1.029117 1.032527 1.031219 1.035163 1.035805
1.513950e+08 1.015748 1.016983 1.023068 1.022007 1.032259 1.030801 1.028558 1.029003 1.032319 1.031032 1.034729 1.035425
1.514750e+08 1.015547 1.016802 1.023023 1.021977 1.031926 1.030566 1.028331 1.028873 1.032097 1.030831 1.034281 1.035029
1.515550e+08 1.015334 1.016609 1.022964 1.021934 1.031577 1.030318 1.028091 1.028729 1.031863 1.030618 1.033820 1.034620
1.516350e+08 1.015112 1.016404 1.022890 1.021879 1.031215 1.030056 1.027837 1.028570 1.031617 1.030391 1.033346 1.034197
1.517150e+08 1.014879 1.016188 1.022803 1.021813 1.030838 1.029781 1.027571 1.028397 1.031358 1.030153 1.032860 1.033761
1.517950e+08 1.014638 1.015960 1.022703 1.021735 1.030448 1.029494 1.027293 1.028210 1.031088 1.029902 1.032362 1.033312
1.518750e+08 1.014387 1.015723 1.022590 1.021646 1.030045 1.029195 1.027003 1.028011 1.030807 1.029640 1.031853 1.032850
1.519550e+08 1.014128 1.015475 1.022465 1.021546 1.029630 1.028885 1.026703 1.027799 1.030515 1.029368 1.031333 1.032376
1.520350e+08 1.013860 1.015218 1.022328 1.021437 1.029204 1.028563 1.026392 1.027574 1.030212 1.029084 1.030802 1.031890
1.521150e+08 1.013585 1.014951 1.022180 1.021318 1.028767 1.028232 1.026072 1.027339 1.029900 1.028791 1.030261 1.031393
1.521950e+08 1.013304 1.014676 1.022022 1.021190 1.028320 1.027891 1.025742 1.027092 1.029578 1.028487 1.029710 1.030885
1.522750e+08 1.013015 1.014393 1.021853 1.021054 1.027863 1.027540 1.025405 1.026835 1.029247 1.028175 1.029151 1.030367
1.523550e+08 1.012721 1.014102 1.021676 1.020910 1.027398 1.027181 1.025059 1.026567 1.028907 1.027854 1.028583 1.029839
1.524350e+08 1.012421 1.013804 1.021489 1.020758 1.026925 1.026814 1.024706 1.026290 1.028560 1.027525 1.028007 1.029300
1.525150e+08 1.012116 1.013500 1.021295 1.020600 1.026445 1.026440 1.024346 1.026005 1.028204 1.027188 1.027424 1.028753
1.525950e+08 1.011807 1.013189 1.021092 1.020436 1.025958 1.026058 1.023981 1.025711 1.027842 1.026843 1.026834 1.028198
1.526750e+08 1.011494 1.012873 1.020883 1.020266 1.025466 1.025671 1.023610 1.025409 1.027473 1.026493 1.026237 1.027634
1.527550e+08 1.011177 1.012552 1.020667 1.020091 1.024968 1.025278 1.023235 1.025101 1.027098 1.026136 1.025635 1.027062
1.528350e+08 1.010858 1.012226 1.020445 1.019911 1.024466 1.024879 1.022855 1.024786 1.026717 1.025773 1.025028 1.026483
1.529150e+08 1.010536 1.011897 1.020218 1.019727 1.023960 1.024476 1.022473 1.024465 1.026330 1.025405 1.024415 1.025898
1.529950e+08 1.010213 1.011564 1.019987 1.019540 1.023451 1.024070 1.022087 1.024138 1.025939 1.025032 1.023799 1.025306
1.530750e+08 1.009889 1.011229 1.019751 1.019350 1.022941 1.023660 1.021699 1.023807 1.025544 1.024656 1.023178 1.024709
1.531550e+08 1.009564 1.010891 1.019513 1.019158 1.022428 1.023248 1.021310 1.023472 1.025145 1.024275 1.022555 1.024107
1.532350e+08 1.009238 1.010552 1.019271 1.018964 1.021915 1.022833 1.020920 1.023133 1.024743 1.023892 1.021929 1.023500
1.533150e+08 1.008914 1.010212 1.019028 1.018769 1.021402 1.022417 1.020530 1.022792 1.024338 1.023506 1.021301 1.022888
1.533950e+08 1.008590 1.009871 1.018783 1.018573 1.020889 1.022000 1.020141 1.022448 1.023931 1.023119 1.020672 1.022274
1.534750e+08 1.008269 1.009531 1.018538 1.018378 1.020378 1.021583 1.019753 1.022102 1.023522 1.022729 1.020042 1.021656
1.535550e+08 1.007949 1.009191 1.018292 1.018183 1.019869 1.021167 1.019366 1.021755 1.023112 1.022339 1.019411 1.021035
1.536350e+08 1.007632 1.008852 1.018046 1.017989 1.019363 1.020751 1.018982 1.021408 1.022702 1.021948 1.018781 1.020413
1.537150e+08 1.007318 1.008515 1.017802 1.017796 1.018860 1.020337 1.018600 1.021061 1.022290 1.021557 1.018151 1.019789
1.537950e+08 1.007008 1.008181 1.017559 1.017606 1.018361 1.019925 1.018222 1.020715 1.021879 1.021167 1.017522 1.019164
1.538750e+08 1.006702 1.007849 1.017318 1.017419 1.017867 1.019516 1.017849 1.020370 1.021469 1.020778 1.016895 1.018538
1.539550e+08 1.006401 1.007521 1.017081 1.017234 1.017378 1.019110 1.017479 1.020027 1.021060 1.020390 1.016270 1.017912
1.540350e+08 1.006105 1.007197 1.016846 1.017054 1.016896 1.018708 1.017116 1.019686 1.020652 1.020004 1.015648 1.017286
1.541150e+08 1.005814 1.006877 1.016616 1.016877 1.016420 1.018309 1.016758 1.019348 1.020247 1.019621 1.015029 1.016662
1.541950e+08 1.005530 1.006562 1.016390 1.016706 1.015951 1.017916 1.016406 1.019013 1.019844 1.019241 1.014413 1.016039
1.542750e+08 1.005253 1.006253 1.016169 1.016539 1.015490 1.017528 1.016061 1.018683 1.019444 1.018864 1.013802 1.015417
1.543550e+08 1.004983 1.005950 1.015954 1.016378 1.015037 1.017146 1.015723 1.018357 1.019047 1.018490 1.013195 1.014798
1.544350e+08 1.004720 1.005653 1.015744 1.016223 1.014593 1.016770 1.015394 1.018037 1.018654 1.018121 1.012592 1.014182
1.545150e+08 1.004465 1.005364 1.015542 1.016074 1.014159 1.016400 1.015072 1.017721 1.018265 1.017757 1.011996 1.013568
1.545950e+08 1.004218 1.005081 1.015346 1.015932 1.013734 1.016038 1.014760 1.017412 1.017880 1.017397 1.011405 1.012959
1.546750e+08 1.003981 1.004807 1.015158 1.015798 1.013320 1.015684 1.014456 1.017110 1.017500 1.017043 1.010820 1.012353
1.547550e+08 1.003752 1.004541 1.014977 1.015670 1.012917 1.015337 1.014162 1.016814 1.017126 1.016694 1.010242 1.011752
1.548350e+08 1.003533 1.004284 1.014805 1.015551 1.012525 1.014998 1.013878 1.016526 1.016757 1.016352 1.009670 1.011156
1.549150e+08 1.003324 1.004035 1.014642 1.015441 1.012145 1.014668 1.013604 1.016245 1.016394 1.016016 1.009106 1.010564
1.549950e+08 1.003125 1.003797 1.014488 1.015338 1.011776 1.014348 1.013341 1.015973 1.016038 1.015687 1.008549 1.009979
1.550750e+08 1.002936 1.003568 1.014344 1.015245 1.011421 1.014036 1.013089 1.015709 1.015687 1.015365 1.008000 1.009399
1.551550e+08 1.002758 1.003349 1.014210 1.015161 1.011077 1.013734 1.012848 1.015454 1.015344 1.015050 1.007460 1.008825
1.552350e+08 1.002592 1.003141 1.014085 1.015086 1.010747 1.013442 1.012619 1.015209 1.015008 1.014743 1.006927 1.008259
1.553150e+08 1.002436 1.002944 1.013972 1.015021 1.010431 1.013161 1.012402 1.014972 1.014679 1.014443 1.006404 1.007698
1.553950e+08 1.002292 1.002758 1.013869 1.014965 1.010128 1.012889 1.012196 1.014746 1.014358 1.014152 1.005889 1.007146
1.554750e+08 1.002160 1.002584 1.013777 1.014920 1.009838 1.012628 1.012003 1.014530 1.014045 1.013869 1.005384 1.006600
1.555550e+08 1.002040 1.002421 1.013696 1.014885 1.009563 1.012378 1.011823 1.014325 1.013739 1.013594 1.004887 1.006062
1.556350e+08 1.001931 1.002270 1.013627 1.014860 1.009302 1.012139 1.011655 1.014130 1.013442 1.013328 1.004401 1.005533
1.557150e+08 1.001835 1.002132 1.013570 1.014846 1.009055 1.011911 1.011500 1.013946 1.013153 1.013071 1.003924 1.005011
1.557950e+08 1.001752 1.002005 1.013525 1.014842 1.008823 1.011694 1.011357 1.013773 1.012873 1.012823 1.003456 1.004498
1.558750e+08 1.001681 1.001891 1.013491 1.014849 1.008605 1.011489 1.011228 1.013611 1.012602 1.012583 1.002999 1.003993
1.559550e+08 1.001622 1.001790 1.013470 1.014867 1.008402 1.011294 1.011112 1.013460 1.012339 1.012353 1.002552 1.003497
1.560350e+08 1.001576 1.001702 1.013461 1.014895 1.008214 1.011111 1.011009 1.013321 1.012085 1.012132 1.002114 1.003010
1.561150e+08 1.001543 1.001627 1.013464 1.014934 1.008040 1.010940 1.010918 1.013194 1.011840 1.011920 1.001687 1.002533
1.561950e+08 1.001522 1.001564 1.013480 1.014984 1.007881 1.010780 1.010841 1.013078 1.011605 1.011718 1.001270 1.002064
1.562750e+08 1.001514 1.001515 1.013507 1.015045 1.007736 1.010631 1.010777 1.012973 1.011378 1.011524 1.000864 1.001604
1.563550e+08 1.001519 1.001479 1.013548 1.015116 1.007606 1.010493 1.010726 1.012881 1.011160 1.011340 1.000467 1.001154
1.564350e+08 1.001537 1.001456 1.013600 1.015197 1.007490 1.010367 1.010687 1.012800 1.010952 1.011165 1.000081 1.000713
1.565150e+08 1.001567 1.001446 1.013665 1.015289 1.007388 1.010252 1.010662 1.012731 1.010752 1.011000 0.999704 1.000282
1.565950e+08 1.001609 1.001449 1.013742 1.015392 1.007300 1.010147 1.010648 1.012673 1.010562 1.010843 0.999338 0.999860
1.566750e+08 1.001664 1.001465 1.013830 1.015504 1.007226 1.010054 1.010648 1.012627 1.010380 1.010695 0.998982 0.999447
1.567550e+08 1.001731 1.001494 1.013931 1.015626 1.007166 1.009971 1.010659 1.012592 1.010208 1.010556 0.998635 0.999044
1.568350e+08 1.001810 1.001536 1.014044 1.015759 1.007119 1.009898 1.010683 1.012569 1.010044 1.010426 0.998298 0.998651
1.569150e+08 1.001901 1.001591 1.014168 1.015900 1.007085 1.009836 1.010718 1.012557 1.009889 1.010304 0.997971 0.998266
1.569950e+08 1.002004 1.001658 1.014303 1.016051 1.007064 1.009783 1.010765 1.012556 1.009743 1.010191 0.997653 0.997891
1.570750e+08 1.002118 1.001738 1.014449 1.016211 1.007055 1.009740 1.010823 1.012566 1.009605 1.010086 0.997344 0.997525
1.571550e+08 1.002243 1.001830 1.014607 1.016380 1.007058 1.009707 1.010891 1.012586 1.009476 1.009989 0.997045 0.997168
1.572350e+08 1.002380 1.001934 1.014774 1.016557 1.007073 1.009683 1.010971 1.012616 1.009354 1.009899 0.996754 0.996820
1.573150e+08 1.002527 1.002051 1.014952 1.016742 1.007100 1.009667 1.011061 1.012657 1.009241 1.009817 0.996471 0.996481
1.573950e+08 1.002684 1.002178 1.015140 1.016935 1.007137 1.009660 1.011160 1.012708 1.009135 1.009742 0.996197 0.996150
1.574750e+08 1.002852 1.002317 1.015338 1.017136 1.007184 1.009660 1.011269 1.012768 1.009036 1.009674 0.995930 0.995828
1.575550e+08 1.003029 1.002467 1.015545 1.017343 1.007242 1.009668 1.011387 1.012837 1.008945 1.009613 0.995672 0.995514
1.576350e+08 1.003216 1.002628 1.015760 1.017557 1.007308 1.009684 1.011514 1.012915 1.008861 1.009558 0.995420 0.995208
1.577150e+08 1.003412 1.002799 1.015984 1.017778 1.007384 1.009706 1.011648 1.013002 1.008783 1.009509 0.995176 0.994910
1.577950e+08 1.003617 1.002981 1.016216 1.018004 1.007468 1.009734 1.011791 1.013096 1.008712 1.009465 0.994938 0.994619
1.578750e+08 1.003830 1.003172 1.016456 1.018235 1.007560 1.009769 1.011941 1.013199 1.008647 1.009426 0.994707 0.994335
1.579550e+08 1.004051 1.003372 1.016703 1.018471 1.007659 1.009808 1.012097 1.013308 1.008587 1.009393 0.994481 0.994059
1.580350e+08 1.004279 1.003582 1.016956 1.018712 1.007765 1.009853 1.012259 1.013425 1.008533 1.009363 0.994261 0.993788
1.581150e+08 1.004514 1.003800 1.017215 1.018957 1.007877 1.009902 1.012428 1.013548 1.008484 1.009338 0.994046 0.993525
1.581950e+08 1.004756 1.004026 1.017480 1.019205 1.007994 1.009954 1.012601 1.013677 1.008440 1.009316 0.993836 0.993267
1.582750e+08 1.005004 1.004260 1.017750 1.019456 1.008116 1.010010 1.012779 1.013811 1.008400 1.009298 0.993630 0.993014
1.583550e+08 1.005258 1.004501 1.018025 1.019710 1.008243 1.010069 1.012960 1.013951 1.008364 1.009282 0.993428 0.992767
1.584350e+08 1.005517 1.004749 1.018303 1.019965 1.008372 1.010130 1.013146 1.014095 1.008331 1.009268 0.993229 0.992525
1.585150e+08 1.005780 1.005003 1.018585 1.020222 1.008505 1.010193 1.013334 1.014243 1.008301 1.009257 0.993033 0.992288
1.585950e+08 1.006048 1.005263 1.018870 1.020480 1.008639 1.010257 1.013524 1.014394 1.008274 1.009246 0.992839 0.992054
1.586750e+08 1.006319 1.005528 1.019157 1.020737 1.008775 1.010321 1.013716 1.014548 1.008250 1.009236 0.992647 0.991824
1.587550e+08 1.006593 1.005799 1.019446 1.020995 1.008912 1.010385 1.013908 1.014704 1.008227 1.009227 0.992457 0.991598
1.588350e+08 1.006870 1.006073 1.019736 1.021252 1.009049 1.010448 1.014101 1.014863 1.008205 1.009217 0.992267 0.991374
1.589150e+08 1.007149 1.006351 1.020026 1.021507 1.009186 1.010511 1.014294 1.015022 1.008184 1.009207 0.992078 0.991153
1.589950e+08 1.007430 1.006633 1.020316 1.021760 1.009320 1.010571 1.014486 1.015182 1.008164 1.009195 0.991889 0.990933
1.590750e+08 1.007711 1.006917 1.020606 1.022011 1.009453 1.010629 1.014676 1.015342 1.008144 1.009182 0.991699 0.990716
1.591550e+08 1.007993 1.007203 1.020894 1.022259 1.009583 1.010684 1.014864 1.015502 1.008123 1.009167 0.991509 0.990499
1.592350e+08 1.008275 1.007491 1.021180 1.022503 1.009710 1.010735 1.015050 1.015660 1.008101 1.009149 0.991316 0.990282
1.593150e+08 1.008556 1.007780 1.021463 1.022742 1.009832 1.010782 1.015231 1.015817 1.008078 1.009128 0.991121 0.990066
1.593950e+08 1.008836 1.008069 1.021743 1.022977 1.009949 1.010824 1.015409 1.015971 1.008052 1.009103 0.990924 0.989850
1.594750e+08 1.009115 1.008358 1.022019 1.023207 1.010061 1.010861 1.015582 1.016122 1.008025 1.009073 0.990723 0.989632
1.595550e+08 1.009390 1.008647 1.022291 1.023430 1.010167 1.010891 1.015749 1.016270 1.007994 1.009039 0.990519 0.989414
1.596350e+08 1.009663 1.008934 1.022558 1.023647 1.010265 1.010915 1.015911 1.016413 1.007960 1.009000 0.990310 0.989193
1.597150e+08 1.009933 1.009220 1.022818 1.023857 1.010355 1.010932 1.016065 1.016552 1.007922 1.008955 0.990096 0.988970
1.597950e+08 1.010198 1.009503 1.023073 1.024059 1.010437 1.010941 1.016213 1.016686 1.007880 1.008904 0.989878 0.988744
1.598750e+08 1.010460 1.009783 1.023320 1.024253 1.010510 1.010941 1.016352 1.016813 1.007832 1.008845 0.989653 0.988515
1.599550e+08 1.010716 1.010060 1.023560 1.024439 1.010574 1.010933 1.016483 1.016934 1.007780 1.008780 0.989422 0.988282
1.600350e+08 1.010966 1.010332 1.023791 1.024615 1.010626 1.010915 1.016605 1.017048 1.007721 1.008706 0.989183 0.988045
1.601150e+08 1.011211 1.010600 1.024014 1.024781 1.010668 1.010887 1.016717 1.017154 1.007657 1.008625 0.988938 0.987803
1.601950e+08 1.011448 1.010863 1.024228 1.024938 1.010698 1.010849 1.016819 1.017252 1.007585 1.008535 0.988684 0.987556
1.602750e+08 1.011679 1.011120 1.024431 1.025083 1.010715 1.010800 1.016910 1.017341 1.007506 1.008435 0.988423 0.987302
1.603550e+08 1.011902 1.011371 1.024624 1.025217 1.010719 1.010739 1.016989 1.017421 1.007420 1.008326 0.988152 0.987043
1.604350e+08 1.012117 1.011615 1.024806 1.025340 1.010710 1.010665 1.017057 1.017490 1.007325 1.008207 0.987872 0.986777
1.605150e+08 1.012324 1.011852 1.024976 1.025451 1.010687 1.010580 1.017112 1.017549 1.007221 1.008077 0.987582 0.986503
1.605950e+08 1.012521 1.012081 1.025134 1.025549 1.010649 1.010481 1.017154 1.017597 1.007109 1.007936 0.987281 0.986222
1.606750e+08 1.012710 1.012302 1.025280 1.025634 1.010596 1.010369 1.017182 1.017634 1.006987 1.007783 0.986970 0.985933
1.607550e+08 1.012888 1.012513 1.025412 1.025705 1.010527 1.010243 1.017197 1.017659 1.006855 1.007619 0.986648 0.985635
1.608350e+08 1.013056 1.012716 1.025531 1.025763 1.010441 1.010103 1.017196 1.017670 1.006712 1.007443 0.986314 0.985328
1.609150e+08 1.013213 1.012909 1.025636 1.025807 1.010339 1.009948 1.017181 1.017669 1.006559 1.007254 0.985968 0.985012
1.609950e+08 1.013359 1.013092 1.025726 1.025836 1.010220 1.009778 1.017151 1.017655 1.006395 1.007053 0.985609 0.984685
1.610750e+08 1.013493 1.013264 1.025802 1.025851 1.010083 1.009592 1.017104 1.017626 1.006219 1.006838 0.985238 0.984349
1.611550e+08 1.013616 1.013425 1.025862 1.025850 1.009928 1.009391 1.017042 1.017584 1.006031 1.006609 0.984853 0.984001
1.612350e+08 1.013727 1.013574 1.025906 1.025834 1.009754 1.009173 1.016963 1.017526 1.005831 1.006367 0.984455 0.983642
1.613150e+08 1.013824 1.013712 1.025934 1.025802 1.009562 1.008940 1.016866 1.017453 1.005618 1.006110 0.984043 0.983272
1.613950e+08 1.013910 1.013837 1.025946 1.025754 1.009350 1.008689 1.016753 1.017365 1.005392 1.005839 0.983617 0.982890
1.614750e+08 1.013982 1.013950 1.025941 1.025690 1.009119 1.008422 1.016622 1.017261 1.005153 1.005553 0.983176 0.982496
1.615550e+08 1.014040 1.014050 1.025919 1.025610 1.008868 1.008138 1.016473 1.017141 1.004900 1.005252 0.982720 0.982088
1.616350e+08 1.014085 1.014137 1.025880 1.025513 1.008597 1.007836 1.016306 1.017004 1.004633 1.004936 0.982249 0.981668
1.617150e+08 1.014116 1.014210 1.025823 1.025399 1.008306 1.007517 1.016120 1.016850 1.004352 1.004604 0.981763 0.981235
1.617950e+08 1.014133 1.014270 1.025749 1.025269 1.007994 1.007180 1.015916 1.016680 1.004057 1.004257 0.981261 0.980788
1.618750e+08 1.014136 1.014315 1.025656 1.025121 1.007661 1.006825 1.015693 1.016492 1.003747 1.003894 0.980743 0.980327
1.619550e+08 1.014124 1.014346 1.025545 1.024956 1.007308 1.006452 1.015451 1.016286 1.003422 1.003515 0.980210 0.979851
1.620350e+08 1.014098 1.014362 1.025416 1.024774 1.006933 1.006062 1.015190 1.016062 1.003082 1.003121 0.979659 0.979362
1.621150e+08 1.014057 1.014364 1.025268 1.024575 1.006538 1.005653 1.014910 1.015821 1.002727 1.002710 0.979093 0.978857
1.621950e+08 1.014001 1.014351 1.025102 1.024358 1.006121 1.005226 1.014610 1.015561 1.002356 1.002282 0.978510 0.978338
1.622750e+08 1.013930 1.014322 1.024917 1.024124 1.005683 1.004781 1.014291 1.015283 1.001969 1.001839 0.977910 0.977803
1.623550e+08 1.013844 1.014278 1.024714 1.023873 1.005224 1.004317 1.013952 1.014987 1.001566 1.001379 0.977293 0.977253
1.624350e+08 1.013743 1.014219 1.024491 1.023605 1.004744 1.003836 1.013594 1.014672 1.001148 1.000902 0.976659 0.976688
1.625150e+08 1.013627 1.014145 1.024250 1.023319 1.004242 1.003336 1.013216 1.014339 1.000714 1.000410 0.976009 0.976107
1.625950e+08 1.013496 1.014055 1.023990 1.023017 1.003719 1.002819 1.012818 1.013987 1.000263 0.999901 0.975341 0.975510
1.626750e+08 1.013350 1.013949 1.023711 1.022697 1.003175 1.002284 1.012402 1.013616 0.999796 0.999375 0.974656 0.974897
1.627550e+08 1.013189 1.013828 1.023414 1.022360 1.002611 1.001731 1.011965 1.013227 0.999313 0.998833 0.973955 0.974268
1.628350e+08 1.013013 1.013691 1.023098 1.022007 1.002025 1.001160 1.011510 1.012819 0.998814 0.998275 0.973236 0.973623
1.629150e+08 1.012822 1.013539 1.022763 1.021637 1.001419 1.000572 1.011035 1.012393 0.998298 0.997701 0.972500 0.972961
1.629950e+08 1.012617 1.013371 1.022411 1.021251 1.000792 0.999966 1.010541 1.011948 0.997766 0.997111 0.971747 0.972283
1.630750e+08 1.012396 1.013187 1.022040 1.020848 1.000146 0.999344 1.010029 1.011485 0.997217 0.996505 0.970977 0.971589
1.631550e+08 1.012162 1.012988 1.021651 1.020430 0.999479 0.998705 1.009498 1.011003 0.996653 0.995883 0.970190 0.970879
1.632350e+08 1.011913 1.012774 1.021244 1.019996 0.998793 0.998049 1.008948 1.010503 0.996072 0.995246 0.969387 0.970152
1.633150e+08 1.011650 1.012545 1.020820 1.019547 0.998087 0.997377 1.008380 1.009986 0.995475 0.994594 0.968567 0.969409
1.633950e+08 1.011373 1.012300 1.020378 1.019083 0.997363 0.996689 1.007794 1.009450 0.994862 0.993926 0.967730 0.968649
1.634750e+08 1.011082 1.012041 1.019920 1.018604 0.996620 0.995986 1.007191 1.008897 0.994233 0.993243 0.966877 0.967874
1.635550e+08 1.010778 1.011767 1.019445 1.018110 0.995858 0.995267 1.006570 1.008326 0.993588 0.992546 0.966008 0.967082
1.636350e+08 1.010461 1.011479 1.018953 1.017603 0.995079 0.994533 1.005932 1.007739 0.992928 0.991834 0.965124 0.966274
1.637150e+08 1.010131 1.011176 1.018446 1.017081 0.994282 0.993785 1.005278 1.007134 0.992252 0.991108 0.964223 0.965450
1.637950e+08 1.009789 1.010859 1.017923 1.016547 0.993469 0.993022 1.004607 1.006513 0.991561 0.990368 0.963307 0.964611
1.638750e+08 1.009434 1.010529 1.017385 1.015999 0.992639 0.992246 1.003921 1.005876 0.990854 0.989615 0.962376 0.963755
1.639550e+08 1.009068 1.010185 1.016831 1.015440 0.991792 0.991457 1.003219 1.005223 0.990133 0.988848 0.961430 0.962884
1.640350e+08 1.008689 1.009828 1.016264 1.014868 0.990931 0.990654 1.002501 1.004554 0.989398 0.988069 0.960469 0.961998
1.641150e+08 1.008300 1.009459 1.015682 1.014284 0.990054 0.989840 1.001770 1.003871 0.988647 0.987277 0.959494 0.961097
1.641950e+08 1.007900 1.009077 1.015087 1.013690 0.989163 0.989013 1.001024 1.003172 0.987883 0.986473 0.958505 0.960180
1.642750e+08 1.007490 1.008682 1.014479 1.013084 0.988258 0.988175 1.000264 1.002459 0.987105 0.985658 0.957502 0.959249
1.643550e+08 1.007070 1.008277 1.013858 1.012469 0.987339 0.987326 0.999491 1.001732 0.986313 0.984831 0.956486 0.958304
1.644350e+08 1.006640 1.007859 1.013225 1.011844 0.986408 0.986466 0.998706 1.000991 0.985508 0.983993 0.955457 0.957344
1.645150e+08 1.006202 1.007431 1.012581 1.011210 0.985465 0.985597 0.997909 1.000238 0.984690 0.983144 0.954416 0.956371
1.645950e+08 1.005754 1.006993 1.011925 1.010567 0.984510 0.984719 0.997099 0.999472 0.983859 0.982286 0.953362 0.955384
1.646750e+08 1.005299 1.006545 1.011260 1.009916 0.983545 0.983831 0.996279 0.998693 0.983016 0.981418 0.952297 0.954383
1.647550e+08 1.004836 1.006087 1.010584 1.009257 0.982569 0.982935 0.995449 0.997903 0.982161 0.980540 0.951220 0.953370
1.648350e+08 1.004366 1.005620 1.009899 1.008592 0.981584 0.982032 0.994608 0.997102 0.981295 0.979654 0.950132 0.952344
1.649150e+08 1.003889 1.005144 1.009205 1.007920 0.980589 0.981121 0.993758 0.996291 0.980417 0.978760 0.949033 0.951305
1.649950e+08 1.003406 1.004660 1.008503 1.007242 0.979587 0.980204 0.992900 0.995469 0.979529 0.977857 0.947925 0.950255
1.650750e+08 1.002918 1.004169 1.007793 1.006558 0.978577 0.979281 0.992033 0.994638 0.978630 0.976948 0.946807 0.949193
1.651550e+08 1.002425 1.003670 1.007077 1.005870 0.977560 0.978353 0.991158 0.993797 0.977721 0.976032 0.945679 0.948120
1.652350e+08 1.001926 1.003165 1.006354 1.005178 0.976537 0.977419 0.990277 0.992949 0.976803 0.975109 0.944544 0.947036
1.653150e+08 1.001424 1.002654 1.005625 1.004482 0.975508 0.976482 0.989389 0.992092 0.975875 0.974180 0.943399 0.945941
1.653950e+08 1.000919 1.002137 1.004891 1.003783 0.974474 0.975540 0.988496 0.991228 0.974939 0.973246 0.942247 0.944837
1.654750e+08 1.000410 1.001616 1.004153 1.003081 0.973437 0.974596 0.987598 0.990357 0.973994 0.972308 0.941088 0.943723
1.655550e+08 0.999899 1.001090 1.003411 1.002377 0.972396 0.973649 0.986695 0.989481 0.973042 0.971364 0.939922 0.942599
1.656350e+08 0.999387 1.000560 1.002665 1.001672 0.971352 0.972700 0.985788 0.988598 0.972083 0.970417 0.938750 0.941467
1.657150e+08 0.998872 1.000027 1.001917 1.000965 0.970306 0.971750 0.984878 0.987711 0.971116 0.969467 0.937572 0.940327
1.657950e+08 0.998358 0.999491 1.001166 1.000259 0.969258 0.970799 0.983966 0.986819 0.970143 0.968513 0.936388 0.939179
1.658750e+08 0.997843 0.998952 1.000415 0.999553 0.968210 0.969847 0.983051 0.985923 0.969164 0.967558 0.935200 0.938023
1.659550e+08 0.997328 0.998413 0.999662 0.998847 0.967162 0.968896 0.982136 0.985024 0.968180 0.966600 0.934008 0.936860
1.660350e+08 0.996814 0.997872 0.998909 0.998143 0.966115 0.967946 0.981219 0.984123 0.967190 0.965641 0.932812 0.935691
1.661150e+08 0.996302 0.997330 0.998156 0.997440 0.965068 0.966998 0.980302 0.983219 0.966196 0.964681 0.931612 0.934516
1.661950e+08 0.995791 0.996789 0.997405 0.996740 0.964024 0.966051 0.979386 0.982314 0.965198 0.963721 0.930410 0.933335
1.662750e+08 0.995283 0.996248 0.996655 0.996042 0.962983 0.965107 0.978471 0.981408 0.964196 0.962760 0.929205 0.932149
1.663550e+08 0.994778 0.995708 0.995906 0.995348 0.961944 0.964165 0.977558 0.980501 0.963191 0.961800 0.927999 0.930958
1.664350e+08 0.994276 0.995171 0.995161 0.994658 0.960910 0.963227 0.976647 0.979595 0.962183 0.960841 0.926791 0.929764
1.665150e+08 0.993779 0.994635 0.994419 0.993972 0.959880 0.962294 0.975738 0.978690 0.961173 0.959883 0.925582 0.928565
1.665950e+08 0.993286 0.994102 0.993681 0.993290 0.958855 0.961364 0.974833 0.977786 0.960161 0.958928 0.924374 0.927363
1.666750e+08 0.992798 0.993572 0.992947 0.992614 0.957835 0.960440 0.973932 0.976883 0.959148 0.957974 0.923165 0.926159
1.667550e+08 0.992315 0.993047 0.992218 0.991943 0.956822 0.959521 0.973036 0.975983 0.958134 0.957023 0.921957 0.924952
1.668350e+08 0.991839 0.992525 0.991494 0.991278 0.955816 0.958607 0.972144 0.975086 0.957119 0.956075 0.920749 0.923743
1.669150e+08 0.991369 0.992009 0.990776 0.990620 0.954816 0.957700 0.971258 0.974193 0.956105 0.955131 0.919544 0.922533
1.669950e+08 0.990905 0.991498 0.990064 0.989968 0.953825 0.956800 0.970378 0.973303 0.955091 0.954191 0.918340 0.921322
1.670750e+08 0.990449 0.990993 0.989359 0.989324 0.952842 0.955906 0.969505 0.972418 0.954077 0.953254 0.917139 0.920110
1.671550e+08 0.990001 0.990494 0.988662 0.988686 0.951868 0.955020 0.968638 0.971538 0.953066 0.952323 0.915940 0.918898
1.672350e+08 0.989561 0.990002 0.987972 0.988057 0.950903 0.954142 0.967779 0.970663 0.952055 0.951396 0.914745 0.917687
1.673150e+08 0.989129 0.989517 0.987290 0.987436 0.949947 0.953271 0.966928 0.969793 0.951047 0.950475 0.913553 0.916476
1.673950e+08 0.988706 0.989040 0.986616 0.986823 0.949002 0.952409 0.966085 0.968930 0.950042 0.949559 0.912365 0.915267
1.674750e+08 0.988293 0.988571 0.985952 0.986219 0.948067 0.951556 0.965251 0.968074 0.949039 0.948649 0.911182 0.914059
1.675550e+08 0.987889 0.988111 0.985296 0.985624 0.947143 0.950711 0.964426 0.967225 0.948040 0.947745 0.910003 0.912853
1.676350e+08 0.987494 0.987660 0.984651 0.985038 0.946230 0.949876 0.963610 0.966383 0.947044 0.946848 0.908829 0.911650
1.677150e+08 0.987110 0.987218 0.984015 0.984461 0.945329 0.949050 0.962804 0.965549 0.946053 0.945957 0.907661 0.910449
1.677950e+08 0.986737 0.986785 0.983389 0.983894 0.944439 0.948233 0.962008 0.964723 0.945065 0.945074 0.906499 0.909251
1.678750e+08 0.986374 0.986363 0.982773 0.983337 0.943562 0.947427 0.961222 0.963905 0.944083 0.944197 0.905342 0.908057
1.679550e+08 0.986023 0.985951 0.982168 0.982789 0.942696 0.946630 0.960447 0.963096 0.943105 0.943328 0.904192 0.906867
1.680350e+08 0.985682 0.985549 0.981574 0.982252 0.941844 0.945843 0.959683 0.962297 0.942133 0.942466 0.903049 0.905682
1.681150e+08 0.985353 0.985159 0.980991 0.981724 0.941004 0.945066 0.958930 0.961506 0.941166 0.941612 0.901912 0.904500
1.681950e+08 0.985036 0.984779 0.980420 0.981207 0.940177 0.944300 0.958188 0.960725 0.940205 0.940766 0.900783 0.903324
1.682750e+08 0.984731 0.984412 0.979859 0.980700 0.939363 0.943544 0.957458 0.959954 0.939250 0.939928 0.899660 0.902152
1.683550e+08 0.984437 0.984056 0.979310 0.980203 0.938562 0.942798 0.956739 0.959193 0.938301 0.939098 0.898546 0.900987
1.684350e+08 0.984156 0.983711 0.978773 0.979716 0.937774 0.942063 0.956033 0.958442 0.937359 0.938276 0.897439 0.899826
1.685150e+08 0.983887 0.983379 0.978248 0.979240 0.937000 0.941338 0.955338 0.957701 0.936424 0.937462 0.896340 0.898672
1.685950e+08 0.983630 0.983059 0.977734 0.978774 0.936239 0.940623 0.954655 0.956971 0.935496 0.936656 0.895249 0.897524
1.686750e+08 0.983385 0.982752 0.977232 0.978318 0.935491 0.939919 0.953984 0.956252 0.934575 0.935859 0.894166 0.896383
1.687550e+08 0.983153 0.982457 0.976742 0.977872 0.934757 0.939224 0.953325 0.955543 0.933661 0.935070 0.893092 0.895248
1.688350e+08 0.982933 0.982175 0.976263 0.977436 0.934036 0.938540 0.952679 0.954844 0.932755 0.934289 0.892026 0.894120
1.689150e+08 0.982726 0.981905 0.975796 0.977010 0.933328 0.937866 0.952044 0.954157 0.931856 0.933517 0.890968 0.892999
1.689950e+08 0.982531 0.981648 0.975341 0.976593 0.932633 0.937202 0.951422 0.953480 0.930965 0.932752 0.889919 0.891885
1.690750e+08 0.982349 0.981404 0.974898 0.976186 0.931951 0.936548 0.950812 0.952814 0.930082 0.931996 0.888879 0.890779
1.691550e+08 0.982179 0.981173 0.974466 0.975789 0.931283 0.935903 0.950213 0.952159 0.929207 0.931248 0.887847 0.889680
1.692350e+08 0.982021 0.980955 0.974045 0.975400 0.930626 0.935268 0.949627 0.951515 0.928340 0.930508 0.886824 0.888589
1.693150e+08 0.981875 0.980749 0.973635 0.975021 0.929983 0.934641 0.949052 0.950881 0.927481 0.929776 0.885809 0.887505
1.693950e+08 0.981741 0.980557 0.973236 0.974650 0.929351 0.934024 0.948489 0.950258 0.926629 0.929051 0.884803 0.886429
1.694750e+08 0.981619 0.980377 0.972848 0.974288 0.928731 0.933415 0.947937 0.949645 0.925786 0.928333 0.883806 0.885361
1.695550e+08 0.981509 0.980209 0.972471 0.973933 0.928123 0.932814 0.947396 0.949043 0.924951 0.927623 0.882817 0.884301
1.696350e+08 0.981411 0.980054 0.972104 0.973587 0.927527 0.932221 0.946866 0.948451 0.924124 0.926921 0.881836 0.883249
