1.389950e+08 0.993868 0.996752 0.945891 0.948131 0.984900 0.985109 0.971077 0.961821 0.977994 0.978832 1.015625 1.017379
1.390750e+08 0.993659 0.996636 0.946327 0.948575 0.985006 0.985278 0.971004 0.961943 0.977980 0.978882 1.015391 1.017215
1.391550e+08 0.993428 0.996493 0.946736 0.948992 0.985086 0.985422 0.970911 0.962046 0.977946 0.978910 1.015133 1.017025
1.392350e+08 0.993175 0.996323 0.947119 0.949382 0.985141 0.985543 0.970800 0.962132 0.977894 0.978919 1.014853 1.016811
1.393150e+08 0.992901 0.996128 0.947478 0.949747 0.985172 0.985640 0.970671 0.962201 0.977824 0.978908 1.014552 1.016574
1.393950e+08 0.992608 0.995909 0.947812 0.950087 0.985180 0.985715 0.970527 0.962254 0.977739 0.978879 1.014230 1.016314
1.394750e+08 0.992296 0.995665 0.948122 0.950402 0.985165 0.985768 0.970367 0.962292 0.977639 0.978833 1.013890 1.016033
1.395550e+08 0.991966 0.995399 0.948410 0.950695 0.985129 0.985801 0.970194 0.962317 0.977526 0.978771 1.013531 1.015732
1.396350e+08 0.991618 0.995110 0.948675 0.950965 0.985073 0.985814 0.970009 0.962329 0.977400 0.978694 1.013157 1.015412
1.397150e+08 0.991255 0.994800 0.948920 0.951213 0.984998 0.985809 0.969813 0.962329 0.977262 0.978603 1.012767 1.015074
1.397950e+08 0.990876 0.994471 0.949144 0.951440 0.984904 0.985785 0.969607 0.962319 0.977115 0.978500 1.012363 1.014720
1.398750e+08 0.990484 0.994122 0.949350 0.951647 0.984794 0.985744 0.969393 0.962300 0.976959 0.978386 1.011947 1.014350
1.399550e+08 0.990078 0.993754 0.949537 0.951836 0.984668 0.985688 0.969173 0.962272 0.976796 0.978261 1.011519 1.013967
1.400350e+08 0.989661 0.993370 0.949706 0.952006 0.984526 0.985616 0.968946 0.962237 0.976627 0.978127 1.011082 1.013571
1.401150e+08 0.989232 0.992970 0.949860 0.952159 0.984372 0.985531 0.968715 0.962196 0.976453 0.977986 1.010636 1.013163
1.401950e+08 0.988794 0.992555 0.949998 0.952297 0.984205 0.985432 0.968481 0.962150 0.976275 0.977837 1.010183 1.012746
1.402750e+08 0.988347 0.992126 0.950123 0.952420 0.984026 0.985322 0.968246 0.962100 0.976094 0.977684 1.009724 1.012319
1.403550e+08 0.987893 0.991684 0.950234 0.952528 0.983838 0.985201 0.968010 0.962047 0.975913 0.977526 1.009261 1.011886
1.404350e+08 0.987432 0.991231 0.950333 0.952625 0.983641 0.985070 0.967776 0.961993 0.975732 0.977365 1.008794 1.011446
1.405150e+08 0.986966 0.990768 0.950422 0.952709 0.983436 0.984931 0.967544 0.961939 0.975552 0.977202 1.008326 1.011001
1.405950e+08 0.986496 0.990296 0.950500 0.952783 0.983225 0.984785 0.967316 0.961885 0.975376 0.977039 1.007858 1.010554
1.406750e+08 0.986024 0.989816 0.950571 0.952848 0.983009 0.984632 0.967093 0.961833 0.975203 0.976877 1.007391 1.010104
1.407550e+08 0.985549 0.989330 0.950634 0.952905 0.982790 0.984473 0.966876 0.961784 0.975035 0.976716 1.006926 1.009653
1.408350e+08 0.985074 0.988838 0.950691 0.952954 0.982567 0.984311 0.966668 0.961739 0.974874 0.976558 1.006465 1.009203
1.409150e+08 0.984599 0.988342 0.950742 0.952998 0.982344 0.984146 0.966468 0.961700 0.974720 0.976405 1.006009 1.008756
1.409950e+08 0.984126 0.987844 0.950790 0.953037 0.982120 0.983979 0.966278 0.961666 0.974576 0.976257 1.005560 1.008311
1.410750e+08 0.983656 0.987344 0.950836 0.953073 0.981898 0.983811 0.966100 0.961640 0.974441 0.976116 1.005118 1.007871
1.411550e+08 0.983190 0.986844 0.950880 0.953107 0.981678 0.983644 0.965935 0.961622 0.974318 0.975982 1.004686 1.007438
1.412350e+08 0.982730 0.986345 0.950923 0.953139 0.981461 0.983478 0.965784 0.961613 0.974206 0.975857 1.004264 1.007011
1.413150e+08 0.982275 0.985849 0.950968 0.953172 0.981250 0.983315 0.965648 0.961615 0.974109 0.975743 1.003854 1.006593
1.413950e+08 0.981829 0.985356 0.951014 0.953205 0.981045 0.983155 0.965528 0.961629 0.974026 0.975639 1.003456 1.006185
1.414750e+08 0.981390 0.984867 0.951064 0.953242 0.980847 0.983001 0.965425 0.961655 0.973958 0.975548 1.003073 1.005788
1.415550e+08 0.980962 0.984385 0.951118 0.953282 0.980657 0.982852 0.965341 0.961694 0.973907 0.975469 1.002705 1.005403
1.416350e+08 0.980544 0.983911 0.951178 0.953326 0.980477 0.982711 0.965276 0.961747 0.973874 0.975405 1.002353 1.005031
1.417150e+08 0.980138 0.983444 0.951244 0.953377 0.980308 0.982577 0.965232 0.961815 0.973859 0.975356 1.002019 1.004675
1.417950e+08 0.979745 0.982988 0.951318 0.953435 0.980151 0.982452 0.965209 0.961900 0.973863 0.975324 1.001703 1.004333
1.418750e+08 0.979366 0.982542 0.951401 0.953500 0.980006 0.982338 0.965209 0.962001 0.973888 0.975308 1.001407 1.004009
1.419550e+08 0.979002 0.982109 0.951494 0.953575 0.979876 0.982234 0.965232 0.962120 0.973934 0.975310 1.001132 1.003703
1.420350e+08 0.978653 0.981688 0.951598 0.953661 0.979761 0.982143 0.965279 0.962258 0.974002 0.975332 1.000878 1.003415
1.421150e+08 0.978322 0.981282 0.951713 0.953757 0.979662 0.982064 0.965351 0.962414 0.974093 0.975372 1.000647 1.003147
1.421950e+08 0.978008 0.980892 0.951842 0.953866 0.979580 0.982000 0.965449 0.962591 0.974207 0.975434 1.000439 1.002900
1.422750e+08 0.977712 0.980518 0.951985 0.953989 0.979515 0.981950 0.965572 0.962788 0.974346 0.975516 1.000255 1.002675
1.423550e+08 0.977436 0.980161 0.952142 0.954125 0.979470 0.981916 0.965724 0.963006 0.974509 0.975621 1.000097 1.002473
1.424350e+08 0.977181 0.979823 0.952316 0.954277 0.979445 0.981898 0.965902 0.963246 0.974698 0.975748 0.999964 1.002294
1.425150e+08 0.976946 0.979504 0.952506 0.954445 0.979440 0.981897 0.966109 0.963508 0.974912 0.975898 0.999858 1.002139
1.425950e+08 0.976733 0.979206 0.952713 0.954631 0.979456 0.981915 0.966345 0.963793 0.975153 0.976072 0.999779 1.002009
1.426750e+08 0.976542 0.978929 0.952939 0.954834 0.979495 0.981951 0.966610 0.964101 0.975421 0.976271 0.999728 1.001905
1.427550e+08 0.976375 0.978674 0.953184 0.955055 0.979556 0.982007 0.966904 0.964433 0.975716 0.976494 0.999705 1.001827
1.428350e+08 0.976231 0.978442 0.953449 0.955296 0.979641 0.982082 0.967228 0.964790 0.976039 0.976743 0.999711 1.001776
1.429150e+08 0.976112 0.978234 0.953735 0.955557 0.979750 0.982179 0.967583 0.965170 0.976389 0.977017 0.999746 1.001753
1.429950e+08 0.976018 0.978051 0.954041 0.955839 0.979884 0.982296 0.967968 0.965576 0.976768 0.977317 0.999811 1.001757
1.430750e+08 0.975949 0.977892 0.954370 0.956143 0.980043 0.982436 0.968384 0.966006 0.977175 0.977644 0.999906 1.001790
1.431550e+08 0.975906 0.977760 0.954721 0.956468 0.980227 0.982598 0.968831 0.966462 0.977611 0.977997 1.000031 1.001852
1.432350e+08 0.975889 0.977653 0.955094 0.956817 0.980438 0.982782 0.969308 0.966943 0.978075 0.978378 1.000186 1.001943
1.433150e+08 0.975899 0.977574 0.955492 0.957188 0.980676 0.982990 0.969817 0.967449 0.978568 0.978785 1.000372 1.002063
1.433950e+08 0.975936 0.977522 0.955913 0.957583 0.980940 0.983221 0.970356 0.967981 0.979090 0.979219 1.000589 1.002213
1.434750e+08 0.976000 0.977499 0.956358 0.958001 0.981231 0.983476 0.970927 0.968539 0.979640 0.979681 1.000837 1.002393
1.435550e+08 0.976092 0.977503 0.956828 0.958444 0.981550 0.983755 0.971528 0.969122 0.980218 0.980170 1.001116 1.002603
1.436350e+08 0.976211 0.977536 0.957322 0.958912 0.981897 0.984058 0.972159 0.969731 0.980825 0.980686 1.001425 1.002842
1.437150e+08 0.976358 0.977598 0.957842 0.959405 0.982271 0.984386 0.972821 0.970365 0.981460 0.981229 1.001765 1.003112
1.437950e+08 0.976533 0.977689 0.958387 0.959923 0.982673 0.984739 0.973513 0.971024 0.982123 0.981799 1.002136 1.003412
1.438750e+08 0.976736 0.977810 0.958958 0.960466 0.983102 0.985116 0.974234 0.971709 0.982813 0.982395 1.002537 1.003742
1.439550e+08 0.976967 0.977961 0.959554 0.961034 0.983560 0.985519 0.974985 0.972418 0.983530 0.983019 1.002967 1.004101
1.440350e+08 0.977226 0.978140 0.960176 0.961628 0.984045 0.985946 0.975764 0.973152 0.984274 0.983668 1.003428 1.004490
1.441150e+08 0.977513 0.978350 0.960823 0.962248 0.984558 0.986398 0.976571 0.973909 0.985043 0.984344 1.003918 1.004908
1.441950e+08 0.977828 0.978590 0.961495 0.962893 0.985099 0.986874 0.977406 0.974691 0.985839 0.985045 1.004436 1.005355
1.442750e+08 0.978170 0.978859 0.962194 0.963563 0.985666 0.987375 0.978268 0.975496 0.986660 0.985771 1.004983 1.005831
1.443550e+08 0.978539 0.979157 0.962917 0.964259 0.986261 0.987901 0.979156 0.976324 0.987505 0.986521 1.005558 1.006335
1.444350e+08 0.978935 0.979485 0.963665 0.964980 0.986882 0.988451 0.980070 0.977174 0.988374 0.987296 1.006160 1.006866
1.445150e+08 0.979358 0.979842 0.964439 0.965725 0.987529 0.989024 0.981009 0.978046 0.989266 0.988095 1.006788 1.007425
1.445950e+08 0.979807 0.980228 0.965236 0.966495 0.988203 0.989621 0.981972 0.978940 0.990180 0.988916 1.007442 1.008010
1.446750e+08 0.980282 0.980642 0.966058 0.967289 0.988901 0.990241 0.982957 0.979853 0.991116 0.989760 1.008121 1.008621
1.447550e+08 0.980782 0.981084 0.966904 0.968107 0.989624 0.990884 0.983966 0.980787 0.992072 0.990625 1.008825 1.009257
1.448350e+08 0.981307 0.981554 0.967773 0.968949 0.990372 0.991550 0.984995 0.981740 0.993049 0.991511 1.009552 1.009918
1.449150e+08 0.981857 0.982052 0.968664 0.969813 0.991143 0.992237 0.986045 0.982712 0.994044 0.992417 1.010301 1.010602
1.449950e+08 0.982430 0.982576 0.969578 0.970699 0.991937 0.992945 0.987114 0.983701 0.995057 0.993342 1.011072 1.011310
1.450750e+08 0.983026 0.983126 0.970514 0.971608 0.992754 0.993674 0.988201 0.984707 0.996087 0.994286 1.011864 1.012039
1.451550e+08 0.983645 0.983702 0.971470 0.972537 0.993591 0.994424 0.989305 0.985729 0.997133 0.995247 1.012675 1.012790
1.452350e+08 0.984285 0.984302 0.972447 0.973487 0.994450 0.995192 0.990425 0.986766 0.998194 0.996225 1.013505 1.013561
1.453150e+08 0.984946 0.984927 0.973443 0.974457 0.995328 0.995980 0.991560 0.987817 0.999268 0.997219 1.014353 1.014351
1.453950e+08 0.985628 0.985575 0.974459 0.975445 0.996225 0.996785 0.992709 0.988882 1.000355 0.998227 1.015216 1.015159
1.454750e+08 0.986328 0.986246 0.975492 0.976452 0.997141 0.997608 0.993870 0.989959 1.001454 0.999248 1.016095 1.015984
1.455550e+08 0.987048 0.986938 0.976543 0.977477 0.998073 0.998447 0.995042 0.991047 1.002563 1.000283 1.016988 1.016826
1.456350e+08 0.987784 0.987651 0.977609 0.978517 0.999022 0.999301 0.996225 0.992146 1.003681 1.001328 1.017893 1.017682
1.457150e+08 0.988538 0.988384 0.978692 0.979574 0.999986 1.000171 0.997415 0.993253 1.004807 1.002384 1.018811 1.018552
1.457950e+08 0.989307 0.989136 0.979789 0.980645 1.000963 1.001054 0.998613 0.994369 1.005940 1.003450 1.019738 1.019435
1.458750e+08 0.990091 0.989906 0.980899 0.981730 1.001954 1.001950 0.999817 0.995492 1.007078 1.004523 1.020674 1.020329
1.459550e+08 0.990888 0.990693 0.982022 0.982827 1.002957 1.002858 1.001025 0.996622 1.008221 1.005603 1.021618 1.021233
1.460350e+08 0.991699 0.991496 0.983156 0.983937 1.003970 1.003777 1.002237 0.997756 1.009366 1.006690 1.022569 1.022146
1.461150e+08 0.992521 0.992314 0.984301 0.985057 1.004993 1.004706 1.003450 0.998893 1.010513 1.007780 1.023524 1.023066
1.461950e+08 0.993353 0.993146 0.985455 0.986186 1.006025 1.005643 1.004664 1.000034 1.011660 1.008874 1.024483 1.023993
1.462750e+08 0.994195 0.993990 0.986617 0.987324 1.007064 1.006589 1.005877 1.001175 1.012806 1.009970 1.025444 1.024925
1.463550e+08 0.995045 0.994845 0.987786 0.988469 1.008108 1.007542 1.007088 1.002317 1.013949 1.011067 1.026406 1.025860
1.464350e+08 0.995903 0.995711 0.988962 0.989620 1.009158 1.008500 1.008294 1.003459 1.015089 1.012163 1.027367 1.026798
1.465150e+08 0.996767 0.996585 0.990142 0.990776 1.010211 1.009463 1.009496 1.004598 1.016224 1.013258 1.028327 1.027736
1.465950e+08 0.997635 0.997468 0.991325 0.991936 1.011266 1.010429 1.010691 1.005734 1.017353 1.014350 1.029283 1.028674
1.466750e+08 0.998508 0.998357 0.992511 0.993099 1.012322 1.011398 1.011878 1.006865 1.018474 1.015438 1.030234 1.029611
1.467550e+08 0.999383 0.999251 0.993698 0.994263 1.013378 1.012368 1.013056 1.007991 1.019586 1.016520 1.031179 1.030544
1.468350e+08 1.000259 1.000150 0.994885 0.995427 1.014432 1.013338 1.014223 1.009111 1.020687 1.017596 1.032117 1.031472
1.469150e+08 1.001136 1.001051 0.996071 0.996590 1.015484 1.014307 1.015378 1.010222 1.021778 1.018663 1.033045 1.032395
1.469950e+08 1.002012 1.001954 0.997254 0.997750 1.016531 1.015273 1.016519 1.011324 1.022855 1.019722 1.033964 1.033310
1.470750e+08 1.002886 1.002857 0.998434 0.998908 1.017573 1.016237 1.017646 1.012416 1.023918 1.020770 1.034870 1.034216
1.471550e+08 1.003756 1.003759 0.999608 1.000060 1.018608 1.017195 1.018756 1.013496 1.024966 1.021806 1.035764 1.035113
1.472350e+08 1.004622 1.004658 1.000776 1.001206 1.019635 1.018148 1.019849 1.014564 1.025997 1.022830 1.036643 1.035998
1.473150e+08 1.005482 1.005554 1.001937 1.002345 1.020653 1.019095 1.020924 1.015618 1.027011 1.023839 1.037506 1.036870
1.473950e+08 1.006336 1.006445 1.003089 1.003476 1.021660 1.020033 1.021978 1.016658 1.028005 1.024833 1.038352 1.037729
1.474750e+08 1.007181 1.007330 1.004232 1.004597 1.022656 1.020962 1.023011 1.017681 1.028979 1.025811 1.039180 1.038572
1.475550e+08 1.008018 1.008207 1.005363 1.005706 1.023638 1.021880 1.024022 1.018688 1.029932 1.026771 1.039988 1.039398
1.476350e+08 1.008844 1.009075 1.006482 1.006804 1.024606 1.022788 1.025009 1.019676 1.030862 1.027712 1.040776 1.040206
1.477150e+08 1.009659 1.009934 1.007587 1.007889 1.025558 1.023682 1.025972 1.020646 1.031769 1.028634 1.041541 1.040996
1.477950e+08 1.010461 1.010781 1.008678 1.008959 1.026494 1.024563 1.026909 1.021595 1.032652 1.029534 1.042283 1.041765
1.478750e+08 1.011250 1.011616 1.009753 1.010013 1.027412 1.025430 1.027819 1.022523 1.033508 1.030413 1.043001 1.042512
1.479550e+08 1.012024 1.012438 1.010811 1.011051 1.028311 1.026280 1.028701 1.023430 1.034339 1.031268 1.043694 1.043237
1.480350e+08 1.012782 1.013244 1.011851 1.012070 1.029190 1.027114 1.029554 1.024313 1.035141 1.032100 1.044359 1.043938
1.481150e+08 1.013524 1.014035 1.012872 1.013071 1.030047 1.027929 1.030378 1.025173 1.035915 1.032906 1.044997 1.044614
1.481950e+08 1.014248 1.014808 1.013873 1.014052 1.030882 1.028726 1.031170 1.026008 1.036660 1.033687 1.045607 1.045264
1.482750e+08 1.014953 1.015564 1.014852 1.015012 1.031694 1.029503 1.031932 1.026817 1.037375 1.034441 1.046187 1.045887
1.483550e+08 1.015639 1.016300 1.015810 1.015950 1.032481 1.030260 1.032660 1.027600 1.038058 1.035167 1.046736 1.046482
1.484350e+08 1.016304 1.017016 1.016744 1.016864 1.033243 1.030994 1.033356 1.028356 1.038710 1.035865 1.047255 1.047048
1.485150e+08 1.016947 1.017710 1.017654 1.017755 1.033979 1.031706 1.034018 1.029084 1.039329 1.036533 1.047741 1.047584
1.485950e+08 1.017569 1.018383 1.018540 1.018621 1.034688 1.032394 1.034645 1.029783 1.039916 1.037172 1.048194 1.048090
1.486750e+08 1.018167 1.019032 1.019399 1.019461 1.035368 1.033059 1.035236 1.030453 1.040469 1.037779 1.048613 1.048564
1.487550e+08 1.018742 1.019657 1.020232 1.020275 1.036020 1.033697 1.035793 1.031094 1.040987 1.038356 1.048998 1.049005
1.488350e+08 1.019292 1.020257 1.021037 1.021061 1.036642 1.034311 1.036313 1.031704 1.041471 1.038900 1.049348 1.049414
1.489150e+08 1.019817 1.020831 1.021814 1.021820 1.037234 1.034897 1.036796 1.032283 1.041919 1.039412 1.049662 1.049789
1.489950e+08 1.020315 1.021379 1.022563 1.022549 1.037794 1.035456 1.037242 1.032831 1.042332 1.039891 1.049940 1.050129
1.490750e+08 1.020788 1.021899 1.023281 1.023250 1.038323 1.035988 1.037650 1.033347 1.042709 1.040337 1.050182 1.050435
1.491550e+08 1.021233 1.022392 1.023970 1.023920 1.038819 1.036490 1.038021 1.033830 1.043049 1.040748 1.050387 1.050705
1.492350e+08 1.021650 1.022855 1.024628 1.024559 1.039283 1.036964 1.038354 1.034282 1.043353 1.041125 1.050554 1.050940
1.493150e+08 1.022039 1.023290 1.025254 1.025168 1.039713 1.037408 1.038648 1.034700 1.043621 1.041468 1.050683 1.051137
1.493950e+08 1.022400 1.023695 1.025849 1.025745 1.040110 1.037822 1.038904 1.035085 1.043851 1.041775 1.050775 1.051299
1.494750e+08 1.022732 1.024069 1.026412 1.026290 1.040472 1.038205 1.039122 1.035436 1.044044 1.042048 1.050828 1.051423
1.495550e+08 1.023034 1.024413 1.026942 1.026802 1.040799 1.038557 1.039301 1.035754 1.044200 1.042285 1.050843 1.051509
1.496350e+08 1.023307 1.024726 1.027439 1.027282 1.041092 1.038878 1.039442 1.036039 1.044319 1.042486 1.050820 1.051559
1.497150e+08 1.023549 1.025007 1.027903 1.027729 1.041349 1.039167 1.039544 1.036289 1.044401 1.042653 1.050759 1.051570
1.497950e+08 1.023762 1.025257 1.028334 1.028143 1.041571 1.039425 1.039609 1.036506 1.044447 1.042783 1.050659 1.051544
1.498750e+08 1.023944 1.025474 1.028731 1.028523 1.041758 1.039650 1.039635 1.036689 1.044455 1.042878 1.050520 1.051480
1.499550e+08 1.024096 1.025659 1.029095 1.028870 1.041909 1.039843 1.039624 1.036838 1.044427 1.042937 1.050344 1.051378
1.500350e+08 1.024217 1.025812 1.029425 1.029184 1.042024 1.040004 1.039575 1.036954 1.044363 1.042962 1.050129 1.051238
1.501150e+08 1.024308 1.025932 1.029721 1.029464 1.042103 1.040132 1.039490 1.037036 1.044263 1.042950 1.049877 1.051061
1.501950e+08 1.024368 1.026020 1.029983 1.029710 1.042147 1.040228 1.039368 1.037085 1.044127 1.042905 1.049587 1.050847
1.502750e+08 1.024397 1.026076 1.030212 1.029923 1.042156 1.040291 1.039210 1.037101 1.043956 1.042824 1.049261 1.050595
1.503550e+08 1.024396 1.026099 1.030407 1.030103 1.042129 1.040322 1.039016 1.037084 1.043751 1.042709 1.048897 1.050306
1.504350e+08 1.024366 1.026089 1.030569 1.030250 1.042067 1.040321 1.038788 1.037035 1.043511 1.042560 1.048498 1.049981
1.505150e+08 1.024305 1.026048 1.030698 1.030364 1.041970 1.040287 1.038525 1.036954 1.043238 1.042377 1.048063 1.049619
1.505950e+08 1.024214 1.025975 1.030794 1.030445 1.041839 1.040222 1.038229 1.036842 1.042933 1.042162 1.047593 1.049222
1.506750e+08 1.024094 1.025870 1.030858 1.030495 1.041673 1.040124 1.037900 1.036698 1.042595 1.041914 1.047089 1.048789
1.507550e+08 1.023945 1.025734 1.030890 1.030512 1.041474 1.039996 1.037539 1.036524 1.042225 1.041634 1.046550 1.048322
1.508350e+08 1.023767 1.025568 1.030890 1.030499 1.041241 1.039836 1.037147 1.036320 1.041825 1.041322 1.045979 1.047821
1.509150e+08 1.023561 1.025370 1.030859 1.030454 1.040976 1.039646 1.036725 1.036086 1.041395 1.040980 1.045376 1.047287
1.509950e+08 1.023328 1.025143 1.030797 1.030380 1.040679 1.039426 1.036273 1.035824 1.040936 1.040608 1.044741 1.046719
1.510750e+08 1.023067 1.024887 1.030705 1.030276 1.040350 1.039176 1.035793 1.035534 1.040448 1.040207 1.044076 1.046120
1.511550e+08 1.022779 1.024602 1.030584 1.030143 1.039990 1.038897 1.035286 1.035217 1.039934 1.039777 1.043381 1.045490
1.512350e+08 1.022466 1.024288 1.030435 1.029981 1.039600 1.038589 1.034752 1.034873 1.039393 1.039319 1.042657 1.044829
1.513150e+08 1.022127 1.023947 1.030257 1.029792 1.039181 1.038254 1.034193 1.034503 1.038827 1.038835 1.041906 1.044139
1.513950e+08 1.021764 1.023580 1.030052 1.029576 1.038733 1.037891 1.033610 1.034108 1.038237 1.038325 1.041128 1.043420
1.514750e+08 1.021377 1.023186 1.029821 1.029335 1.038257 1.037501 1.033005 1.033690 1.037624 1.037789 1.040324 1.042674
1.515550e+08 1.020966 1.022768 1.029564 1.029068 1.037755 1.037085 1.032377 1.033248 1.036988 1.037230 1.039497 1.041901
1.516350e+08 1.020534 1.022325 1.029283 1.028777 1.037226 1.036644 1.031729 1.032784 1.036332 1.036648 1.038645 1.041103
1.517150e+08 1.020080 1.021858 1.028977 1.028463 1.036672 1.036179 1.031062 1.032299 1.035656 1.036044 1.037772 1.040280
1.517950e+08 1.019605 1.021370 1.028649 1.028126 1.036094 1.035690 1.030377 1.031793 1.034961 1.035419 1.036878 1.039434
1.518750e+08 1.019111 1.020859 1.028300 1.027769 1.035494 1.035179 1.029675 1.031268 1.034249 1.034774 1.035964 1.038566
1.519550e+08 1.018598 1.020328 1.027929 1.027391 1.034871 1.034645 1.028958 1.030725 1.033521 1.034110 1.035031 1.037676
1.520350e+08 1.018067 1.019778 1.027539 1.026993 1.034227 1.034091 1.028227 1.030165 1.032778 1.033429 1.034082 1.036767
1.521150e+08 1.017519 1.019209 1.027130 1.026578 1.033564 1.033517 1.027484 1.029589 1.032022 1.032732 1.033116 1.035840
1.521950e+08 1.016956 1.018623 1.026703 1.026146 1.032882 1.032924 1.026729 1.028998 1.031253 1.032019 1.032136 1.034895
1.522750e+08 1.016378 1.018021 1.026260 1.025697 1.032182 1.032313 1.025964 1.028393 1.030474 1.031292 1.031143 1.033933
1.523550e+08 1.015786 1.017404 1.025802 1.025235 1.031466 1.031686 1.025191 1.027776 1.029684 1.030552 1.030138 1.032958
1.524350e+08 1.015182 1.016773 1.025329 1.024758 1.030735 1.031042 1.024411 1.027147 1.028886 1.029801 1.029123 1.031968
1.525150e+08 1.014567 1.016129 1.024844 1.024270 1.029991 1.030383 1.023626 1.026507 1.028082 1.029040 1.028098 1.030967
1.525950e+08 1.013941 1.015474 1.024347 1.023770 1.029233 1.029711 1.022836 1.025859 1.027271 1.028269 1.027066 1.029954
1.526750e+08 1.013306 1.014809 1.023839 1.023260 1.028464 1.029027 1.022044 1.025202 1.026456 1.027491 1.026028 1.028932
1.527550e+08 1.012663 1.014135 1.023323 1.022742 1.027686 1.028330 1.021250 1.024538 1.025639 1.026706 1.024984 1.027903
1.528350e+08 1.012013 1.013453 1.022798 1.022217 1.026898 1.027624 1.020456 1.023869 1.024819 1.025915 1.023938 1.026866
1.529150e+08 1.011358 1.012765 1.022266 1.021685 1.026103 1.026908 1.019664 1.023196 1.023999 1.025121 1.022889 1.025824
1.529950e+08 1.010698 1.012071 1.021730 1.021148 1.025301 1.026185 1.018875 1.022519 1.023180 1.024324 1.021839 1.024778
1.530750e+08 1.010035 1.011374 1.021188 1.020608 1.024495 1.025454 1.018090 1.021840 1.022364 1.023526 1.020790 1.023729
1.531550e+08 1.009369 1.010674 1.020644 1.020066 1.023685 1.024718 1.017311 1.021161 1.021551 1.022727 1.019743 1.022679
1.532350e+08 1.008703 1.009973 1.020098 1.019523 1.022873 1.023977 1.016539 1.020482 1.020743 1.021929 1.018699 1.021629
1.533150e+08 1.008037 1.009272 1.019552 1.018980 1.022060 1.023233 1.015775 1.019804 1.019941 1.021134 1.017661 1.020580
1.533950e+08 1.007373 1.008572 1.019006 1.018438 1.021247 1.022486 1.015021 1.019129 1.019147 1.020343 1.016628 1.019535
1.534750e+08 1.006712 1.007875 1.018463 1.017899 1.020436 1.021739 1.014279 1.018458 1.018361 1.019556 1.015603 1.018493
1.535550e+08 1.006054 1.007182 1.017923 1.017364 1.019627 1.020992 1.013548 1.017792 1.017586 1.018775 1.014586 1.017457
1.536350e+08 1.005401 1.006494 1.017387 1.016834 1.018823 1.020246 1.012832 1.017133 1.016821 1.018001 1.013580 1.016427
1.537150e+08 1.004755 1.005813 1.016858 1.016311 1.018024 1.019503 1.012130 1.016480 1.016069 1.017236 1.012585 1.015406
1.537950e+08 1.004116 1.005139 1.016335 1.015795 1.017232 1.018763 1.011444 1.015837 1.015330 1.016481 1.011603 1.014394
1.538750e+08 1.003485 1.004475 1.015820 1.015288 1.016447 1.018028 1.010776 1.015202 1.014606 1.015736 1.010634 1.013392
1.539550e+08 1.002864 1.003820 1.015315 1.014791 1.015672 1.017298 1.010126 1.014579 1.013898 1.015003 1.009681 1.012402
1.540350e+08 1.002254 1.003177 1.014820 1.014305 1.014907 1.016576 1.009496 1.013967 1.013207 1.014283 1.008743 1.011425
1.541150e+08 1.001656 1.002546 1.014336 1.013831 1.014153 1.015862 1.008886 1.013367 1.012533 1.013577 1.007823 1.010462
1.541950e+08 1.001070 1.001930 1.013866 1.013371 1.013412 1.015156 1.008298 1.012782 1.011878 1.012886 1.006921 1.009515
1.542750e+08 1.000499 1.001327 1.013409 1.012924 1.012685 1.014461 1.007732 1.012211 1.011243 1.012212 1.006039 1.008584
1.543550e+08 0.999942 1.000741 1.012966 1.012493 1.011972 1.013777 1.007190 1.011656 1.010629 1.011554 1.005177 1.007670
1.544350e+08 0.999401 1.000172 1.012540 1.012078 1.011275 1.013106 1.006673 1.011117 1.010037 1.010914 1.004336 1.006775
1.545150e+08 0.998878 0.999621 1.012130 1.011681 1.010595 1.012447 1.006181 1.010596 1.009466 1.010293 1.003518 1.005899
1.545950e+08 0.998372 0.999089 1.011738 1.011301 1.009933 1.011802 1.005715 1.010093 1.008919 1.009692 1.002723 1.005043
1.546750e+08 0.997884 0.998578 1.011364 1.010941 1.009290 1.011173 1.005276 1.009609 1.008396 1.009112 1.001951 1.004209
1.547550e+08 0.997417 0.998087 1.011010 1.010600 1.008666 1.010559 1.004864 1.009145 1.007898 1.008553 1.001205 1.003397
1.548350e+08 0.996970 0.997618 1.010676 1.010280 1.008063 1.009962 1.004481 1.008702 1.007425 1.008016 1.000484 1.002609
1.549150e+08 0.996544 0.997171 1.010363 1.009982 1.007481 1.009382 1.004127 1.008280 1.006979 1.007502 0.999790 1.001844
1.549950e+08 0.996140 0.996749 1.010071 1.009705 1.006922 1.008821 1.003803 1.007880 1.006558 1.007012 0.999122 1.001104
1.550750e+08 0.995759 0.996350 1.009803 1.009452 1.006385 1.008279 1.003508 1.007502 1.006165 1.006545 0.998482 1.000389
1.551550e+08 0.995401 0.995977 1.009557 1.009221 1.005872 1.007756 1.003244 1.007148 1.005800 1.006104 0.997871 0.999700
1.552350e+08 0.995068 0.995630 1.009335 1.009015 1.005383 1.007254 1.003011 1.006817 1.005462 1.005688 0.997287 0.999037
1.553150e+08 0.994759 0.995308 1.009137 1.008833 1.004919 1.006773 1.002809 1.006511 1.005153 1.005297 0.996733 0.998402
1.553950e+08 0.994475 0.995014 1.008964 1.008676 1.004481 1.006314 1.002638 1.006229 1.004873 1.004933 0.996208 0.997794
1.554750e+08 0.994217 0.994748 1.008816 1.008544 1.004069 1.005877 1.002500 1.005973 1.004621 1.004595 0.995713 0.997214
1.555550e+08 0.993985 0.994509 1.008694 1.008439 1.003683 1.005463 1.002393 1.005742 1.004399 1.004285 0.995248 0.996663
1.556350e+08 0.993780 0.994299 1.008597 1.008359 1.003324 1.005072 1.002318 1.005537 1.004206 1.004001 0.994813 0.996141
1.557150e+08 0.993602 0.994118 1.008527 1.008305 1.002993 1.004704 1.002275 1.005357 1.004042 1.003745 0.994408 0.995648
1.557950e+08 0.993452 0.993966 1.008484 1.008279 1.002689 1.004360 1.002265 1.005204 1.003908 1.003517 0.994035 0.995184
1.558750e+08 0.993329 0.993844 1.008467 1.008278 1.002413 1.004041 1.002286 1.005078 1.003803 1.003317 0.993691 0.994749
1.559550e+08 0.993234 0.993751 1.008477 1.008305 1.002165 1.003746 1.002339 1.004978 1.003728 1.003144 0.993379 0.994344
1.560350e+08 0.993168 0.993689 1.008515 1.008359 1.001945 1.003477 1.002425 1.004905 1.003682 1.002999 0.993096 0.993969
1.561150e+08 0.993129 0.993656 1.008579 1.008439 1.001753 1.003232 1.002541 1.004858 1.003665 1.002883 0.992845 0.993624
1.561950e+08 0.993119 0.993654 1.008670 1.008547 1.001590 1.003012 1.002689 1.004838 1.003677 1.002794 0.992623 0.993308
1.562750e+08 0.993138 0.993681 1.008788 1.008681 1.001456 1.002818 1.002868 1.004845 1.003718 1.002733 0.992432 0.993022
1.563550e+08 0.993185 0.993739 1.008933 1.008841 1.001350 1.002649 1.003078 1.004878 1.003787 1.002699 0.992270 0.992766
1.564350e+08 0.993260 0.993828 1.009105 1.009028 1.001272 1.002505 1.003317 1.004938 1.003884 1.002693 0.992138 0.992538
1.565150e+08 0.993364 0.993946 1.009304 1.009242 1.001222 1.002387 1.003586 1.005024 1.004009 1.002714 0.992035 0.992340
1.565950e+08 0.993495 0.994093 1.009528 1.009481 1.001200 1.002293 1.003884 1.005135 1.004160 1.002762 0.991960 0.992171
1.566750e+08 0.993655 0.994271 1.009779 1.009745 1.001206 1.002225 1.004211 1.005273 1.004339 1.002836 0.991914 0.992029
1.567550e+08 0.993843 0.994477 1.010055 1.010035 1.001240 1.002182 1.004565 1.005435 1.004543 1.002936 0.991895 0.991916
1.568350e+08 0.994058 0.994712 1.010356 1.010349 1.001300 1.002163 1.004946 1.005623 1.004773 1.003062 0.991903 0.991830
1.569150e+08 0.994300 0.994976 1.010681 1.010687 1.001387 1.002169 1.005354 1.005835 1.005027 1.003213 0.991937 0.991771
1.569950e+08 0.994569 0.995268 1.011031 1.011049 1.001500 1.002198 1.005787 1.006071 1.005305 1.003388 0.991997 0.991739
1.570750e+08 0.994865 0.995588 1.011405 1.011433 1.001638 1.002252 1.006244 1.006330 1.005607 1.003588 0.992082 0.991732
1.571550e+08 0.995186 0.995934 1.011801 1.011840 1.001802 1.002328 1.006726 1.006612 1.005930 1.003810 0.992192 0.991750
1.572350e+08 0.995533 0.996307 1.012220 1.012269 1.001990 1.002428 1.007230 1.006917 1.006276 1.004055 0.992324 0.991793
1.573150e+08 0.995905 0.996706 1.012660 1.012718 1.002203 1.002549 1.007756 1.007243 1.006642 1.004322 0.992479 0.991859
1.573950e+08 0.996300 0.997129 1.013121 1.013187 1.002438 1.002693 1.008303 1.007590 1.007028 1.004610 0.992655 0.991949
1.574750e+08 0.996720 0.997577 1.013602 1.013675 1.002695 1.002858 1.008869 1.007958 1.007433 1.004919 0.992852 0.992060
1.575550e+08 0.997162 0.998049 1.014103 1.014182 1.002975 1.003043 1.009454 1.008344 1.007855 1.005246 0.993068 0.992192
1.576350e+08 0.997627 0.998543 1.014621 1.014706 1.003275 1.003248 1.010056 1.008750 1.008294 1.005593 0.993303 0.992345
1.577150e+08 0.998113 0.999059 1.015158 1.015246 1.003595 1.003472 1.010675 1.009173 1.008749 1.005956 0.993555 0.992517
1.577950e+08 0.998619 0.999596 1.015710 1.015802 1.003934 1.003715 1.011309 1.009614 1.009219 1.006337 0.993824 0.992707
1.578750e+08 0.999146 1.000153 1.016278 1.016373 1.004291 1.003975 1.011957 1.010070 1.009702 1.006733 0.994108 0.992914
1.579550e+08 0.999691 1.000729 1.016861 1.016957 1.004665 1.004253 1.012617 1.010542 1.010198 1.007144 0.994405 0.993137
1.580350e+08 1.000255 1.001323 1.017457 1.017553 1.005056 1.004546 1.013289 1.011028 1.010704 1.007568 0.994716 0.993375
1.581150e+08 1.000836 1.001934 1.018066 1.018161 1.005461 1.004854 1.013970 1.011527 1.011221 1.008005 0.995038 0.993628
1.581950e+08 1.001432 1.002561 1.018685 1.018778 1.005881 1.005177 1.014660 1.012038 1.011746 1.008454 0.995371 0.993893
1.582750e+08 1.002044 1.003203 1.019315 1.019405 1.006313 1.005513 1.015358 1.012560 1.012279 1.008912 0.995713 0.994169
1.583550e+08 1.002671 1.003858 1.019954 1.020039 1.006758 1.005862 1.016061 1.013093 1.012818 1.009380 0.996062 0.994456
1.584350e+08 1.003310 1.004526 1.020601 1.020680 1.007213 1.006221 1.016769 1.013635 1.013362 1.009856 0.996418 0.994752
1.585150e+08 1.003962 1.005206 1.021255 1.021327 1.007677 1.006592 1.017481 1.014184 1.013909 1.010339 0.996780 0.995056
1.585950e+08 1.004624 1.005895 1.021914 1.021977 1.008150 1.006971 1.018194 1.014740 1.014459 1.010827 0.997145 0.995367
1.586750e+08 1.005296 1.006593 1.022577 1.022631 1.008630 1.007359 1.018907 1.015302 1.015010 1.011320 0.997512 0.995683
1.587550e+08 1.005978 1.007300 1.023243 1.023286 1.009115 1.007754 1.019619 1.015869 1.015561 1.011816 0.997881 0.996003
1.588350e+08 1.006667 1.008012 1.023911 1.023942 1.009606 1.008155 1.020329 1.016438 1.016111 1.012313 0.998250 0.996326
1.589150e+08 1.007362 1.008730 1.024579 1.024597 1.010099 1.008562 1.021035 1.017010 1.016657 1.012812 0.998617 0.996650
1.589950e+08 1.008063 1.009451 1.025247 1.025250 1.010595 1.008972 1.021736 1.017583 1.017199 1.013310 0.998981 0.996974
1.590750e+08 1.008767 1.010175 1.025913 1.025899 1.011092 1.009385 1.022430 1.018156 1.017735 1.013806 0.999341 0.997297
1.591550e+08 1.009475 1.010901 1.026575 1.026544 1.011588 1.009799 1.023115 1.018728 1.018265 1.014299 0.999695 0.997617
1.592350e+08 1.010185 1.011626 1.027233 1.027183 1.012082 1.010214 1.023792 1.019297 1.018787 1.014787 1.000042 0.997934
1.593150e+08 1.010895 1.012350 1.027884 1.027814 1.012574 1.010629 1.024457 1.019862 1.019298 1.015270 1.000381 0.998245
1.593950e+08 1.011605 1.013072 1.028529 1.028438 1.013061 1.011042 1.025110 1.020422 1.019800 1.015746 1.000711 0.998549
1.594750e+08 1.012313 1.013789 1.029166 1.029051 1.013542 1.011451 1.025749 1.020976 1.020289 1.016214 1.001029 0.998846
1.595550e+08 1.013017 1.014502 1.029792 1.029654 1.014016 1.011857 1.026374 1.021522 1.020764 1.016673 1.001334 0.999134
1.596350e+08 1.013718 1.015208 1.030408 1.030244 1.014483 1.012257 1.026982 1.022061 1.021225 1.017121 1.001627 0.999411
1.597150e+08 1.014413 1.015906 1.031012 1.030821 1.014940 1.012651 1.027572 1.022589 1.021671 1.017557 1.001904 0.999676
1.597950e+08 1.015102 1.016595 1.031603 1.031384 1.015386 1.013037 1.028143 1.023106 1.022099 1.017980 1.002165 0.999928
1.598750e+08 1.015783 1.017274 1.032179 1.031931 1.015820 1.013415 1.028695 1.023612 1.022509 1.018389 1.002408 1.000166
1.599550e+08 1.016455 1.017942 1.032739 1.032461 1.016241 1.013783 1.029224 1.024104 1.022899 1.018783 1.002633 1.000388
1.600350e+08 1.017117 1.018597 1.033283 1.032973 1.016648 1.014140 1.029732 1.024582 1.023269 1.019160 1.002838 1.000594
1.601150e+08 1.017768 1.019237 1.033808 1.033466 1.017039 1.014484 1.030215 1.025045 1.023617 1.019519 1.003022 1.000781
1.601950e+08 1.018407 1.019863 1.034315 1.033938 1.017413 1.014816 1.030674 1.025491 1.023943 1.019859 1.003184 1.000949
1.602750e+08 1.019032 1.020473 1.034801 1.034390 1.017769 1.015133 1.031106 1.025919 1.024244 1.020180 1.003323 1.001097
1.603550e+08 1.019643 1.021065 1.035266 1.034819 1.018107 1.015436 1.031512 1.026329 1.024521 1.020479 1.003437 1.001223
1.604350e+08 1.020238 1.021639 1.035709 1.035225 1.018424 1.015721 1.031889 1.026720 1.024772 1.020757 1.003526 1.001327
1.605150e+08 1.020817 1.022193 1.036129 1.035607 1.018720 1.015990 1.032238 1.027090 1.024996 1.021012 1.003589 1.001408
1.605950e+08 1.021378 1.022727 1.036525 1.035963 1.018994 1.016240 1.032556 1.027438 1.025192 1.021242 1.003624 1.001463
1.606750e+08 1.021921 1.023239 1.036896 1.036294 1.019244 1.016470 1.032844 1.027763 1.025360 1.021448 1.003631 1.001493
1.607550e+08 1.022444 1.023728 1.037240 1.036598 1.019470 1.016681 1.033100 1.028065 1.025498 1.021628 1.003609 1.001497
1.608350e+08 1.022947 1.024194 1.037558 1.036874 1.019671 1.016870 1.033323 1.028343 1.025606 1.021781 1.003556 1.001473
1.609150e+08 1.023428 1.024636 1.037849 1.037122 1.019846 1.017038 1.033513 1.028596 1.025683 1.021907 1.003474 1.001421
1.609950e+08 1.023888 1.025052 1.038111 1.037341 1.019994 1.017182 1.033669 1.028823 1.025729 1.022005 1.003359 1.001339
1.610750e+08 1.024324 1.025443 1.038344 1.037531 1.020114 1.017303 1.033791 1.029023 1.025742 1.022073 1.003212 1.001228
1.611550e+08 1.024737 1.025806 1.038547 1.037690 1.020205 1.017399 1.033877 1.029195 1.025722 1.022112 1.003033 1.001086
1.612350e+08 1.025125 1.026143 1.038720 1.037818 1.020267 1.017470 1.033928 1.029340 1.025668 1.022121 1.002820 1.000912
1.613150e+08 1.025487 1.026450 1.038862 1.037915 1.020299 1.017515 1.033942 1.029455 1.025581 1.022098 1.002573 1.000707
1.613950e+08 1.025824 1.026730 1.038972 1.037980 1.020300 1.017533 1.033920 1.029541 1.025459 1.022044 1.002291 1.000468
1.614750e+08 1.026135 1.026979 1.039051 1.038012 1.020270 1.017524 1.033860 1.029597 1.025302 1.021957 1.001975 1.000197
1.615550e+08 1.026418 1.027199 1.039097 1.038012 1.020208 1.017487 1.033763 1.029622 1.025110 1.021838 1.001623 0.999892
1.616350e+08 1.026674 1.027388 1.039110 1.037979 1.020114 1.017421 1.033629 1.029617 1.024882 1.021686 1.001235 0.999552
1.617150e+08 1.026901 1.027546 1.039091 1.037913 1.019986 1.017327 1.033456 1.029579 1.024618 1.021500 1.000811 0.999178
1.617950e+08 1.027100 1.027673 1.039038 1.037814 1.019826 1.017203 1.033246 1.029510 1.024319 1.021281 1.000351 0.998769
1.618750e+08 1.027270 1.027769 1.038951 1.037680 1.019631 1.017049 1.032997 1.029409 1.023983 1.021027 0.999855 0.998325
1.619550e+08 1.027410 1.027832 1.038831 1.037514 1.019403 1.016865 1.032710 1.029275 1.023610 1.020740 0.999322 0.997845
1.620350e+08 1.027521 1.027864 1.038676 1.037313 1.019140 1.016651 1.032385 1.029108 1.023201 1.020417 0.998752 0.997329
1.621150e+08 1.027601 1.027863 1.038488 1.037078 1.018843 1.016405 1.032021 1.028908 1.022756 1.020060 0.998146 0.996777
1.621950e+08 1.027652 1.027829 1.038265 1.036810 1.018511 1.016128 1.031620 1.028674 1.022275 1.019668 0.997503 0.996190
1.622750e+08 1.027672 1.027763 1.038009 1.036509 1.018144 1.015820 1.031181 1.028407 1.021757 1.019241 0.996823 0.995566
1.623550e+08 1.027661 1.027665 1.037719 1.036173 1.017742 1.015480 1.030704 1.028107 1.021203 1.018779 0.996107 0.994907
1.624350e+08 1.027620 1.027534 1.037395 1.035805 1.017305 1.015109 1.030190 1.027773 1.020613 1.018283 0.995354 0.994211
1.625150e+08 1.027548 1.027370 1.037037 1.035403 1.016833 1.014706 1.029638 1.027405 1.019987 1.017751 0.994566 0.993480
1.625950e+08 1.027446 1.027175 1.036646 1.034969 1.016327 1.014271 1.029051 1.027004 1.019327 1.017186 0.993742 0.992713
1.626750e+08 1.027313 1.026947 1.036222 1.034503 1.015786 1.013804 1.028427 1.026570 1.018631 1.016585 0.992882 0.991910
1.627550e+08 1.027149 1.026687 1.035765 1.034005 1.015210 1.013306 1.027767 1.026102 1.017900 1.015951 0.991987 0.991072
1.628350e+08 1.026955 1.026396 1.035276 1.033475 1.014600 1.012776 1.027072 1.025602 1.017136 1.015283 0.991058 0.990199
1.629150e+08 1.026731 1.026074 1.034755 1.032914 1.013956 1.012214 1.026343 1.025068 1.016338 1.014581 0.990095 0.989292
1.629950e+08 1.026478 1.025721 1.034203 1.032323 1.013278 1.011621 1.025580 1.024502 1.015506 1.013847 0.989098 0.988351
1.630750e+08 1.026194 1.025338 1.033620 1.031702 1.012567 1.010998 1.024784 1.023904 1.014643 1.013079 0.988069 0.987376
1.631550e+08 1.025882 1.024924 1.033006 1.031053 1.011824 1.010343 1.023956 1.023274 1.013747 1.012280 0.987007 0.986368
1.632350e+08 1.025540 1.024482 1.032363 1.030374 1.011048 1.009658 1.023096 1.022612 1.012821 1.011448 0.985914 0.985327
1.633150e+08 1.025171 1.024011 1.031691 1.029668 1.010240 1.008944 1.022205 1.021920 1.011864 1.010586 0.984790 0.984255
1.633950e+08 1.024773 1.023512 1.030991 1.028936 1.009401 1.008199 1.021285 1.021197 1.010877 1.009693 0.983635 0.983151
1.634750e+08 1.024348 1.022985 1.030263 1.028177 1.008531 1.007426 1.020336 1.020445 1.009862 1.008771 0.982452 0.982017
1.635550e+08 1.023896 1.022432 1.029509 1.027393 1.007632 1.006624 1.019359 1.019663 1.008819 1.007819 0.981240 0.980853
1.636350e+08 1.023418 1.021854 1.028728 1.026585 1.006703 1.005794 1.018355 1.018852 1.007748 1.006839 0.980001 0.979659
1.637150e+08 1.022915 1.021250 1.027923 1.025753 1.005745 1.004937 1.017325 1.018014 1.006652 1.005832 0.978736 0.978438
1.637950e+08 1.022387 1.020622 1.027094 1.024899 1.004760 1.004053 1.016270 1.017148 1.005531 1.004798 0.977444 0.977189
1.638750e+08 1.021834 1.019971 1.026241 1.024023 1.003748 1.003142 1.015192 1.016255 1.004385 1.003738 0.976129 0.975914
1.639550e+08 1.021258 1.019298 1.025367 1.023128 1.002710 1.002206 1.014092 1.015337 1.003216 1.002652 0.974789 0.974613
1.640350e+08 1.020660 1.018603 1.024471 1.022213 1.001647 1.001246 1.012970 1.014394 1.002025 1.001543 0.973428 0.973288
1.641150e+08 1.020040 1.017888 1.023555 1.021279 1.000560 1.000261 1.011828 1.013427 1.000814 1.000411 0.972045 0.971939
1.641950e+08 1.019399 1.017154 1.022620 1.020329 0.999450 0.999254 1.010668 1.012437 0.999582 0.999256 0.970642 0.970568
1.642750e+08 1.018739 1.016402 1.021668 1.019363 0.998317 0.998224 1.009489 1.011424 0.998332 0.998081 0.969220 0.969175
1.643550e+08 1.018059 1.015632 1.020698 1.018382 0.997163 0.997172 1.008295 1.010390 0.997064 0.996885 0.967780 0.967762
1.644350e+08 1.017361 1.014847 1.019713 1.017387 0.995989 0.996100 1.007086 1.009335 0.995780 0.995670 0.966323 0.966330
1.645150e+08 1.016647 1.014047 1.018714 1.016380 0.994797 0.995008 1.005863 1.008261 0.994481 0.994437 0.964851 0.964879
1.645950e+08 1.015916 1.013233 1.017701 1.015362 0.993586 0.993898 1.004628 1.007169 0.993168 0.993187 0.963365 0.963412
1.646750e+08 1.015170 1.012407 1.016676 1.014333 0.992358 0.992770 1.003382 1.006059 0.991842 0.991922 0.961866 0.961929
1.647550e+08 1.014411 1.011570 1.015641 1.013296 0.991115 0.991625 1.002126 1.004933 0.990505 0.990642 0.960356 0.960431
1.648350e+08 1.013638 1.010723 1.014595 1.012252 0.989857 0.990465 1.000862 1.003792 0.989157 0.989349 0.958835 0.958921
1.649150e+08 1.012854 1.009867 1.013542 1.011201 0.988586 0.989289 0.999592 1.002637 0.987801 0.988043 0.957305 0.957398
1.649950e+08 1.012060 1.009004 1.012481 1.010145 0.987303 0.988100 0.998316 1.001468 0.986437 0.986726 0.955767 0.955864
1.650750e+08 1.011256 1.008134 1.011414 1.009086 0.986009 0.986899 0.997036 1.000288 0.985067 0.985400 0.954222 0.954320
1.651550e+08 1.010443 1.007260 1.010343 1.008023 0.984706 0.985686 0.995753 0.999096 0.983692 0.984065 0.952673 0.952769
1.652350e+08 1.009624 1.006382 1.009268 1.006960 0.983394 0.984463 0.994469 0.997895 0.982313 0.982722 0.951120 0.951210
1.653150e+08 1.008799 1.005501 1.008191 1.005897 0.982075 0.983230 0.993186 0.996686 0.980931 0.981373 0.949564 0.949645
1.653950e+08 1.007968 1.004620 1.007113 1.004835 0.980750 0.981989 0.991903 0.995469 0.979548 0.980019 0.948006 0.948076
1.654750e+08 1.007135 1.003739 1.006035 1.003775 0.979420 0.980741 0.990624 0.994246 0.978166 0.978661 0.946449 0.946504
1.655550e+08 1.006298 1.002860 1.004959 1.002719 0.978087 0.979486 0.989349 0.993018 0.976784 0.977301 0.944893 0.944929
1.656350e+08 1.005461 1.001983 1.003886 1.001668 0.976752 0.978227 0.988080 0.991787 0.975406 0.975940 0.943340 0.943354
1.657150e+08 1.004624 1.001111 1.002816 1.000623 0.975416 0.976965 0.986817 0.990552 0.974031 0.974578 0.941790 0.941779
1.657950e+08 1.003787 1.000244 1.001752 0.999585 0.974080 0.975699 0.985563 0.989316 0.972661 0.973217 0.940246 0.940206
1.658750e+08 1.002954 0.999383 1.000694 0.998556 0.972746 0.974432 0.984318 0.988080 0.971297 0.971859 0.938708 0.938637
1.659550e+08 1.002123 0.998531 0.999644 0.997536 0.971414 0.973165 0.983084 0.986844 0.969941 0.970504 0.937177 0.937071
1.660350e+08 1.001298 0.997687 0.998603 0.996527 0.970087 0.971898 0.981862 0.985610 0.968594 0.969154 0.935655 0.935511
1.661150e+08 1.000478 0.996854 0.997571 0.995530 0.968765 0.970633 0.980653 0.984380 0.967256 0.967809 0.934143 0.933957
1.661950e+08 0.999665 0.996032 0.996550 0.994545 0.967449 0.969371 0.979459 0.983153 0.965929 0.966471 0.932642 0.932411
1.662750e+08 0.998860 0.995223 0.995541 0.993574 0.966140 0.968113 0.978281 0.981932 0.964614 0.965142 0.931153 0.930874
1.663550e+08 0.998065 0.994428 0.994545 0.992618 0.964840 0.966860 0.977119 0.980718 0.963313 0.963821 0.929678 0.929347
1.664350e+08 0.997280 0.993648 0.993564 0.991678 0.963550 0.965613 0.975974 0.979510 0.962025 0.962510 0.928216 0.927831
1.665150e+08 0.996507 0.992884 0.992597 0.990754 0.962271 0.964374 0.974849 0.978312 0.960753 0.961211 0.926770 0.926328
1.665950e+08 0.995746 0.992136 0.991646 0.989848 0.961003 0.963142 0.973744 0.977122 0.959497 0.959924 0.925341 0.924837
1.666750e+08 0.994998 0.991407 0.990712 0.988960 0.959749 0.961919 0.972659 0.975944 0.958258 0.958651 0.923928 0.923361
1.667550e+08 0.994266 0.990697 0.989796 0.988091 0.958508 0.960707 0.971596 0.974777 0.957037 0.957391 0.922534 0.921901
1.668350e+08 0.993548 0.990007 0.988899 0.987243 0.957283 0.959505 0.970556 0.973622 0.955835 0.956147 0.921159 0.920456
1.669150e+08 0.992848 0.989338 0.988021 0.986415 0.956073 0.958315 0.969540 0.972481 0.954653 0.954919 0.919804 0.919029
1.669950e+08 0.992164 0.988691 0.987163 0.985608 0.954881 0.957138 0.968548 0.971355 0.953492 0.953708 0.918469 0.917619
1.670750e+08 0.991499 0.988067 0.986326 0.984824 0.953705 0.955975 0.967581 0.970244 0.952351 0.952514 0.917157 0.916229
1.671550e+08 0.990854 0.987465 0.985510 0.984062 0.952549 0.954827 0.966640 0.969148 0.951233 0.951339 0.915866 0.914858
1.672350e+08 0.990228 0.986889 0.984717 0.983324 0.951412 0.953693 0.965725 0.968070 0.950138 0.950184 0.914598 0.913507
1.673150e+08 0.989624 0.986337 0.983947 0.982609 0.950295 0.952576 0.964838 0.967010 0.949066 0.949049 0.913354 0.912178
1.673950e+08 0.989041 0.985811 0.983200 0.981918 0.949199 0.951476 0.963978 0.965968 0.948017 0.947934 0.912134 0.910870
1.674750e+08 0.988480 0.985311 0.982477 0.981252 0.948124 0.950393 0.963147 0.964945 0.946994 0.946841 0.910939 0.909585
1.675550e+08 0.987942 0.984837 0.981778 0.980611 0.947072 0.949328 0.962344 0.963942 0.945995 0.945770 0.909769 0.908323
1.676350e+08 0.987428 0.984391 0.981104 0.979994 0.946042 0.948282 0.961571 0.962960 0.945022 0.944721 0.908625 0.907085
1.677150e+08 0.986939 0.983973 0.980454 0.979404 0.945036 0.947256 0.960827 0.961999 0.944075 0.943696 0.907506 0.905870
1.677950e+08 0.986474 0.983584 0.979831 0.978839 0.944053 0.946249 0.960113 0.961059 0.943154 0.942694 0.906414 0.904680
1.678750e+08 0.986035 0.983223 0.979233 0.978300 0.943095 0.945264 0.959428 0.960142 0.942260 0.941716 0.905349 0.903516
1.679550e+08 0.985622 0.982890 0.978660 0.977787 0.942162 0.944299 0.958775 0.959247 0.941392 0.940762 0.904311 0.902376
1.680350e+08 0.985235 0.982587 0.978114 0.977300 0.941254 0.943355 0.958151 0.958376 0.940551 0.939834 0.903300 0.901262
1.681150e+08 0.984874 0.982314 0.977594 0.976838 0.940371 0.942434 0.957558 0.957528 0.939738 0.938930 0.902316 0.900174
1.681950e+08 0.984541 0.982070 0.977099 0.976403 0.939514 0.941534 0.956996 0.956704 0.938952 0.938052 0.901359 0.899113
1.682750e+08 0.984235 0.981856 0.976631 0.975994 0.938683 0.940657 0.956464 0.955904 0.938193 0.937199 0.900430 0.898077
1.683550e+08 0.983957 0.981671 0.976189 0.975610 0.937878 0.939803 0.955962 0.955129 0.937461 0.936372 0.899529 0.897068
1.684350e+08 0.983707 0.981517 0.975773 0.975252 0.937099 0.938972 0.955491 0.954378 0.936757 0.935570 0.898655 0.896085
1.685150e+08 0.983484 0.981392 0.975383 0.974918 0.936347 0.938163 0.955050 0.953652 0.936080 0.934794 0.897808 0.895129
1.685950e+08 0.983290 0.981297 0.975018 0.974610 0.935621 0.937379 0.954639 0.952951 0.935430 0.934045 0.896988 0.894199
1.686750e+08 0.983124 0.981232 0.974679 0.974326 0.934921 0.936617 0.954257 0.952276 0.934807 0.933320 0.896195 0.893296
1.687550e+08 0.982986 0.981195 0.974364 0.974067 0.934248 0.935879 0.953905 0.951625 0.934210 0.932622 0.895428 0.892419
1.688350e+08 0.982876 0.981188 0.974075 0.973831 0.933601 0.935164 0.953582 0.950999 0.933640 0.931949 0.894688 0.891567
1.689150e+08 0.982794 0.981210 0.973809 0.973618 0.932979 0.934473 0.953287 0.950399 0.933095 0.931302 0.893974 0.890742
1.689950e+08 0.982740 0.981260 0.973568 0.973428 0.932384 0.933805 0.953019 0.949824 0.932577 0.930679 0.893286 0.889942
1.690750e+08 0.982714 0.981338 0.973349 0.973259 0.931814 0.933161 0.952780 0.949273 0.932083 0.930082 0.892622 0.889167
1.691550e+08 0.982715 0.981444 0.973154 0.973113 0.931269 0.932539 0.952567 0.948747 0.931614 0.929509 0.891983 0.888418
1.692350e+08 0.982744 0.981576 0.972980 0.972986 0.930749 0.931940 0.952380 0.948245 0.931169 0.928960 0.891369 0.887692
1.693150e+08 0.982799 0.981735 0.972828 0.972880 0.930254 0.931363 0.952218 0.947768 0.930748 0.928435 0.890777 0.886991
1.693950e+08 0.982882 0.981920 0.972697 0.972793 0.929782 0.930809 0.952081 0.947314 0.930350 0.927933 0.890209 0.886313
1.694750e+08 0.982990 0.982131 0.972586 0.972725 0.929334 0.930277 0.951968 0.946884 0.929974 0.927454 0.889662 0.885657
1.695550e+08 0.983124 0.982365 0.972495 0.972674 0.928909 0.929766 0.951878 0.946477 0.929620 0.926998 0.889138 0.885025
1.696350e+08 0.983283 0.982624 0.972422 0.972639 0.928506 0.929276 0.951811 0.946092 0.929286 0.926563 0.888633 0.884413
