1.389950e+08 0.994630 0.992344 0.949070 0.945857 0.984011 0.979981 0.969358 0.962445 0.985017 0.984287 1.014372 1.013716
1.390750e+08 0.994045 0.991762 0.949119 0.945942 0.983747 0.979878 0.969181 0.962420 0.984851 0.984182 1.014007 1.013400
1.391550e+08 0.993448 0.991167 0.949151 0.946010 0.983468 0.979759 0.968994 0.962380 0.984673 0.984061 1.013630 1.013069
1.392350e+08 0.992840 0.990560 0.949166 0.946061 0.983176 0.979623 0.968798 0.962326 0.984484 0.983925 1.013241 1.012725
1.393150e+08 0.992223 0.989942 0.949166 0.946096 0.982873 0.979472 0.968595 0.962258 0.984284 0.983776 1.012841 1.012369
1.393950e+08 0.991598 0.989315 0.949152 0.946118 0.982560 0.979309 0.968386 0.962179 0.984077 0.983614 1.012432 1.012002
1.394750e+08 0.990966 0.988681 0.949126 0.946127 0.982238 0.979133 0.968171 0.962089 0.983862 0.983441 1.012016 1.011626
1.395550e+08 0.990329 0.988041 0.949088 0.946125 0.981909 0.978947 0.967954 0.961991 0.983641 0.983259 1.011593 1.011241
1.396350e+08 0.989689 0.987396 0.949040 0.946112 0.981575 0.978751 0.967734 0.961884 0.983416 0.983068 1.011165 1.010850
1.397150e+08 0.989046 0.986748 0.948984 0.946090 0.981236 0.978547 0.967514 0.961771 0.983187 0.982869 1.010734 1.010453
1.397950e+08 0.988403 0.986099 0.948920 0.946061 0.980895 0.978336 0.967294 0.961652 0.982956 0.982665 1.010300 1.010051
1.398750e+08 0.987760 0.985449 0.948850 0.946025 0.980553 0.978120 0.967076 0.961530 0.982724 0.982456 1.009866 1.009647
1.399550e+08 0.987120 0.984801 0.948775 0.945984 0.980211 0.977901 0.966862 0.961405 0.982493 0.982243 1.009432 1.009240
1.400350e+08 0.986484 0.984155 0.948698 0.945940 0.979872 0.977678 0.966652 0.961279 0.982264 0.982029 1.009000 1.008834
1.401150e+08 0.985852 0.983514 0.948618 0.945893 0.979535 0.977455 0.966448 0.961153 0.982038 0.981813 1.008571 1.008428
1.401950e+08 0.985227 0.982878 0.948537 0.945846 0.979204 0.977232 0.966251 0.961028 0.981816 0.981599 1.008147 1.008025
1.402750e+08 0.984610 0.982250 0.948457 0.945798 0.978879 0.977010 0.966062 0.960906 0.981600 0.981385 1.007729 1.007625
1.403550e+08 0.984003 0.981630 0.948380 0.945753 0.978562 0.976791 0.965884 0.960788 0.981391 0.981175 1.007319 1.007230
1.404350e+08 0.983406 0.981021 0.948305 0.945710 0.978254 0.976577 0.965716 0.960675 0.981190 0.980969 1.006916 1.006841
1.405150e+08 0.982822 0.980423 0.948236 0.945671 0.977956 0.976368 0.965561 0.960569 0.980998 0.980769 1.006524 1.006459
1.405950e+08 0.982251 0.979837 0.948172 0.945638 0.977671 0.976166 0.965419 0.960471 0.980817 0.980575 1.006143 1.006086
1.406750e+08 0.981694 0.979267 0.948116 0.945612 0.977399 0.975972 0.965291 0.960382 0.980648 0.980390 1.005774 1.005723
1.407550e+08 0.981154 0.978711 0.948068 0.945594 0.977142 0.975788 0.965179 0.960303 0.980491 0.980213 1.005419 1.005371
1.408350e+08 0.980632 0.978173 0.948031 0.945586 0.976901 0.975615 0.965084 0.960236 0.980349 0.980047 1.005079 1.005031
1.409150e+08 0.980128 0.977652 0.948004 0.945587 0.976677 0.975454 0.965007 0.960181 0.980221 0.979893 1.004754 1.004704
1.409950e+08 0.979644 0.977152 0.947990 0.945601 0.976472 0.975306 0.964949 0.960140 0.980110 0.979751 1.004447 1.004391
1.410750e+08 0.979181 0.976671 0.947989 0.945628 0.976287 0.975172 0.964911 0.960114 0.980016 0.979623 1.004158 1.004094
1.411550e+08 0.978740 0.976213 0.948003 0.945669 0.976122 0.975054 0.964894 0.960105 0.979940 0.979510 1.003888 1.003814
1.412350e+08 0.978322 0.975778 0.948033 0.945725 0.975980 0.974953 0.964899 0.960112 0.979883 0.979413 1.003638 1.003551
1.413150e+08 0.977929 0.975367 0.948080 0.945797 0.975861 0.974870 0.964926 0.960138 0.979846 0.979333 1.003410 1.003307
1.413950e+08 0.977561 0.974980 0.948144 0.945887 0.975766 0.974805 0.964977 0.960183 0.979829 0.979270 1.003203 1.003082
1.414750e+08 0.977220 0.974621 0.948228 0.945995 0.975696 0.974761 0.965053 0.960248 0.979835 0.979227 1.003020 1.002878
1.415550e+08 0.976906 0.974288 0.948332 0.946122 0.975653 0.974737 0.965154 0.960334 0.979863 0.979203 1.002860 1.002695
1.416350e+08 0.976620 0.973983 0.948457 0.946270 0.975636 0.974735 0.965280 0.960441 0.979915 0.979200 1.002725 1.002534
1.417150e+08 0.976363 0.973708 0.948604 0.946440 0.975647 0.974756 0.965434 0.960572 0.979990 0.979219 1.002615 1.002395
1.417950e+08 0.976135 0.973462 0.948774 0.946631 0.975688 0.974801 0.965614 0.960726 0.980091 0.979260 1.002532 1.002281
1.418750e+08 0.975939 0.973247 0.948967 0.946846 0.975757 0.974870 0.965822 0.960905 0.980216 0.979323 1.002475 1.002191
1.419550e+08 0.975773 0.973063 0.949185 0.947084 0.975857 0.974964 0.966059 0.961109 0.980367 0.979411 1.002446 1.002126
1.420350e+08 0.975640 0.972911 0.949428 0.947347 0.975987 0.975084 0.966325 0.961338 0.980545 0.979523 1.002444 1.002086
1.421150e+08 0.975538 0.972791 0.949698 0.947635 0.976149 0.975231 0.966619 0.961594 0.980750 0.979660 1.002471 1.002073
1.421950e+08 0.975470 0.972705 0.949993 0.947948 0.976343 0.975404 0.966943 0.961876 0.980982 0.979822 1.002527 1.002086
1.422750e+08 0.975435 0.972653 0.950316 0.948289 0.976569 0.975606 0.967298 0.962186 0.981241 0.980011 1.002612 1.002127
1.423550e+08 0.975434 0.972635 0.950666 0.948656 0.976828 0.975835 0.967682 0.962524 0.981529 0.980226 1.002726 1.002195
1.424350e+08 0.975467 0.972651 0.951045 0.949051 0.977120 0.976094 0.968096 0.962890 0.981845 0.980468 1.002870 1.002290
1.425150e+08 0.975535 0.972702 0.951452 0.949474 0.977446 0.976381 0.968542 0.963284 0.982189 0.980738 1.003045 1.002414
1.425950e+08 0.975637 0.972789 0.951889 0.949925 0.977805 0.976698 0.969017 0.963707 0.982562 0.981034 1.003249 1.002567
1.426750e+08 0.975774 0.972911 0.952354 0.950404 0.978198 0.977045 0.969524 0.964160 0.982964 0.981359 1.003484 1.002748
1.427550e+08 0.975946 0.973068 0.952850 0.950913 0.978625 0.977421 0.970061 0.964641 0.983394 0.981712 1.003750 1.002957
1.428350e+08 0.976153 0.973261 0.953375 0.951451 0.979085 0.977828 0.970628 0.965152 0.983853 0.982093 1.004045 1.003196
1.429150e+08 0.976395 0.973490 0.953930 0.952018 0.979580 0.978264 0.971226 0.965693 0.984341 0.982503 1.004371 1.003463
1.429950e+08 0.976671 0.973754 0.954515 0.952615 0.980108 0.978732 0.971854 0.966263 0.984858 0.982941 1.004727 1.003759
1.430750e+08 0.976983 0.974054 0.955130 0.953241 0.980670 0.979229 0.972512 0.966863 0.985403 0.983407 1.005113 1.004084
1.431550e+08 0.977329 0.974389 0.955776 0.953896 0.981265 0.979756 0.973200 0.967492 0.985976 0.983901 1.005529 1.004437
1.432350e+08 0.977710 0.974760 0.956452 0.954581 0.981894 0.980314 0.973917 0.968150 0.986578 0.984424 1.005974 1.004819
1.433150e+08 0.978125 0.975165 0.957157 0.955295 0.982555 0.980901 0.974663 0.968837 0.987207 0.984974 1.006448 1.005229
1.433950e+08 0.978573 0.975605 0.957892 0.956039 0.983248 0.981518 0.975438 0.969553 0.987863 0.985552 1.006952 1.005667
1.434750e+08 0.979055 0.976080 0.958657 0.956811 0.983974 0.982165 0.976240 0.970298 0.988546 0.986158 1.007483 1.006132
1.435550e+08 0.979569 0.976588 0.959451 0.957612 0.984731 0.982840 0.977070 0.971071 0.989255 0.986790 1.008042 1.006625
1.436350e+08 0.980116 0.977129 0.960275 0.958441 0.985519 0.983545 0.977927 0.971871 0.989991 0.987450 1.008628 1.007144
1.437150e+08 0.980694 0.977703 0.961126 0.959298 0.986337 0.984277 0.978810 0.972699 0.990751 0.988136 1.009241 1.007689
1.437950e+08 0.981304 0.978309 0.962006 0.960183 0.987184 0.985037 0.979718 0.973553 0.991536 0.988847 1.009879 1.008260
1.438750e+08 0.981944 0.978947 0.962913 0.961095 0.988061 0.985824 0.980651 0.974433 0.992346 0.989584 1.010543 1.008856
1.439550e+08 0.982613 0.979615 0.963847 0.962032 0.988965 0.986637 0.981608 0.975339 0.993178 0.990345 1.011231 1.009476
1.440350e+08 0.983311 0.980314 0.964807 0.962996 0.989896 0.987477 0.982588 0.976270 0.994033 0.991130 1.011942 1.010119
1.441150e+08 0.984037 0.981041 0.965793 0.963985 0.990854 0.988341 0.983590 0.977224 0.994909 0.991939 1.012676 1.010786
1.441950e+08 0.984790 0.981796 0.966804 0.964998 0.991837 0.989230 0.984613 0.978202 0.995806 0.992770 1.013432 1.011475
1.442750e+08 0.985569 0.982579 0.967839 0.966035 0.992844 0.990142 0.985656 0.979203 0.996724 0.993623 1.014209 1.012184
1.443550e+08 0.986373 0.983388 0.968898 0.967095 0.993874 0.991076 0.986719 0.980225 0.997660 0.994497 1.015006 1.012915
1.444350e+08 0.987201 0.984223 0.969978 0.968176 0.994926 0.992032 0.987799 0.981268 0.998614 0.995391 1.015821 1.013664
1.445150e+08 0.988052 0.985081 0.971081 0.969279 0.995999 0.993009 0.988897 0.982330 0.999585 0.996304 1.016655 1.014433
1.445950e+08 0.988925 0.985963 0.972204 0.970402 0.997092 0.994006 0.990010 0.983412 1.000572 0.997235 1.017504 1.015218
1.446750e+08 0.989818 0.986866 0.973347 0.971544 0.998203 0.995021 0.991139 0.984511 1.001574 0.998184 1.018370 1.016020
1.447550e+08 0.990731 0.987791 0.974508 0.972704 0.999332 0.996054 0.992280 0.985627 1.002589 0.999149 1.019249 1.016838
1.448350e+08 0.991662 0.988735 0.975687 0.973882 1.000476 0.997104 0.993434 0.986758 1.003617 1.000129 1.020142 1.017670
1.449150e+08 0.992610 0.989697 0.976882 0.975075 1.001635 0.998168 0.994600 0.987904 1.004657 1.001123 1.021046 1.018514
1.449950e+08 0.993574 0.990676 0.978092 0.976283 1.002807 0.999247 0.995775 0.989063 1.005707 1.002130 1.021961 1.019371
1.450750e+08 0.994552 0.991671 0.979317 0.977505 1.003992 1.000339 0.996958 0.990234 1.006766 1.003149 1.022885 1.020239
1.451550e+08 0.995543 0.992680 0.980554 0.978740 1.005186 1.001442 0.998149 0.991416 1.007832 1.004178 1.023818 1.021117
1.452350e+08 0.996546 0.993702 0.981803 0.979986 1.006390 1.002556 0.999346 0.992608 1.008905 1.005217 1.024757 1.022002
1.453150e+08 0.997559 0.994736 0.983062 0.981241 1.007601 1.003678 1.000547 0.993808 1.009984 1.006264 1.025701 1.022895
1.453950e+08 0.998581 0.995779 0.984330 0.982506 1.008818 1.004809 1.001751 0.995015 1.011066 1.007318 1.026649 1.023794
1.454750e+08 0.999610 0.996832 0.985606 0.983778 1.010040 1.005945 1.002957 0.996228 1.012151 1.008378 1.027600 1.024697
1.455550e+08 1.000645 0.997891 0.986888 0.985057 1.011264 1.007087 1.004164 0.997445 1.013237 1.009442 1.028552 1.025604
1.456350e+08 1.001684 0.998957 0.988176 0.986340 1.012490 1.008233 1.005370 0.998665 1.014323 1.010510 1.029503 1.026512
1.457150e+08 1.002727 1.000026 0.989467 0.987626 1.013716 1.009381 1.006573 0.999887 1.015408 1.011579 1.030454 1.027421
1.457950e+08 1.003771 1.001098 0.990760 0.988915 1.014941 1.010529 1.007773 1.001110 1.016490 1.012649 1.031401 1.028330
1.458750e+08 1.004815 1.002172 0.992054 0.990205 1.016162 1.011677 1.008967 1.002331 1.017568 1.013718 1.032343 1.029236
1.459550e+08 1.005858 1.003245 0.993348 0.991494 1.017379 1.012823 1.010155 1.003550 1.018641 1.014784 1.033280 1.030139
1.460350e+08 1.006898 1.004316 0.994640 0.992781 1.018589 1.013966 1.011335 1.004765 1.019707 1.015848 1.034210 1.031038
1.461150e+08 1.007933 1.005385 0.995928 0.994064 1.019791 1.015104 1.012505 1.005976 1.020765 1.016906 1.035130 1.031930
1.461950e+08 1.008963 1.006448 0.997212 0.995343 1.020985 1.016236 1.013665 1.007179 1.021814 1.017959 1.036041 1.032815
1.462750e+08 1.009985 1.007505 0.998490 0.996616 1.022167 1.017360 1.014813 1.008375 1.022852 1.019003 1.036941 1.033691
1.463550e+08 1.010998 1.008554 0.999760 0.997881 1.023337 1.018475 1.015948 1.009561 1.023878 1.020040 1.037827 1.034557
1.464350e+08 1.012001 1.009595 1.001021 0.999137 1.024493 1.019579 1.017067 1.010737 1.024890 1.021066 1.038700 1.035412
1.465150e+08 1.012993 1.010624 1.002271 1.000382 1.025633 1.020672 1.018171 1.011901 1.025888 1.022080 1.039557 1.036254
1.465950e+08 1.013971 1.011641 1.003510 1.001617 1.026757 1.021751 1.019258 1.013051 1.026871 1.023082 1.040397 1.037083
1.466750e+08 1.014935 1.012645 1.004736 1.002838 1.027862 1.022816 1.020325 1.014187 1.027836 1.024070 1.041219 1.037896
1.467550e+08 1.015883 1.013633 1.005947 1.004044 1.028948 1.023865 1.021373 1.015307 1.028783 1.025043 1.042022 1.038693
1.468350e+08 1.016813 1.014605 1.007143 1.005235 1.030013 1.024897 1.022400 1.016410 1.029710 1.025999 1.042804 1.039472
1.469150e+08 1.017725 1.015560 1.008321 1.006409 1.031055 1.025910 1.023405 1.017494 1.030617 1.026938 1.043564 1.040232
1.469950e+08 1.018618 1.016495 1.009482 1.007565 1.032073 1.026903 1.024386 1.018559 1.031501 1.027857 1.044301 1.040972
1.470750e+08 1.019489 1.017409 1.010622 1.008702 1.033066 1.027875 1.025342 1.019602 1.032363 1.028757 1.045015 1.041691
1.471550e+08 1.020338 1.018302 1.011741 1.009817 1.034032 1.028825 1.026273 1.020624 1.033201 1.029635 1.045702 1.042388
1.472350e+08 1.021163 1.019172 1.012839 1.010911 1.034971 1.029751 1.027177 1.021622 1.034014 1.030491 1.046364 1.043061
1.473150e+08 1.021964 1.020018 1.013912 1.011982 1.035881 1.030653 1.028053 1.022596 1.034801 1.031324 1.046998 1.043710
1.473950e+08 1.022738 1.020839 1.014962 1.013028 1.036762 1.031529 1.028901 1.023544 1.035561 1.032133 1.047603 1.044333
1.474750e+08 1.023486 1.021633 1.015986 1.014050 1.037610 1.032378 1.029719 1.024466 1.036293 1.032915 1.048180 1.044930
1.475550e+08 1.024206 1.022399 1.016983 1.015044 1.038427 1.033199 1.030506 1.025361 1.036996 1.033672 1.048725 1.045500
1.476350e+08 1.024897 1.023137 1.017952 1.016012 1.039211 1.033991 1.031262 1.026227 1.037669 1.034401 1.049240 1.046041
1.477150e+08 1.025558 1.023845 1.018893 1.016951 1.039960 1.034753 1.031986 1.027063 1.038312 1.035102 1.049723 1.046553
1.477950e+08 1.026188 1.024523 1.019804 1.017861 1.040675 1.035485 1.032677 1.027870 1.038924 1.035774 1.050173 1.047035
1.478750e+08 1.026787 1.025169 1.020685 1.018741 1.041353 1.036185 1.033334 1.028645 1.039503 1.036415 1.050589 1.047487
1.479550e+08 1.027353 1.025782 1.021534 1.019589 1.041995 1.036852 1.033956 1.029388 1.040050 1.037026 1.050971 1.047907
1.480350e+08 1.027886 1.026363 1.022351 1.020406 1.042599 1.037486 1.034544 1.030099 1.040564 1.037606 1.051318 1.048294
1.481150e+08 1.028384 1.026909 1.023135 1.021190 1.043164 1.038086 1.035096 1.030776 1.041043 1.038154 1.051630 1.048649
1.481950e+08 1.028849 1.027421 1.023885 1.021941 1.043692 1.038652 1.035612 1.031419 1.041489 1.038669 1.051905 1.048971
1.482750e+08 1.029278 1.027898 1.024600 1.022658 1.044179 1.039182 1.036092 1.032028 1.041899 1.039150 1.052145 1.049258
1.483550e+08 1.029671 1.028338 1.025281 1.023341 1.044627 1.039677 1.036534 1.032602 1.042274 1.039598 1.052347 1.049511
1.484350e+08 1.030028 1.028743 1.025926 1.023989 1.045034 1.040135 1.036940 1.033140 1.042613 1.040012 1.052512 1.049730
1.485150e+08 1.030349 1.029110 1.026535 1.024600 1.045400 1.040556 1.037308 1.033641 1.042917 1.040390 1.052640 1.049913
1.485950e+08 1.030633 1.029440 1.027107 1.025176 1.045725 1.040941 1.037638 1.034107 1.043184 1.040734 1.052729 1.050060
1.486750e+08 1.030879 1.029733 1.027642 1.025716 1.046009 1.041287 1.037930 1.034535 1.043415 1.041042 1.052781 1.050171
1.487550e+08 1.031088 1.029987 1.028140 1.026219 1.046251 1.041596 1.038184 1.034927 1.043609 1.041315 1.052795 1.050247
1.488350e+08 1.031259 1.030204 1.028601 1.026685 1.046452 1.041867 1.038399 1.035281 1.043767 1.041552 1.052770 1.050286
1.489150e+08 1.031392 1.030382 1.029024 1.027113 1.046610 1.042100 1.038577 1.035598 1.043887 1.041753 1.052707 1.050289
1.489950e+08 1.031487 1.030521 1.029408 1.027505 1.046726 1.042294 1.038717 1.035877 1.043972 1.041917 1.052606 1.050255
1.490750e+08 1.031545 1.030622 1.029755 1.027859 1.046801 1.042450 1.038818 1.036119 1.044019 1.042046 1.052467 1.050185
1.491550e+08 1.031564 1.030685 1.030063 1.028175 1.046834 1.042568 1.038882 1.036323 1.044030 1.042138 1.052290 1.050079
1.492350e+08 1.031546 1.030709 1.030334 1.028454 1.046825 1.042647 1.038908 1.036490 1.044004 1.042194 1.052075 1.049936
1.493150e+08 1.031490 1.030694 1.030566 1.028696 1.046774 1.042688 1.038897 1.036619 1.043943 1.042214 1.051822 1.049757
1.493950e+08 1.031397 1.030642 1.030761 1.028900 1.046683 1.042692 1.038849 1.036712 1.043845 1.042199 1.051532 1.049543
1.494750e+08 1.031267 1.030551 1.030918 1.029067 1.046551 1.042657 1.038764 1.036767 1.043713 1.042147 1.051206 1.049292
1.495550e+08 1.031101 1.030423 1.031037 1.029198 1.046379 1.042586 1.038643 1.036786 1.043545 1.042061 1.050843 1.049007
1.496350e+08 1.030898 1.030258 1.031119 1.029292 1.046166 1.042477 1.038487 1.036768 1.043342 1.041940 1.050445 1.048686
1.497150e+08 1.030659 1.030056 1.031164 1.029350 1.045915 1.042332 1.038295 1.036714 1.043105 1.041784 1.050010 1.048331
1.497950e+08 1.030385 1.029818 1.031174 1.029373 1.045625 1.042150 1.038069 1.036626 1.042835 1.041594 1.049542 1.047942
1.498750e+08 1.030077 1.029544 1.031147 1.029360 1.045296 1.041933 1.037809 1.036502 1.042532 1.041370 1.049039 1.047519
1.499550e+08 1.029734 1.029235 1.031084 1.029313 1.044931 1.041681 1.037516 1.036344 1.042196 1.041114 1.048503 1.047063
1.500350e+08 1.029358 1.028892 1.030988 1.029232 1.044529 1.041395 1.037190 1.036152 1.041829 1.040825 1.047934 1.046575
1.501150e+08 1.028949 1.028515 1.030856 1.029117 1.044091 1.041075 1.036833 1.035927 1.041430 1.040504 1.047333 1.046056
1.501950e+08 1.028509 1.028104 1.030692 1.028969 1.043618 1.040722 1.036445 1.035670 1.041002 1.040152 1.046701 1.045505
1.502750e+08 1.028038 1.027662 1.030495 1.028790 1.043111 1.040338 1.036028 1.035382 1.040545 1.039770 1.046039 1.044925
1.503550e+08 1.027537 1.027189 1.030266 1.028580 1.042572 1.039921 1.035581 1.035063 1.040059 1.039358 1.045348 1.044315
1.504350e+08 1.027007 1.026685 1.030006 1.028339 1.042001 1.039475 1.035107 1.034714 1.039545 1.038917 1.044629 1.043677
1.505150e+08 1.026448 1.026152 1.029716 1.028069 1.041398 1.038999 1.034605 1.034336 1.039005 1.038449 1.043882 1.043011
1.505950e+08 1.025863 1.025590 1.029396 1.027770 1.040767 1.038495 1.034078 1.033930 1.038440 1.037954 1.043110 1.042318
1.506750e+08 1.025252 1.025001 1.029049 1.027444 1.040106 1.037963 1.033526 1.033497 1.037850 1.037432 1.042312 1.041600
1.507550e+08 1.024616 1.024387 1.028674 1.027091 1.039418 1.037405 1.032951 1.033038 1.037237 1.036886 1.041490 1.040857
1.508350e+08 1.023956 1.023747 1.028273 1.026713 1.038705 1.036822 1.032353 1.032555 1.036601 1.036316 1.040646 1.040091
1.509150e+08 1.023274 1.023083 1.027847 1.026311 1.037966 1.036214 1.031733 1.032048 1.035945 1.035723 1.039780 1.039302
1.509950e+08 1.022570 1.022397 1.027397 1.025886 1.037204 1.035584 1.031094 1.031518 1.035268 1.035108 1.038893 1.038492
1.510750e+08 1.021847 1.021689 1.026925 1.025438 1.036420 1.034932 1.030436 1.030967 1.034572 1.034473 1.037988 1.037661
1.511550e+08 1.021105 1.020961 1.026431 1.024970 1.035616 1.034260 1.029761 1.030395 1.033859 1.033818 1.037064 1.036812
1.512350e+08 1.020345 1.020215 1.025917 1.024482 1.034792 1.033569 1.029069 1.029805 1.033130 1.033145 1.036125 1.035944
1.513150e+08 1.019570 1.019451 1.025384 1.023976 1.033950 1.032859 1.028363 1.029197 1.032385 1.032455 1.035169 1.035060
1.513950e+08 1.018780 1.018672 1.024834 1.023454 1.033092 1.032133 1.027643 1.028573 1.031627 1.031749 1.034201 1.034161
1.514750e+08 1.017977 1.017877 1.024267 1.022915 1.032219 1.031392 1.026911 1.027933 1.030856 1.031028 1.033219 1.033247
1.515550e+08 1.017162 1.017070 1.023685 1.022362 1.031333 1.030637 1.026169 1.027280 1.030073 1.030295 1.032226 1.032320
1.516350e+08 1.016337 1.016251 1.023090 1.021796 1.030434 1.029870 1.025417 1.026614 1.029281 1.029549 1.031224 1.031382
1.517150e+08 1.015503 1.015422 1.022482 1.021219 1.029526 1.029092 1.024657 1.025938 1.028481 1.028792 1.030213 1.030434
1.517950e+08 1.014662 1.014584 1.021864 1.020631 1.028609 1.028304 1.023890 1.025251 1.027673 1.028026 1.029195 1.029476
1.518750e+08 1.013815 1.013739 1.021236 1.020035 1.027684 1.027508 1.023118 1.024557 1.026859 1.027253 1.028172 1.028511
1.519550e+08 1.012963 1.012888 1.020601 1.019431 1.026754 1.026705 1.022343 1.023855 1.026041 1.026472 1.027144 1.027539
1.520350e+08 1.012108 1.012033 1.019959 1.018821 1.025820 1.025896 1.021565 1.023148 1.025220 1.025686 1.026114 1.026563
1.521150e+08 1.011252 1.011175 1.019312 1.018207 1.024884 1.025084 1.020787 1.022437 1.024397 1.024896 1.025082 1.025583
1.521950e+08 1.010396 1.010316 1.018661 1.017589 1.023946 1.024269 1.020009 1.021724 1.023573 1.024104 1.024050 1.024600
1.522750e+08 1.009541 1.009458 1.018008 1.016970 1.023009 1.023454 1.019233 1.021009 1.022751 1.023310 1.023020 1.023617
1.523550e+08 1.008690 1.008601 1.017354 1.016351 1.022075 1.022638 1.018461 1.020294 1.021930 1.022516 1.021992 1.022634
1.524350e+08 1.007843 1.007748 1.016701 1.015733 1.021144 1.021825 1.017693 1.019581 1.021113 1.021723 1.020969 1.021652
1.525150e+08 1.007002 1.006899 1.016051 1.015117 1.020218 1.021015 1.016931 1.018871 1.020301 1.020933 1.019951 1.020673
1.525950e+08 1.006168 1.006057 1.015404 1.014505 1.019299 1.020209 1.016177 1.018165 1.019496 1.020147 1.018939 1.019699
1.526750e+08 1.005343 1.005223 1.014762 1.013899 1.018389 1.019410 1.015431 1.017464 1.018697 1.019367 1.017937 1.018730
1.527550e+08 1.004529 1.004399 1.014126 1.013299 1.017488 1.018618 1.014696 1.016771 1.017908 1.018593 1.016943 1.017769
1.528350e+08 1.003726 1.003585 1.013498 1.012708 1.016598 1.017834 1.013972 1.016086 1.017128 1.017827 1.015960 1.016815
1.529150e+08 1.002937 1.002783 1.012879 1.012126 1.015722 1.017061 1.013261 1.015411 1.016360 1.017070 1.014990 1.015870
1.529950e+08 1.002162 1.001995 1.012271 1.011554 1.014859 1.016299 1.012564 1.014747 1.015604 1.016323 1.014032 1.014936
1.530750e+08 1.001402 1.001222 1.011675 1.010995 1.014011 1.015550 1.011882 1.014094 1.014862 1.015588 1.013089 1.014014
1.531550e+08 1.000660 1.000465 1.011092 1.010449 1.013181 1.014815 1.011217 1.013456 1.014134 1.014866 1.012162 1.013104
1.532350e+08 0.999936 0.999726 1.010523 1.009918 1.012368 1.014095 1.010569 1.012832 1.013422 1.014157 1.011251 1.012209
1.533150e+08 0.999232 0.999006 1.009970 1.009402 1.011575 1.013392 1.009939 1.012224 1.012728 1.013464 1.010358 1.011328
1.533950e+08 0.998549 0.998307 1.009433 1.008903 1.010803 1.012706 1.009330 1.011633 1.012051 1.012787 1.009484 1.010464
1.534750e+08 0.997888 0.997629 1.008915 1.008423 1.010052 1.012039 1.008741 1.011060 1.011393 1.012126 1.008630 1.009617
1.535550e+08 0.997250 0.996973 1.008416 1.007961 1.009324 1.011391 1.008174 1.010506 1.010755 1.011484 1.007796 1.008788
1.536350e+08 0.996637 0.996342 1.007937 1.007520 1.008621 1.010764 1.007630 1.009972 1.010137 1.010861 1.006985 1.007978
1.537150e+08 0.996048 0.995735 1.007480 1.007100 1.007942 1.010160 1.007110 1.009460 1.009542 1.010259 1.006196 1.007188
1.537950e+08 0.995486 0.995154 1.007044 1.006703 1.007290 1.009577 1.006614 1.008970 1.008969 1.009677 1.005431 1.006419
1.538750e+08 0.994952 0.994601 1.006632 1.006328 1.006664 1.009019 1.006144 1.008503 1.008420 1.009117 1.004690 1.005672
1.539550e+08 0.994445 0.994076 1.006245 1.005978 1.006067 1.008485 1.005700 1.008060 1.007895 1.008580 1.003974 1.004948
1.540350e+08 0.993968 0.993579 1.005882 1.005652 1.005499 1.007977 1.005283 1.007642 1.007394 1.008066 1.003284 1.004247
1.541150e+08 0.993521 0.993113 1.005545 1.005353 1.004960 1.007494 1.004894 1.007249 1.006919 1.007576 1.002621 1.003570
1.541950e+08 0.993104 0.992677 1.005235 1.005080 1.004452 1.007039 1.004533 1.006883 1.006471 1.007112 1.001984 1.002917
1.542750e+08 0.992719 0.992272 1.004953 1.004834 1.003975 1.006611 1.004201 1.006543 1.006049 1.006672 1.001376 1.002290
1.543550e+08 0.992366 0.991900 1.004699 1.004616 1.003529 1.006211 1.003898 1.006231 1.005654 1.006259 1.000795 1.001689
1.544350e+08 0.992045 0.991561 1.004473 1.004426 1.003116 1.005839 1.003625 1.005948 1.005287 1.005873 1.000243 1.001114
1.545150e+08 0.991758 0.991255 1.004277 1.004265 1.002736 1.005497 1.003383 1.005693 1.004948 1.005513 0.999720 1.000566
1.545950e+08 0.991505 0.990983 1.004110 1.004134 1.002390 1.005185 1.003172 1.005467 1.004638 1.005182 0.999226 1.000046
1.546750e+08 0.991285 0.990745 1.003974 1.004033 1.002076 1.004903 1.002991 1.005271 1.004356 1.004878 0.998762 0.999553
1.547550e+08 0.991100 0.990543 1.003869 1.003962 1.001797 1.004651 1.002842 1.005105 1.004103 1.004602 0.998328 0.999087
1.548350e+08 0.990951 0.990376 1.003795 1.003921 1.001553 1.004430 1.002724 1.004969 1.003880 1.004355 0.997924 0.998650
1.549150e+08 0.990836 0.990244 1.003752 1.003911 1.001342 1.004239 1.002638 1.004863 1.003686 1.004136 0.997550 0.998242
1.549950e+08 0.990756 0.990148 1.003740 1.003933 1.001167 1.004080 1.002584 1.004788 1.003521 1.003947 0.997206 0.997862
1.550750e+08 0.990712 0.990089 1.003760 1.003985 1.001026 1.003951 1.002562 1.004744 1.003386 1.003786 0.996892 0.997510
1.551550e+08 0.990704 0.990066 1.003812 1.004069 1.000920 1.003854 1.002571 1.004730 1.003280 1.003654 0.996608 0.997188
1.552350e+08 0.990731 0.990079 1.003896 1.004184 1.000849 1.003788 1.002612 1.004748 1.003204 1.003552 0.996354 0.996893
1.553150e+08 0.990794 0.990128 1.004012 1.004330 1.000812 1.003753 1.002685 1.004796 1.003156 1.003478 0.996130 0.996628
1.553950e+08 0.990891 0.990214 1.004160 1.004507 1.000810 1.003749 1.002789 1.004875 1.003138 1.003433 0.995936 0.996391
1.554750e+08 0.991025 0.990335 1.004339 1.004716 1.000841 1.003775 1.002924 1.004985 1.003149 1.003417 0.995771 0.996182
1.555550e+08 0.991193 0.990493 1.004550 1.004954 1.000907 1.003832 1.003089 1.005124 1.003188 1.003429 0.995634 0.996001
1.556350e+08 0.991396 0.990686 1.004792 1.005224 1.001006 1.003919 1.003286 1.005294 1.003255 1.003470 0.995527 0.995847
1.557150e+08 0.991633 0.990915 1.005064 1.005523 1.001139 1.004036 1.003512 1.005494 1.003350 1.003538 0.995447 0.995722
1.557950e+08 0.991905 0.991179 1.005368 1.005852 1.001303 1.004182 1.003768 1.005722 1.003472 1.003634 0.995395 0.995623
1.558750e+08 0.992209 0.991478 1.005701 1.006211 1.001500 1.004357 1.004052 1.005980 1.003621 1.003756 0.995370 0.995551
1.559550e+08 0.992547 0.991810 1.006064 1.006598 1.001729 1.004561 1.004366 1.006266 1.003796 1.003906 0.995372 0.995505
1.560350e+08 0.992917 0.992177 1.006456 1.007013 1.001988 1.004792 1.004707 1.006580 1.003997 1.004081 0.995399 0.995484
1.561150e+08 0.993319 0.992576 1.006876 1.007456 1.002277 1.005050 1.005075 1.006921 1.004223 1.004281 0.995451 0.995488
1.561950e+08 0.993752 0.993008 1.007325 1.007926 1.002595 1.005334 1.005469 1.007289 1.004473 1.004506 0.995528 0.995517
1.562750e+08 0.994216 0.993471 1.007800 1.008422 1.002942 1.005644 1.005889 1.007682 1.004746 1.004755 0.995628 0.995569
1.563550e+08 0.994709 0.993966 1.008302 1.008943 1.003316 1.005978 1.006334 1.008100 1.005042 1.005028 0.995750 0.995644
1.564350e+08 0.995230 0.994490 1.008829 1.009489 1.003717 1.006337 1.006802 1.008543 1.005360 1.005322 0.995895 0.995741
1.565150e+08 0.995780 0.995044 1.009381 1.010058 1.004144 1.006719 1.007294 1.009009 1.005699 1.005639 0.996060 0.995860
1.565950e+08 0.996356 0.995626 1.009957 1.010651 1.004595 1.007122 1.007807 1.009498 1.006058 1.005976 0.996245 0.995999
1.566750e+08 0.996958 0.996236 1.010555 1.011265 1.005069 1.007547 1.008342 1.010008 1.006436 1.006333 0.996449 0.996157
1.567550e+08 0.997585 0.996872 1.011175 1.011900 1.005566 1.007992 1.008896 1.010539 1.006832 1.006710 0.996671 0.996334
1.568350e+08 0.998236 0.997533 1.011816 1.012554 1.006085 1.008455 1.009469 1.011089 1.007245 1.007104 0.996909 0.996529
1.569150e+08 0.998910 0.998218 1.012477 1.013228 1.006623 1.008937 1.010060 1.011658 1.007674 1.007514 0.997163 0.996741
1.569950e+08 0.999605 0.998927 1.013156 1.013919 1.007179 1.009435 1.010667 1.012244 1.008117 1.007941 0.997432 0.996967
1.570750e+08 1.000320 0.999657 1.013853 1.014626 1.007754 1.009949 1.011290 1.012847 1.008575 1.008383 0.997714 0.997209
1.571550e+08 1.001055 1.000408 1.014566 1.015348 1.008344 1.010477 1.011927 1.013464 1.009045 1.008838 0.998007 0.997464
1.572350e+08 1.001807 1.001178 1.015294 1.016085 1.008949 1.011018 1.012577 1.014095 1.009526 1.009305 0.998312 0.997731
1.573150e+08 1.002575 1.001967 1.016036 1.016834 1.009568 1.011571 1.013239 1.014740 1.010018 1.009784 0.998626 0.998009
1.573950e+08 1.003359 1.002772 1.016790 1.017594 1.010198 1.012135 1.013910 1.015395 1.010519 1.010273 0.998948 0.998297
1.574750e+08 1.004157 1.003593 1.017555 1.018365 1.010839 1.012708 1.014591 1.016061 1.011027 1.010771 0.999278 0.998594
1.575550e+08 1.004967 1.004428 1.018330 1.019144 1.011489 1.013288 1.015280 1.016735 1.011541 1.011277 0.999612 0.998898
1.576350e+08 1.005789 1.005275 1.019114 1.019931 1.012147 1.013875 1.015975 1.017417 1.012061 1.011789 0.999952 0.999209
1.577150e+08 1.006619 1.006134 1.019904 1.020724 1.012811 1.014468 1.016675 1.018105 1.012585 1.012305 1.000294 0.999525
1.577950e+08 1.007459 1.007002 1.020700 1.021521 1.013479 1.015063 1.017378 1.018798 1.013111 1.012826 1.000638 0.999844
1.578750e+08 1.008304 1.007879 1.021501 1.022322 1.014150 1.015662 1.018084 1.019494 1.013638 1.013349 1.000982 1.000166
1.579550e+08 1.009156 1.008762 1.022304 1.023124 1.014823 1.016261 1.018790 1.020192 1.014165 1.013873 1.001325 1.000489
1.580350e+08 1.010011 1.009651 1.023108 1.023927 1.015496 1.016859 1.019496 1.020891 1.014690 1.014398 1.001666 1.000812
1.581150e+08 1.010868 1.010544 1.023913 1.024729 1.016167 1.017456 1.020200 1.021589 1.015213 1.014920 1.002002 1.001133
1.581950e+08 1.011726 1.011439 1.024716 1.025529 1.016835 1.018049 1.020900 1.022285 1.015731 1.015440 1.002334 1.001452
1.582750e+08 1.012583 1.012335 1.025516 1.026324 1.017498 1.018638 1.021596 1.022977 1.016244 1.015955 1.002659 1.001767
1.583550e+08 1.013439 1.013230 1.026311 1.027114 1.018156 1.019220 1.022285 1.023665 1.016750 1.016465 1.002976 1.002076
1.584350e+08 1.014290 1.014123 1.027101 1.027898 1.018805 1.019794 1.022966 1.024346 1.017248 1.016969 1.003284 1.002379
1.585150e+08 1.015137 1.015012 1.027883 1.028673 1.019445 1.020360 1.023639 1.025019 1.017737 1.017464 1.003581 1.002674
1.585950e+08 1.015977 1.015896 1.028657 1.029439 1.020074 1.020915 1.024300 1.025683 1.018214 1.017949 1.003866 1.002959
1.586750e+08 1.016809 1.016773 1.029420 1.030193 1.020691 1.021458 1.024951 1.026337 1.018679 1.018424 1.004138 1.003235
1.587550e+08 1.017631 1.017642 1.030172 1.030935 1.021294 1.021988 1.025587 1.026978 1.019131 1.018887 1.004395 1.003498
1.588350e+08 1.018442 1.018501 1.030910 1.031664 1.021881 1.022503 1.026210 1.027606 1.019569 1.019336 1.004636 1.003748
1.589150e+08 1.019241 1.019348 1.031634 1.032377 1.022452 1.023002 1.026816 1.028220 1.019990 1.019771 1.004861 1.003985
1.589950e+08 1.020026 1.020183 1.032343 1.033074 1.023004 1.023484 1.027405 1.028818 1.020395 1.020190 1.005067 1.004205
1.590750e+08 1.020795 1.021004 1.033034 1.033753 1.023537 1.023948 1.027976 1.029398 1.020781 1.020592 1.005253 1.004410
1.591550e+08 1.021549 1.021809 1.033707 1.034413 1.024049 1.024391 1.028527 1.029960 1.021147 1.020976 1.005419 1.004596
1.592350e+08 1.022284 1.022597 1.034360 1.035052 1.024538 1.024814 1.029057 1.030503 1.021493 1.021340 1.005563 1.004763
1.593150e+08 1.023000 1.023367 1.034991 1.035670 1.025004 1.025214 1.029565 1.031024 1.021817 1.021683 1.005684 1.004911
1.593950e+08 1.023695 1.024117 1.035601 1.036265 1.025444 1.025591 1.030049 1.031523 1.022118 1.022006 1.005781 1.005037
1.594750e+08 1.024368 1.024847 1.036187 1.036836 1.025859 1.025944 1.030509 1.031999 1.022395 1.022305 1.005853 1.005141
1.595550e+08 1.025019 1.025554 1.036749 1.037383 1.026245 1.026270 1.030944 1.032451 1.022647 1.022580 1.005898 1.005222
1.596350e+08 1.025645 1.026237 1.037284 1.037902 1.026604 1.026570 1.031352 1.032876 1.022874 1.022831 1.005917 1.005279
1.597150e+08 1.026246 1.026896 1.037793 1.038395 1.026932 1.026843 1.031732 1.033276 1.023073 1.023056 1.005907 1.005310
1.597950e+08 1.026820 1.027529 1.038274 1.038859 1.027230 1.027086 1.032084 1.033648 1.023245 1.023254 1.005869 1.005315
1.598750e+08 1.027367 1.028135 1.038725 1.039295 1.027495 1.027300 1.032406 1.033991 1.023388 1.023425 1.005801 1.005294
1.599550e+08 1.027886 1.028712 1.039147 1.039700 1.027728 1.027483 1.032697 1.034305 1.023501 1.023567 1.005702 1.005245
1.600350e+08 1.028375 1.029261 1.039538 1.040073 1.027927 1.027634 1.032957 1.034588 1.023585 1.023680 1.005572 1.005167
1.601150e+08 1.028833 1.029780 1.039897 1.040416 1.028091 1.027754 1.033186 1.034840 1.023637 1.023763 1.005410 1.005059
1.601950e+08 1.029260 1.030267 1.040224 1.040725 1.028220 1.027840 1.033381 1.035061 1.023658 1.023815 1.005215 1.004922
1.602750e+08 1.029655 1.030723 1.040517 1.041001 1.028312 1.027893 1.033542 1.035248 1.023646 1.023836 1.004987 1.004754
1.603550e+08 1.030017 1.031145 1.040776 1.041243 1.028367 1.027911 1.033670 1.035402 1.023601 1.023825 1.004725 1.004555
1.604350e+08 1.030345 1.031535 1.041000 1.041450 1.028385 1.027895 1.033762 1.035522 1.023523 1.023781 1.004429 1.004324
1.605150e+08 1.030639 1.031889 1.041189 1.041622 1.028364 1.027842 1.033819 1.035608 1.023411 1.023704 1.004098 1.004060
1.605950e+08 1.030899 1.032209 1.041342 1.041758 1.028304 1.027754 1.033841 1.035658 1.023265 1.023593 1.003731 1.003763
1.606750e+08 1.031122 1.032494 1.041458 1.041858 1.028204 1.027630 1.033825 1.035672 1.023084 1.023448 1.003329 1.003433
1.607550e+08 1.031310 1.032742 1.041538 1.041921 1.028065 1.027469 1.033773 1.035651 1.022867 1.023269 1.002892 1.003070
1.608350e+08 1.031461 1.032953 1.041580 1.041947 1.027886 1.027271 1.033684 1.035593 1.022616 1.023055 1.002418 1.002672
1.609150e+08 1.031575 1.033127 1.041585 1.041936 1.027666 1.027035 1.033558 1.035498 1.022328 1.022806 1.001907 1.002240
1.609950e+08 1.031652 1.033264 1.041551 1.041887 1.027405 1.026762 1.033394 1.035366 1.022005 1.022522 1.001360 1.001773
1.610750e+08 1.031692 1.033362 1.041479 1.041800 1.027103 1.026451 1.033192 1.035197 1.021646 1.022202 1.000777 1.001272
1.611550e+08 1.031694 1.033423 1.041369 1.041676 1.026761 1.026102 1.032952 1.034990 1.021251 1.021847 1.000157 1.000736
1.612350e+08 1.031658 1.033445 1.041221 1.041514 1.026376 1.025716 1.032674 1.034746 1.020820 1.021457 0.999501 1.000165
1.613150e+08 1.031584 1.033429 1.041034 1.041314 1.025951 1.025291 1.032359 1.034465 1.020353 1.021031 0.998808 0.999559
1.613950e+08 1.031473 1.033374 1.040808 1.041076 1.025485 1.024829 1.032005 1.034146 1.019850 1.020569 0.998078 0.998919
1.614750e+08 1.031323 1.033280 1.040545 1.040800 1.024977 1.024330 1.031614 1.033789 1.019311 1.020072 0.997313 0.998243
1.615550e+08 1.031136 1.033148 1.040242 1.040486 1.024429 1.023793 1.031185 1.033396 1.018737 1.019540 0.996512 0.997533
1.616350e+08 1.030911 1.032977 1.039902 1.040136 1.023840 1.023219 1.030718 1.032965 1.018127 1.018973 0.995675 0.996789
1.617150e+08 1.030649 1.032768 1.039524 1.039748 1.023211 1.022609 1.030215 1.032497 1.017482 1.018371 0.994803 0.996010
1.617950e+08 1.030349 1.032521 1.039109 1.039324 1.022542 1.021962 1.029674 1.031993 1.016803 1.017735 0.993896 0.995197
1.618750e+08 1.030013 1.032236 1.038656 1.038863 1.021834 1.021279 1.029098 1.031452 1.016090 1.017065 0.992955 0.994351
1.619550e+08 1.029640 1.031913 1.038167 1.038367 1.021086 1.020560 1.028485 1.030876 1.015342 1.016361 0.991980 0.993472
1.620350e+08 1.029232 1.031554 1.037641 1.037836 1.020300 1.019807 1.027837 1.030265 1.014562 1.015624 0.990972 0.992560
1.621150e+08 1.028787 1.031157 1.037080 1.037269 1.019477 1.019019 1.027154 1.029618 1.013749 1.014854 0.989931 0.991616
1.621950e+08 1.028308 1.030725 1.036483 1.036669 1.018616 1.018198 1.026436 1.028938 1.012903 1.014053 0.988858 0.990641
1.622750e+08 1.027795 1.030257 1.035853 1.036035 1.017718 1.017344 1.025685 1.028224 1.012027 1.013220 0.987754 0.989634
1.623550e+08 1.027248 1.029754 1.035188 1.035369 1.016785 1.016457 1.024902 1.027477 1.011119 1.012357 0.986619 0.988597
1.624350e+08 1.026668 1.029216 1.034491 1.034671 1.015817 1.015539 1.024085 1.026698 1.010182 1.011463 0.985455 0.987530
1.625150e+08 1.026056 1.028646 1.033761 1.033942 1.014815 1.014591 1.023238 1.025888 1.009215 1.010541 0.984262 0.986434
1.625950e+08 1.025413 1.028042 1.033000 1.033183 1.013780 1.013613 1.022360 1.025047 1.008220 1.009590 0.983040 0.985310
1.626750e+08 1.024739 1.027407 1.032209 1.032394 1.012713 1.012606 1.021452 1.024177 1.007198 1.008611 0.981792 0.984158
1.627550e+08 1.024036 1.026740 1.031388 1.031578 1.011615 1.011571 1.020516 1.023278 1.006148 1.007606 0.980517 0.982980
1.628350e+08 1.023304 1.026044 1.030538 1.030734 1.010487 1.010510 1.019552 1.022351 1.005074 1.006575 0.979217 0.981776
1.629150e+08 1.022545 1.025319 1.029662 1.029864 1.009330 1.009423 1.018561 1.021397 1.003974 1.005519 0.977893 0.980548
1.629950e+08 1.021760 1.024565 1.028758 1.028969 1.008145 1.008311 1.017544 1.020417 1.002851 1.004440 0.976546 0.979295
1.630750e+08 1.020949 1.023785 1.027830 1.028050 1.006934 1.007175 1.016503 1.019413 1.001705 1.003337 0.975177 0.978020
1.631550e+08 1.020114 1.022979 1.026877 1.027108 1.005697 1.006018 1.015438 1.018385 1.000538 1.002213 0.973786 0.976723
1.632350e+08 1.019256 1.022149 1.025902 1.026144 1.004436 1.004839 1.014351 1.017334 0.999350 1.001069 0.972377 0.975405
1.633150e+08 1.018376 1.021295 1.024905 1.025161 1.003153 1.003640 1.013243 1.016262 0.998143 0.999905 0.970948 0.974067
1.633950e+08 1.017476 1.020418 1.023887 1.024158 1.001848 1.002423 1.012115 1.015170 0.996918 0.998723 0.969502 0.972710
1.634750e+08 1.016556 1.019521 1.022850 1.023137 1.000523 1.001188 1.010968 1.014060 0.995676 0.997523 0.968040 0.971336
1.635550e+08 1.015619 1.018605 1.021795 1.022100 0.999179 0.999937 1.009804 1.012931 0.994419 0.996308 0.966564 0.969946
1.636350e+08 1.014665 1.017670 1.020724 1.021048 0.997818 0.998671 1.008624 1.011787 0.993146 0.995078 0.965073 0.968541
1.637150e+08 1.013696 1.016718 1.019637 1.019982 0.996441 0.997392 1.007428 1.010627 0.991861 0.993834 0.963570 0.967121
1.637950e+08 1.012712 1.015751 1.018537 1.018903 0.995049 0.996101 1.006219 1.009453 0.990564 0.992578 0.962056 0.965688
1.638750e+08 1.011717 1.014770 1.017424 1.017813 0.993645 0.994798 1.004998 1.008267 0.989255 0.991312 0.960532 0.964244
1.639550e+08 1.010710 1.013776 1.016300 1.016714 0.992229 0.993487 1.003766 1.007070 0.987938 0.990035 0.958999 0.962790
1.640350e+08 1.009694 1.012770 1.015166 1.015606 0.990803 0.992167 1.002525 1.005863 0.986612 0.988750 0.957459 0.961326
1.641150e+08 1.008670 1.011756 1.014024 1.014491 0.989368 0.990841 1.001275 1.004648 0.985279 0.987458 0.955913 0.959854
1.641950e+08 1.007639 1.010732 1.012876 1.013371 0.987927 0.989509 1.000019 1.003426 0.983941 0.986160 0.954363 0.958376
1.642750e+08 1.006603 1.009703 1.011722 1.012247 0.986480 0.988174 0.998757 1.002198 0.982598 0.984857 0.952809 0.956892
1.643550e+08 1.005563 1.008668 1.010564 1.011120 0.985029 0.986836 0.997492 1.000966 0.981253 0.983551 0.951253 0.955404
1.644350e+08 1.004521 1.007629 1.009403 1.009992 0.983575 0.985497 0.996224 0.999731 0.979905 0.982243 0.949697 0.953913
1.645150e+08 1.003479 1.006588 1.008241 1.008865 0.982120 0.984158 0.994954 0.998495 0.978558 0.980935 0.948141 0.952420
1.645950e+08 1.002437 1.005546 1.007080 1.007739 0.980666 0.982821 0.993685 0.997258 0.977211 0.979626 0.946587 0.950927
1.646750e+08 1.001397 1.004505 1.005921 1.006615 0.979214 0.981487 0.992417 0.996023 0.975866 0.978320 0.945036 0.949435
1.647550e+08 1.000361 1.003467 1.004764 1.005497 0.977765 0.980157 0.991152 0.994790 0.974525 0.977017 0.943489 0.947944
1.648350e+08 0.999330 1.002432 1.003613 1.004383 0.976322 0.978833 0.989892 0.993562 0.973188 0.975719 0.941948 0.946457
1.649150e+08 0.998306 1.001403 1.002467 1.003278 0.974884 0.977516 0.988637 0.992338 0.971858 0.974426 0.940414 0.944974
1.649950e+08 0.997289 1.000380 1.001328 1.002180 0.973455 0.976207 0.987389 0.991121 0.970534 0.973139 0.938887 0.943496
1.650750e+08 0.996283 0.999366 1.000199 1.001092 0.972034 0.974908 0.986149 0.989912 0.969219 0.971861 0.937370 0.942025
1.651550e+08 0.995287 0.998361 0.999079 1.000015 0.970624 0.973620 0.984919 0.988712 0.967914 0.970592 0.935864 0.940562
1.652350e+08 0.994303 0.997368 0.997970 0.998951 0.969226 0.972344 0.983699 0.987523 0.966619 0.969333 0.934368 0.939108
1.653150e+08 0.993333 0.996387 0.996874 0.997900 0.967842 0.971081 0.982492 0.986345 0.965335 0.968086 0.932886 0.937664
1.653950e+08 0.992379 0.995420 0.995792 0.996864 0.966472 0.969832 0.981297 0.985180 0.964065 0.966852 0.931417 0.936232
1.654750e+08 0.991440 0.994469 0.994726 0.995844 0.965118 0.968599 0.980117 0.984029 0.962809 0.965631 0.929963 0.934811
1.655550e+08 0.990519 0.993534 0.993675 0.994841 0.963781 0.967383 0.978953 0.982893 0.961567 0.964424 0.928525 0.933404
1.656350e+08 0.989617 0.992617 0.992642 0.993856 0.962462 0.966184 0.977805 0.981774 0.960342 0.963234 0.927103 0.932010
1.657150e+08 0.988734 0.991719 0.991627 0.992890 0.961163 0.965004 0.976675 0.980672 0.959134 0.962060 0.925699 0.930632
1.657950e+08 0.987873 0.990842 0.990632 0.991944 0.959884 0.963843 0.975564 0.979588 0.957943 0.960904 0.924313 0.929270
1.658750e+08 0.987035 0.989987 0.989657 0.991020 0.958627 0.962704 0.974472 0.978523 0.956772 0.959766 0.922947 0.927926
1.659550e+08 0.986219 0.989155 0.988704 0.990118 0.957393 0.961586 0.973402 0.977479 0.955620 0.958648 0.921601 0.926598
1.660350e+08 0.985429 0.988346 0.987774 0.989239 0.956182 0.960490 0.972353 0.976456 0.954489 0.957550 0.920276 0.925290
1.661150e+08 0.984664 0.987563 0.986867 0.988384 0.954996 0.959418 0.971326 0.975456 0.953379 0.956473 0.918973 0.924001
1.661950e+08 0.983925 0.986806 0.985985 0.987553 0.953836 0.958369 0.970323 0.974478 0.952291 0.955418 0.917693 0.922732
1.662750e+08 0.983214 0.986076 0.985127 0.986748 0.952702 0.957345 0.969345 0.973524 0.951225 0.954385 0.916435 0.921484
1.663550e+08 0.982531 0.985374 0.984296 0.985970 0.951595 0.956347 0.968391 0.972594 0.950183 0.953375 0.915201 0.920257
1.664350e+08 0.981877 0.984701 0.983491 0.985218 0.950516 0.955374 0.967463 0.971690 0.949166 0.952389 0.913991 0.919053
1.665150e+08 0.981253 0.984057 0.982714 0.984493 0.949466 0.954428 0.966562 0.970811 0.948172 0.951427 0.912806 0.917871
1.665950e+08 0.980660 0.983445 0.981964 0.983797 0.948445 0.953510 0.965688 0.969959 0.947204 0.950491 0.911647 0.916712
1.666750e+08 0.980099 0.982864 0.981243 0.983129 0.947454 0.952618 0.964841 0.969134 0.946261 0.949579 0.910512 0.915577
1.667550e+08 0.979569 0.982315 0.980551 0.982490 0.946493 0.951755 0.964022 0.968337 0.945344 0.948693 0.909404 0.914466
1.668350e+08 0.979071 0.981798 0.979888 0.981880 0.945563 0.950920 0.963232 0.967567 0.944454 0.947833 0.908322 0.913380
1.669150e+08 0.978607 0.981315 0.979256 0.981300 0.944665 0.950113 0.962470 0.966825 0.943590 0.946999 0.907267 0.912318
1.669950e+08 0.978176 0.980866 0.978653 0.980750 0.943797 0.949335 0.961738 0.966112 0.942753 0.946192 0.906238 0.911282
1.670750e+08 0.977779 0.980451 0.978081 0.980230 0.942962 0.948587 0.961036 0.965429 0.941943 0.945411 0.905236 0.910270
1.671550e+08 0.977417 0.980071 0.977539 0.979740 0.942159 0.947867 0.960363 0.964774 0.941160 0.944658 0.904261 0.909285
1.672350e+08 0.977089 0.979726 0.977028 0.979281 0.941388 0.947176 0.959721 0.964148 0.940404 0.943931 0.903313 0.908325
1.673150e+08 0.976795 0.979416 0.976548 0.978852 0.940650 0.946515 0.959108 0.963552 0.939676 0.943232 0.902392 0.907390
1.673950e+08 0.976537 0.979142 0.976099 0.978453 0.939944 0.945883 0.958526 0.962985 0.938975 0.942560 0.901498 0.906482
1.674750e+08 0.976313 0.978903 0.975681 0.978084 0.939271 0.945280 0.957974 0.962448 0.938302 0.941914 0.900631 0.905599
1.675550e+08 0.976124 0.978701 0.975293 0.977746 0.938630 0.944706 0.957453 0.961940 0.937656 0.941296 0.899791 0.904742
1.676350e+08 0.975971 0.978534 0.974936 0.977438 0.938021 0.944160 0.956961 0.961461 0.937037 0.940704 0.898977 0.903910
1.677150e+08 0.975852 0.978403 0.974610 0.977159 0.937444 0.943643 0.956500 0.961011 0.936445 0.940139 0.898189 0.903104
1.677950e+08 0.975768 0.978308 0.974314 0.976910 0.936899 0.943154 0.956068 0.960591 0.935879 0.939601 0.897427 0.902322
1.678750e+08 0.975719 0.978248 0.974048 0.976690 0.936385 0.942693 0.955666 0.960198 0.935340 0.939088 0.896690 0.901566
1.679550e+08 0.975704 0.978224 0.973812 0.976499 0.935903 0.942259 0.955293 0.959835 0.934826 0.938601 0.895979 0.900835
1.680350e+08 0.975723 0.978235 0.973604 0.976335 0.935451 0.941852 0.954949 0.959499 0.934339 0.938139 0.895292 0.900128
1.681150e+08 0.975775 0.978281 0.973426 0.976199 0.935030 0.941471 0.954634 0.959190 0.933876 0.937702 0.894630 0.899444
1.681950e+08 0.975861 0.978361 0.973275 0.976091 0.934638 0.941116 0.954346 0.958908 0.933438 0.937289 0.893991 0.898784
1.682750e+08 0.975980 0.978476 0.973152 0.976008 0.934275 0.940786 0.954086 0.958653 0.933024 0.936899 0.893374 0.898147
1.683550e+08 0.976130 0.978624 0.973056 0.975952 0.933941 0.940480 0.953854 0.958424 0.932633 0.936533 0.892781 0.897532
1.684350e+08 0.976313 0.978805 0.972987 0.975920 0.933634 0.940199 0.953647 0.958220 0.932265 0.936189 0.892209 0.896939
1.685150e+08 0.976526 0.979018 0.972942 0.975913 0.933355 0.939940 0.953466 0.958040 0.931919 0.935867 0.891657 0.896368
1.685950e+08 0.976769 0.979264 0.972923 0.975928 0.933101 0.939703 0.953310 0.957884 0.931595 0.935567 0.891126 0.895817
1.686750e+08 0.977042 0.979540 0.972927 0.975967 0.932873 0.939487 0.953179 0.957751 0.931291 0.935286 0.890615 0.895285
1.687550e+08 0.977343 0.979846 0.972955 0.976027 0.932670 0.939292 0.953070 0.957640 0.931008 0.935025 0.890122 0.894773
1.688350e+08 0.977672 0.980182 0.973004 0.976107 0.932490 0.939116 0.952985 0.957551 0.930743 0.934782 0.889646 0.894279
1.689150e+08 0.978028 0.980546 0.973075 0.976208 0.932332 0.938958 0.952921 0.957482 0.930496 0.934557 0.889187 0.893803
1.689950e+08 0.978410 0.980938 0.973165 0.976326 0.932196 0.938818 0.952878 0.957432 0.930267 0.934349 0.888744 0.893343
1.690750e+08 0.978817 0.981357 0.973275 0.976463 0.932081 0.938694 0.952854 0.957401 0.930054 0.934157 0.888316 0.892899
1.691550e+08 0.979248 0.981801 0.973403 0.976615 0.931985 0.938586 0.952850 0.957387 0.929856 0.933979 0.887902 0.892470
1.692350e+08 0.979701 0.982270 0.973547 0.976783 0.931907 0.938491 0.952863 0.957390 0.929672 0.933815 0.887500 0.892055
1.693150e+08 0.980176 0.982762 0.973708 0.976965 0.931846 0.938410 0.952893 0.957408 0.929502 0.933665 0.887110 0.891653
1.693950e+08 0.980672 0.983277 0.973883 0.977160 0.931801 0.938340 0.952939 0.957440 0.929344 0.933526 0.886731 0.891263
1.694750e+08 0.981187 0.983813 0.974071 0.977367 0.931770 0.938281 0.953000 0.957485 0.929197 0.933397 0.886361 0.890884
1.695550e+08 0.981720 0.984368 0.974271 0.977584 0.931753 0.938232 0.953073 0.957543 0.929059 0.933278 0.885999 0.890514
1.696350e+08 0.982270 0.984943 0.974482 0.977810 0.931748 0.938190 0.953159 0.957610 0.928931 0.933168 0.885645 0.890154
