   1.6715501e+08	       0.0000000	       0.0000000	       0.0000000	       0.0000000	       0.0000000	       0.0000000	       0.0000000	       0.0000000	       0.0000000	       0.0000000	       0.0000000	       0.0000000	
   1.6723501e+08	       1.0516381	       1.0452735	       1.0892534	       1.0888095	       1.1232578	       1.1254194	       1.1149556	       1.1064584	       1.1360003	       1.1301548	       1.1659197	       1.1597229	
   1.6731501e+08	       1.0696919	       1.0678293	       1.1068410	       1.1073801	       1.1419636	       1.1407056	       1.1329951	       1.1246795	       1.1508029	       1.1513029	       1.1852531	       1.1780183	
   1.6739501e+08	       1.0696226	       1.0711727	       1.1045872	       1.1056764	       1.1426203	       1.1403272	       1.1333948	       1.1238545	       1.1538253	       1.1501144	       1.1886261	       1.1783359	
   1.6747501e+08	       1.0713771	       1.0677339	       1.1041141	       1.1033749	       1.1408372	       1.1399133	       1.1279992	       1.1210708	       1.1539671	       1.1499113	       1.1873925	       1.1784463	
   1.6755501e+08	       1.0665861	       1.0700912	       1.1027799	       1.1057253	       1.1395414	       1.1385955	       1.1271967	       1.1264173	       1.1569909	       1.1472177	       1.1949527	       1.1777232	
   1.6763501e+08	       1.0678712	       1.0650360	       1.1029382	       1.1025382	       1.1403915	       1.1369864	       1.1286901	       1.1263462	       1.1516586	       1.1492538	       1.1860064	       1.1793031	
   1.6771501e+08	       1.0693043	       1.0660474	       1.1004404	       1.1040313	       1.1386217	       1.1365281	       1.1251741	       1.1266154	       1.1555389	       1.1491591	       1.1878981	       1.1750044	
   1.6779501e+08	       1.0668543	       1.0659542	       1.1002529	       1.1055375	       1.1376029	       1.1348838	       1.1250711	       1.1322257	       1.1570309	       1.1510841	       1.1892840	       1.1820158	
   1.6787501e+08	       1.0691879	       1.0673203	       1.1038711	       1.1040886	       1.1308240	       1.1340335	       1.1261479	       1.1203333	       1.1528400	       1.1505396	       1.1858163	       1.1744695	
   1.6795501e+08	       1.0695812	       1.0650134	       1.1052529	       1.1043700	       1.1352283	       1.1341014	       1.1242913	       1.1223957	       1.1531584	       1.1494502	       1.1843196	       1.1768436	
   1.6803501e+08	       1.0699765	       1.0654306	       1.1031707	       1.1036176	       1.1356263	       1.1336843	       1.1324033	       1.1232843	       1.1515740	       1.1484689	       1.1806125	       1.1727351	
   1.6811501e+08	       1.0698818	       1.0679404	       1.1038347	       1.1019187	       1.1335796	       1.1346137	       1.1280523	       1.1190227	       1.1495833	       1.1454868	       1.1791530	       1.1703458	
   1.6819501e+08	       1.0704018	       1.0664549	       1.0989565	       1.1027021	       1.1318731	       1.1304340	       1.1259575	       1.1197282	       1.1496280	       1.1461035	       1.1745175	       1.1668708	
   1.6827501e+08	       1.0548020	       1.0492344	       1.0836224	       1.0854328	       1.1182179	       1.1186863	       1.1107830	       1.1071614	       1.1318662	       1.1283109	       1.1570549	       1.1475133	
   1.6835501e+08	       0.0000000	       0.0000000	       0.0000000	       0.0000000	       0.0000000	       0.0000000	       0.0000000	       0.0000000	       0.0000000	       0.0000000	       0.0000000	       0.0000000	
   1.6843501e+08	       0.0000000	       0.0000000	       0.0000000	       0.0000000	       0.0000000	       0.0000000	       0.0000000	       0.0000000	       0.0000000	       0.0000000	       0.0000000	       0.0000000	
   1.6851501e+08	       1.0533883	       1.0494876	       1.0797963	       1.0824189	       1.1122918	       1.1123272	       1.1057549	       1.0985155	       1.1278809	       1.1221429	       1.1541210	       1.1508205	
   1.6859501e+08	       1.0714920	       1.0716366	       1.1020118	       1.1006392	       1.1351998	       1.1361174	       1.1250463	       1.1147344	       1.1436540	       1.1426494	       1.1766152	       1.1672022	
   1.6867501e+08	       1.0722898	       1.0672084	       1.1008051	       1.1026109	       1.1347334	       1.1366186	       1.1224328	       1.1144209	       1.1457189	       1.1405902	       1.1815665	       1.1682451	
   1.6875501e+08	       1.0714310	       1.0705182	       1.1065615	       1.1042642	       1.1343036	       1.1352386	       1.1198359	       1.1154134	       1.1445985	       1.1426585	       1.1763500	       1.1658610	
   1.6883501e+08	       1.0715026	       1.0711312	       1.1046299	       1.1042579	       1.1313919	       1.1323978	       1.1224490	       1.1187637	       1.1452045	       1.1398505	       1.1774305	       1.1634974	
   1.6891501e+08	       1.0687427	       1.0696134	       1.1083019	       1.1042840	       1.1280881	       1.1322767	       1.1193813	       1.1178543	       1.1469738	       1.1466892	       1.1770414	       1.1663101	
   1.6899501e+08	       1.0679953	       1.0714210	       1.1052197	       1.1018471	       1.1300432	       1.1316460	       1.1248999	       1.1169792	       1.1519017	       1.1416881	       1.1744433	       1.1613735	
   1.6907501e+08	       1.0686381	       1.0703195	       1.1042034	       1.1005052	       1.1311990	       1.1301745	       1.1310844	       1.1300315	       1.1525631	       1.1470455	       1.1787099	       1.1611300	
   1.6915501e+08	       1.0688448	       1.0714526	       1.1010283	       1.0989355	       1.1303608	       1.1332937	       1.1284587	       1.1270478	       1.1454873	       1.1434110	       1.1732755	       1.1629497	
   1.6923501e+08	       1.0742118	       1.0710463	       1.0995536	       1.1009431	       1.1304837	       1.1339342	       1.1277257	       1.1293870	       1.1460592	       1.1440693	       1.1732763	       1.1628654	
   1.6931501e+08	       1.0730463	       1.0734003	       1.0988128	       1.1014320	       1.1337988	       1.1308289	       1.1276486	       1.1281939	       1.1462052	       1.1446871	       1.1740720	       1.1605228	
   1.6939501e+08	       1.0750375	       1.0736899	       1.1006813	       1.1003992	       1.1300821	       1.1316227	       1.1302404	       1.1258420	       1.1467876	       1.1460280	       1.1746635	       1.1601159	
   1.6947501e+08	       1.0727273	       1.0712156	       1.1011294	       1.1022572	       1.1315665	       1.1309243	       1.1306196	       1.1253732	       1.1445497	       1.1431243	       1.1676295	       1.1583515	
   1.6955501e+08	       1.0595474	       1.0562050	       1.0870940	       1.0894300	       1.1179813	       1.1155495	       1.1133214	       1.1143269	       1.1281167	       1.1305450	       1.1569821	       1.1430650	
   1.6963501e+08	       0.0000000	       0.0000000	       0.0000000	       0.0000000	       0.0000000	       0.0000000	       0.0000000	       0.0000000	       0.0000000	       0.0000000	       0.0000000	       0.0000000	
   1.6971501e+08	       0.0000000	       0.0000000	       0.0000000	       0.0000000	       0.0000000	       0.0000000	       0.0000000	       0.0000000	       0.0000000	       0.0000000	       0.0000000	       0.0000000	
   1.6979501e+08	       1.0593408	       1.0547230	       1.0846721	       1.0840200	       1.1132906	       1.1154346	       1.1060858	       1.1154713	       1.1263714	       1.1223825	       1.1531691	       1.1414538	
   1.6987501e+08	       1.0802766	       1.0769459	       1.1013142	       1.1035063	       1.1308324	       1.1342625	       1.1254591	       1.1240592	       1.1443570	       1.1415419	       1.1712061	       1.1598788	
   1.6995501e+08	       1.0778301	       1.0743015	       1.1033279	       1.1011743	       1.1343041	       1.1331495	       1.1245938	       1.1266774	       1.1436499	       1.1417643	       1.1678295	       1.1617821	
   1.7003501e+08	       1.0784423	       1.0758338	       1.0993650	       1.1037625	       1.1331687	       1.1316061	       1.1275367	       1.1280188	       1.1487540	       1.1440131	       1.1653242	       1.1601002	
   1.7011501e+08	       1.0776896	       1.0724564	       1.1000334	       1.1048967	       1.1347514	       1.1305243	       1.1323802	       1.1199617	       1.1452026	       1.1402882	       1.1671675	       1.1628652	
   1.7019501e+08	       1.0800874	       1.0795848	       1.1019309	       1.1054320	       1.1327613	       1.1323089	       1.1216211	       1.1243188	       1.1447969	       1.1403066	       1.1657402	       1.1596334	
   1.7027501e+08	       1.0810049	       1.0770865	       1.1065018	       1.1052072	       1.1334615	       1.1335021	       1.1214319	       1.1206471	       1.1430228	       1.1424695	       1.1628434	       1.1584793	
   1.7035501e+08	       1.0822646	       1.0788941	       1.1075240	       1.1104154	       1.1377117	       1.1336906	       1.1304327	       1.1182588	       1.1437228	       1.1465142	       1.1610382	       1.1628489	
   1.7043501e+08	       1.0825914	       1.0828745	       1.1097991	       1.1117161	       1.1328391	       1.1333779	       1.1223662	       1.1187990	       1.1408320	       1.1422656	       1.1673184	       1.1611959	
   1.7051501e+08	       1.0834731	       1.0817248	       1.1099352	       1.1096063	       1.1342520	       1.1333401	       1.1270131	       1.1193471	       1.1396843	       1.1442023	       1.1661699	       1.1563638	
   1.7059501e+08	       1.0826546	       1.0847344	       1.1075499	       1.1102525	       1.1282712	       1.1309983	       1.1274709	       1.1190290	       1.1432388	       1.1468330	       1.1630736	       1.1563086	
   1.7067501e+08	       1.0851993	       1.0826105	       1.1063819	       1.1054169	       1.1307315	       1.1312840	       1.1223538	       1.1210566	       1.1420450	       1.1481535	       1.1628723	       1.1576774	
   1.7075501e+08	       1.0831723	       1.0839292	       1.1049600	       1.1057742	       1.1288010	       1.1285665	       1.1197128	       1.1176584	       1.1432339	       1.1440788	       1.1642613	       1.1558964	
   1.7083501e+08	       1.0641939	       1.0624301	       1.0840658	       1.0916380	       1.1162699	       1.1168282	       1.1041200	       1.1018274	       1.1281680	       1.1331515	       1.1472241	       1.1422351	
   1.7091501e+08	       0.0000000	       0.0000000	       0.0000000	       0.0000000	       0.0000000	       0.0000000	       0.0000000	       0.0000000	       0.0000000	       0.0000000	       0.0000000	       0.0000000	
   1.7099501e+08	       0.0000000	       0.0000000	       0.0000000	       0.0000000	       0.0000000	       0.0000000	       0.0000000	       0.0000000	       0.0000000	       0.0000000	       0.0000000	       0.0000000	
   1.7107501e+08	       1.0606873	       1.0565335	       1.0891388	       1.0923215	       1.1108718	       1.1119736	       1.1056261	       1.1011057	       1.1169848	       1.1206432	       1.1408038	       1.1397459	
   1.7115501e+08	       1.0835538	       1.0748566	       1.1112805	       1.1105520	       1.1312005	       1.1309423	       1.1254561	       1.1190949	       1.1398715	       1.1444628	       1.1616123	       1.1611412	
   1.7123501e+08	       1.0846542	       1.0743378	       1.1066108	       1.1115539	       1.1306054	       1.1321064	       1.1222027	       1.1228640	       1.1412489	       1.1373939	       1.1642285	       1.1582049	
   1.7131501e+08	       1.0852614	       1.0773988	       1.1084468	       1.1080681	       1.1326246	       1.1333161	       1.1227714	       1.1196260	       1.1427968	       1.1412428	       1.1621139	       1.1600088	
   1.7139501e+08	       1.0820453	       1.0790855	       1.1079125	       1.1077313	       1.1274476	       1.1291571	       1.1277461	       1.1214788	       1.1422865	       1.1444992	       1.1594228	       1.1580728	
   1.7147501e+08	       1.0817354	       1.0828944	       1.1057042	       1.1058089	       1.1301653	       1.1270843	       1.1277421	       1.1227660	       1.1402798	       1.1397008	       1.1606278	       1.1580587	
   1.7155501e+08	       1.0834286	       1.0811137	       1.1023685	       1.1057621	       1.1288339	       1.1317545	       1.1267570	       1.1230919	       1.1392732	       1.1417880	       1.1598524	       1.1579252	
   1.7163501e+08	       1.0831838	       1.0852249	       1.1038532	       1.1071687	       1.1286740	       1.1294427	       1.1284035	       1.1277972	       1.1384611	       1.1440939	       1.1623593	       1.1608172	
   1.7171501e+08	       1.0854031	       1.0813749	       1.0992410	       1.1048416	       1.1290367	       1.1282287	       1.1309657	       1.1244002	       1.1352081	       1.1378358	       1.1594649	       1.1591905	
   1.7179501e+08	       1.0871615	       1.0829222	       1.1020344	       1.1058313	       1.1291081	       1.1322192	       1.1289366	       1.1218640	       1.1335241	       1.1367234	       1.1569210	       1.1597175	
   1.7187501e+08	       1.0848679	       1.0859145	       1.1056724	       1.1089790	       1.1272356	       1.1288366	       1.1286175	       1.1240077	       1.1340746	       1.1325358	       1.1576437	       1.1591711	
   1.7195501e+08	       1.0837823	       1.0822124	       1.1038182	       1.1095307	       1.1305328	       1.1317445	       1.1336923	       1.1246353	       1.1322282	       1.1314149	       1.1606372	       1.1606849	
   1.7203501e+08	       1.0858856	       1.0849765	       1.1055600	       1.1091967	       1.1298097	       1.1294800	       1.1282307	       1.1246411	       1.1298353	       1.1274730	       1.1564403	       1.1568844	
   1.7211501e+08	       1.0701669	       1.0689175	       1.0924511	       1.0946374	       1.1140047	       1.1142939	       1.1139673	       1.1046742	       1.1194680	       1.1176042	       1.1417746	       1.1436129	
   1.7219501e+08	       0.0000000	       0.0000000	       0.0000000	       0.0000000	       0.0000000	       0.0000000	       0.0000000	       0.0000000	       0.0000000	       0.0000000	       0.0000000	       0.0000000	
   1.7227501e+08	       0.0000000	       0.0000000	       0.0000000	       0.0000000	       0.0000000	       0.0000000	       0.0000000	       0.0000000	       0.0000000	       0.0000000	       0.0000000	       0.0000000	
   1.7235501e+08	       1.0653934	       1.0652297	       1.0836942	       1.0886252	       1.1081105	       1.1112570	       1.1056886	       1.1019787	       1.1151630	       1.1159726	       1.1372262	       1.1359956	
   1.7243501e+08	       1.0843660	       1.0845068	       1.1018895	       1.1067013	       1.1317932	       1.1258414	       1.1223853	       1.1152216	       1.1398968	       1.1366366	       1.1536650	       1.1569068	
   1.7251501e+08	       1.0885157	       1.0857152	       1.0991287	       1.1093648	       1.1279192	       1.1301275	       1.1277800	       1.1170250	       1.1398607	       1.1380318	       1.1558460	       1.1524069	
   1.7259501e+08	       1.0863959	       1.0830611	       1.1038904	       1.1102044	       1.1278625	       1.1280968	       1.1262833	       1.1146332	       1.1421473	       1.1370351	       1.1525422	       1.1518619	
   1.7267501e+08	       1.0867813	       1.0822733	       1.1090427	       1.1063934	       1.1255986	       1.1283473	       1.1191239	       1.1151855	       1.1354496	       1.1369553	       1.1483160	       1.1504021	
   1.7275501e+08	       1.0859010	       1.0833347	       1.1076350	       1.1070908	       1.1240633	       1.1274129	       1.1211157	       1.1178290	       1.1390421	       1.1354236	       1.1485264	       1.1466534	
   1.7283501e+08	       1.0878495	       1.0840282	       1.1076432	       1.1093910	       1.1227832	       1.1263925	       1.1200196	       1.1101965	       1.1346751	       1.1333366	       1.1468477	       1.1470577	
   1.7291501e+08	       1.0859753	       1.0868291	       1.1062959	       1.1059494	       1.1255948	       1.1301887	       1.1172067	       1.1154044	       1.1350600	       1.1384207	       1.1458495	       1.1441398	
   1.7299501e+08	       1.0820430	       1.0877886	       1.1041763	       1.1045217	       1.1229156	       1.1247872	       1.1173537	       1.1160796	       1.1318260	       1.1303785	       1.1485914	       1.1419382	
   1.7307501e+08	       1.0857724	       1.0870356	       1.1034536	       1.1053246	       1.1208122	       1.1217186	       1.1192958	       1.1151323	       1.1306634	       1.1327738	       1.1437438	       1.1424007	
   1.7315501e+08	       1.0848002	       1.0886595	       1.0978040	       1.1048024	       1.1215002	       1.1222402	       1.1202638	       1.1169375	       1.1313524	       1.1277157	       1.1446977	       1.1436725	
   1.7323501e+08	       1.0829588	       1.0889379	       1.0971851	       1.1011010	       1.1209268	       1.1226939	       1.1141073	       1.1126379	       1.1261119	       1.1273977	       1.1477899	       1.1411024	
   1.7331501e+08	       1.0887151	       1.0884255	       1.0970167	       1.1009777	       1.1153413	       1.1207199	       1.1149954	       1.1169562	       1.1258052	       1.1267186	       1.1409539	       1.1378037	
   1.7339501e+08	       1.0676669	       1.0743425	       1.0813675	       1.0899275	       1.1003274	       1.1071815	       1.1066295	       1.0963440	       1.1082331	       1.1075289	       1.1280642	       1.1263296	
   1.7347501e+08	       0.0000000	       0.0000000	       0.0000000	       0.0000000	       0.0000000	       0.0000000	       0.0000000	       0.0000000	       0.0000000	       0.0000000	       0.0000000	       0.0000000	
   1.7355501e+08	       0.0000000	       0.0000000	       0.0000000	       0.0000000	       0.0000000	       0.0000000	       0.0000000	       0.0000000	       0.0000000	       0.0000000	       0.0000000	       0.0000000	
   1.7363501e+08	       1.0637230	       1.0648787	       1.0823661	       1.0889834	       1.0970821	       1.0979010	       1.0986396	       1.0922375	       1.1024450	       1.0995614	       1.1225703	       1.1170055	
   1.7371501e+08	       1.0840632	       1.0858353	       1.1048496	       1.1060427	       1.1120176	       1.1173878	       1.1179385	       1.1124873	       1.1229473	       1.1228252	       1.1428820	       1.1360949	
   1.7379501e+08	       1.0847888	       1.0881040	       1.1051199	       1.1033334	       1.1126974	       1.1163860	       1.1153472	       1.1054277	       1.1226647	       1.1211599	       1.1386943	       1.1326958	
   1.7387501e+08	       1.0821431	       1.0860941	       1.0994025	       1.1003626	       1.1099989	       1.1150519	       1.1128053	       1.1080327	       1.1184975	       1.1160712	       1.1358880	       1.1361169	
   1.7395501e+08	       1.0824175	       1.0844698	       1.0945580	       1.1021274	       1.1130445	       1.1125161	       1.1144545	       1.1063845	       1.1148649	       1.1176425	       1.1379924	       1.1307329	
   1.7403501e+08	       1.0803467	       1.0823437	       1.0950893	       1.1022933	       1.1108091	       1.1138766	       1.1124767	       1.1059184	       1.1204427	       1.1178390	       1.1352990	       1.1256312	
   1.7411501e+08	       1.0814120	       1.0846559	       1.0904409	       1.0982951	       1.1097968	       1.1117798	       1.1053173	       1.0982260	       1.1202652	       1.1163548	       1.1321900	       1.1314447	
   1.7419501e+08	       1.0815283	       1.0821840	       1.0943278	       1.1045706	       1.1036799	       1.1160344	       1.1017527	       1.1070186	       1.1222107	       1.1222835	       1.1355765	       1.1263521	
   1.7427501e+08	       1.0801322	       1.0867884	       1.0932709	       1.1021497	       1.1056891	       1.1078306	       1.1050647	       1.0975145	       1.1174490	       1.1144859	       1.1263529	       1.1246731	
   1.7435501e+08	       1.0797754	       1.0871082	       1.0961417	       1.0999079	       1.1039082	       1.1103238	       1.0973518	       1.0945521	       1.1136946	       1.1145938	       1.1273438	       1.1217026	
   1.7443501e+08	       1.0777871	       1.0888267	       1.0957441	       1.0992619	       1.1044862	       1.1067539	       1.1037556	       1.0883624	       1.1159367	       1.1090724	       1.1239587	       1.1193560	
   1.7451501e+08	       1.0775279	       1.0859447	       1.0969051	       1.0989469	       1.1013893	       1.1067259	       1.1030320	       1.0905930	       1.1152495	       1.1101083	       1.1202123	       1.1151922	
   1.7459501e+08	       1.0739305	       1.0819945	       1.0909632	       1.0948415	       1.1000031	       1.0992791	       1.0982702	       1.0889561	       1.1143062	       1.1083382	       1.1253213	       1.1149868	
   1.7467501e+08	       1.0590590	       1.0674786	       1.0736332	       1.0806638	       1.0843627	       1.0871820	       1.0887638	       1.0750722	       1.0935603	       1.0939841	       1.1032489	       1.0951504	
   1.7475501e+08	       0.0000000	       0.0000000	       0.0000000	       0.0000000	       0.0000000	       0.0000000	       0.0000000	       0.0000000	       0.0000000	       0.0000000	       0.0000000	       0.0000000	
   1.7483501e+08	       0.0000000	       0.0000000	       0.0000000	       0.0000000	       0.0000000	       0.0000000	       0.0000000	       0.0000000	       0.0000000	       0.0000000	       0.0000000	       0.0000000	
   1.7491501e+08	       1.0556941	       1.0596321	       1.0628355	       1.0717084	       1.0802226	       1.0809728	       1.0796310	       1.0709463	       1.0807328	       1.0864200	       1.0978045	       1.0934134	
   1.7499501e+08	       1.0709890	       1.0798099	       1.0812245	       1.0895904	       1.0969291	       1.1002319	       1.0920363	       1.0853612	       1.1029257	       1.1012411	       1.1162862	       1.1084975	
   1.7507501e+08	       1.0724136	       1.0768096	       1.0840304	       1.0894816	       1.0956056	       1.0982640	       1.0961537	       1.0889943	       1.0991096	       1.1029197	       1.1183236	       1.1113414	
   1.7515501e+08	       1.0717458	       1.0727692	       1.0812698	       1.0894194	       1.0954670	       1.0987640	       1.0913095	       1.0884407	       1.1027954	       1.1003448	       1.1166840	       1.1078329	
   1.7523501e+08	       1.0695662	       1.0723350	       1.0872529	       1.0884929	       1.0958406	       1.0960065	       1.0916531	       1.0854518	       1.1002489	       1.0975177	       1.1142188	       1.1067286	
   1.7531501e+08	       1.0658051	       1.0720743	       1.0860092	       1.0891502	       1.0946010	       1.0928052	       1.0894397	       1.0881788	       1.0966971	       1.0943686	       1.1099999	       1.1082555	
   1.7539501e+08	       1.0661540	       1.0706822	       1.0835003	       1.0832779	       1.0926486	       1.0929338	       1.0851369	       1.0892608	       1.0941656	       1.0929804	       1.1076789	       1.1050828	
   1.7547501e+08	       1.0665972	       1.0749685	       1.0793855	       1.0826449	       1.0913691	       1.0915351	       1.0944547	       1.0875884	       1.0957651	       1.0927422	       1.1072023	       1.1049813	
   1.7555501e+08	       1.0668214	       1.0693578	       1.0756758	       1.0826367	       1.0874808	       1.0896772	       1.0827763	       1.0864683	       1.0937952	       1.0888094	       1.1002621	       1.0995078	
   1.7563501e+08	       1.0618038	       1.0710884	       1.0741147	       1.0804596	       1.0847277	       1.0849773	       1.0836295	       1.0851024	       1.0908514	       1.0891687	       1.1043528	       1.0976901	
   1.7571501e+08	       1.0620841	       1.0743416	       1.0736891	       1.0802979	       1.0820662	       1.0874331	       1.0846693	       1.0762331	       1.0890347	       1.0835615	       1.0980810	       1.0923021	
   1.7579501e+08	       1.0598749	       1.0709346	       1.0728887	       1.0791672	       1.0842468	       1.0823834	       1.0764749	       1.0761325	       1.0902405	       1.0838336	       1.0930236	       1.0951256	
   1.7587501e+08	       1.0587545	       1.0691880	       1.0749335	       1.0801336	       1.0829024	       1.0825875	       1.0754308	       1.0769032	       1.0815131	       1.0851266	       1.0924879	       1.0937729	
   1.7595501e+08	       1.0431423	       1.0536892	       1.0600423	       1.0633473	       1.0648329	       1.0694341	       1.0567332	       1.0631554	       1.0724792	       1.0725183	       1.0778632	       1.0776169	
   1.7603501e+08	       0.0000000	       0.0000000	       0.0000000	       0.0000000	       0.0000000	       0.0000000	       0.0000000	       0.0000000	       0.0000000	       0.0000000	       0.0000000	       0.0000000	
   1.7611501e+08	       0.0000000	       0.0000000	       0.0000000	       0.0000000	       0.0000000	       0.0000000	       0.0000000	       0.0000000	       0.0000000	       0.0000000	       0.0000000	       0.0000000	
   1.7619501e+08	       1.0372339	       1.0437218	       1.0563636	       1.0564699	       1.0562466	       1.0617357	       1.0507702	       1.0569340	       1.0622662	       1.0625629	       1.0708798	       1.0701298	
   1.7627501e+08	       1.0557335	       1.0644883	       1.0697625	       1.0746140	       1.0760206	       1.0766763	       1.0702476	       1.0758538	       1.0836936	       1.0780228	       1.0888620	       1.0908011	
   1.7635501e+08	       1.0565924	       1.0603852	       1.0687480	       1.0740198	       1.0765346	       1.0752485	       1.0712152	       1.0731912	       1.0826806	       1.0788596	       1.0842111	       1.0880412	
   1.7643501e+08	       1.0552547	       1.0570363	       1.0644713	       1.0725235	       1.0734119	       1.0772073	       1.0679254	       1.0709230	       1.0780192	       1.0771690	       1.0850818	       1.0857314	
   1.7651501e+08	       1.0541659	       1.0569597	       1.0649979	       1.0707390	       1.0686808	       1.0730435	       1.0650450	       1.0658060	       1.0778655	       1.0733593	       1.0817854	       1.0811774	
   1.7659501e+08	       1.0510882	       1.0551445	       1.0642769	       1.0722951	       1.0706007	       1.0703207	       1.0596445	       1.0675634	       1.0769358	       1.0747324	       1.0760150	       1.0799026	
   1.7667501e+08	       1.0499414	       1.0555979	       1.0639840	       1.0711760	       1.0665464	       1.0694146	       1.0602755	       1.0710632	       1.0723789	       1.0723265	       1.0749047	       1.0758414	
   1.7675501e+08	       1.0475359	       1.0528037	       1.0629789	       1.0698735	       1.0652644	       1.0654328	       1.0520065	       1.0614538	       1.0740276	       1.0691127	       1.0742035	       1.0741638	
   1.7683501e+08	       1.0481081	       1.0565852	       1.0633414	       1.0673509	       1.0627077	       1.0656838	       1.0559489	       1.0615490	       1.0690686	       1.0661323	       1.0743937	       1.0712284	
   1.7691501e+08	       1.0459820	       1.0555226	       1.0631501	       1.0656431	       1.0632104	       1.0630584	       1.0504914	       1.0527008	       1.0686431	       1.0681705	       1.0715882	       1.0683393	
   1.7699501e+08	       1.0483763	       1.0559082	       1.0595976	       1.0630173	       1.0595319	       1.0600937	       1.0562014	       1.0598305	       1.0685061	       1.0662491	       1.0693967	       1.0686749	
   1.7707501e+08	       1.0468737	       1.0532908	       1.0555842	       1.0595471	       1.0589571	       1.0594207	       1.0527064	       1.0578177	       1.0628165	       1.0647344	       1.0693855	       1.0654460	
   1.7715501e+08	       1.0486684	       1.0541731	       1.0524650	       1.0540662	       1.0554682	       1.0567354	       1.0504911	       1.0510970	       1.0602059	       1.0648575	       1.0697894	       1.0684637	
   1.7723501e+08	       1.0299008	       1.0377363	       1.0327770	       1.0375498	       1.0420334	       1.0391334	       1.0371110	       1.0385323	       1.0458016	       1.0484400	       1.0517576	       1.0491964	
   1.7731501e+08	       0.0000000	       0.0000000	       0.0000000	       0.0000000	       0.0000000	       0.0000000	       0.0000000	       0.0000000	       0.0000000	       0.0000000	       0.0000000	       0.0000000	
   1.7739501e+08	       0.0000000	       0.0000000	       0.0000000	       0.0000000	       0.0000000	       0.0000000	       0.0000000	       0.0000000	       0.0000000	       0.0000000	       0.0000000	       0.0000000	
   1.7747501e+08	       1.0211294	       1.0233818	       1.0277127	       1.0318831	       1.0318954	       1.0361446	       1.0293460	       1.0336499	       1.0447959	       1.0411766	       1.0435508	       1.0438084	
   1.7755501e+08	       1.0398002	       1.0433880	       1.0502518	       1.0510137	       1.0539071	       1.0527524	       1.0467543	       1.0464336	       1.0587762	       1.0608277	       1.0640965	       1.0625522	
   1.7763501e+08	       1.0415165	       1.0414841	       1.0519412	       1.0504403	       1.0503820	       1.0504438	       1.0430056	       1.0496972	       1.0568663	       1.0603919	       1.0597626	       1.0572826	
   1.7771501e+08	       1.0376418	       1.0374345	       1.0508607	       1.0498753	       1.0521602	       1.0474731	       1.0440534	       1.0455520	       1.0565093	       1.0562027	       1.0599508	       1.0602078	
   1.7779501e+08	       1.0334031	       1.0377398	       1.0502065	       1.0493221	       1.0462816	       1.0474560	       1.0435932	       1.0419319	       1.0534085	       1.0566303	       1.0595406	       1.0544490	
   1.7787501e+08	       1.0349962	       1.0352911	       1.0469266	       1.0485490	       1.0458102	       1.0457618	       1.0417517	       1.0446707	       1.0548256	       1.0509021	       1.0555487	       1.0559921	
   1.7795501e+08	       1.0322479	       1.0330909	       1.0421327	       1.0466941	       1.0444432	       1.0425287	       1.0466584	       1.0414392	       1.0495204	       1.0531789	       1.0529458	       1.0508751	
   1.7803501e+08	       1.0338673	       1.0370150	       1.0365402	       1.0448154	       1.0417253	       1.0440526	       1.0453030	       1.0482643	       1.0518228	       1.0495997	       1.0568845	       1.0535742	
   1.7811501e+08	       1.0326008	       1.0359823	       1.0407135	       1.0435510	       1.0391749	       1.0417078	       1.0431208	       1.0436004	       1.0471620	       1.0473573	       1.0521147	       1.0486259	
   1.7819501e+08	       1.0303005	       1.0364229	       1.0354714	       1.0447878	       1.0402328	       1.0407252	       1.0426578	       1.0440439	       1.0464132	       1.0480558	       1.0488220	       1.0480933	
   1.7827501e+08	       1.0317111	       1.0368885	       1.0401633	       1.0417322	       1.0399825	       1.0397677	       1.0418635	       1.0462474	       1.0428294	       1.0441146	       1.0463092	       1.0449402	
   1.7835501e+08	       1.0313914	       1.0368704	       1.0424322	       1.0423314	       1.0375579	       1.0378995	       1.0420201	       1.0404588	       1.0451273	       1.0425775	       1.0436099	       1.0443643	
   1.7843501e+08	       1.0312578	       1.0332985	       1.0427179	       1.0437555	       1.0374559	       1.0352467	       1.0386862	       1.0374540	       1.0423068	       1.0406715	       1.0424242	       1.0429230	
   1.7851501e+08	       1.0136955	       1.0218655	       1.0245891	       1.0248176	       1.0219993	       1.0199885	       1.0236166	       1.0289879	       1.0255274	       1.0250991	       1.0246595	       1.0300585	
   1.7859501e+08	       0.0000000	       0.0000000	       0.0000000	       0.0000000	       0.0000000	       0.0000000	       0.0000000	       0.0000000	       0.0000000	       0.0000000	       0.0000000	       0.0000000	
   1.7867501e+08	       0.0000000	       0.0000000	       0.0000000	       0.0000000	       0.0000000	       0.0000000	       0.0000000	       0.0000000	       0.0000000	       0.0000000	       0.0000000	       0.0000000	
   1.7875501e+08	       1.0099969	       1.0137946	       1.0186178	       1.0191203	       1.0160464	       1.0145430	       1.0188013	       1.0215477	       1.0120944	       1.0157588	       1.0226189	       1.0166485	
   1.7883501e+08	       1.0290400	       1.0321275	       1.0324047	       1.0314628	       1.0346220	       1.0322253	       1.0383955	       1.0354078	       1.0302222	       1.0324709	       1.0376508	       1.0373860	
   1.7891501e+08	       1.0287711	       1.0247614	       1.0306043	       1.0307282	       1.0357805	       1.0342512	       1.0377300	       1.0403020	       1.0322585	       1.0343780	       1.0388466	       1.0355412	
   1.7899501e+08	       1.0254275	       1.0266701	       1.0306583	       1.0317120	       1.0321937	       1.0276301	       1.0355278	       1.0412183	       1.0316068	       1.0338129	       1.0367464	       1.0371422	
   1.7907501e+08	       1.0271363	       1.0216440	       1.0316159	       1.0311834	       1.0305063	       1.0252112	       1.0295240	       1.0384859	       1.0311681	       1.0338743	       1.0335571	       1.0364051	
   1.7915501e+08	       1.0243281	       1.0238511	       1.0322797	       1.0308843	       1.0286474	       1.0275478	       1.0315750	       1.0354792	       1.0304259	       1.0308119	       1.0307641	       1.0324655	
   1.7923501e+08	       1.0215305	       1.0222260	       1.0325129	       1.0319364	       1.0278317	       1.0254643	       1.0263282	       1.0355416	       1.0275454	       1.0311202	       1.0301164	       1.0322908	
   1.7931501e+08	       1.0189619	       1.0258735	       1.0342953	       1.0290371	       1.0249250	       1.0225198	       1.0345989	       1.0378691	       1.0274394	       1.0306049	       1.0302594	       1.0299271	
   1.7939501e+08	       1.0243036	       1.0256232	       1.0289812	       1.0279418	       1.0262242	       1.0252570	       1.0335915	       1.0312713	       1.0268879	       1.0284125	       1.0283245	       1.0309335	
   1.7947501e+08	       1.0219905	       1.0252539	       1.0296092	       1.0279441	       1.0235615	       1.0204401	       1.0270345	       1.0287647	       1.0275532	       1.0255953	       1.0279457	       1.0284011	
   1.7955501e+08	       1.0181770	       1.0270381	       1.0260379	       1.0274134	       1.0230174	       1.0195674	       1.0325096	       1.0269193	       1.0290909	       1.0261268	       1.0232762	       1.0266841	
   1.7963501e+08	       1.0198676	       1.0251653	       1.0237329	       1.0244671	       1.0235642	       1.0186497	       1.0268052	       1.0269782	       1.0257687	       1.0243461	       1.0237701	       1.0261234	
   1.7971501e+08	       1.0202621	       1.0273266	       1.0205159	       1.0228783	       1.0197670	       1.0176012	       1.0237882	       1.0198315	       1.0213181	       1.0261320	       1.0200430	       1.0214586	
   1.7979501e+08	       1.0028132	       1.0062223	       1.0061976	       1.0088105	       1.0052120	       1.0041050	       1.0062002	       1.0088215	       1.0083674	       1.0102039	       1.0102560	       1.0063860	
   1.7987501e+08	       0.0000000	       0.0000000	       0.0000000	       0.0000000	       0.0000000	       0.0000000	       0.0000000	       0.0000000	       0.0000000	       0.0000000	       0.0000000	       0.0000000	
   1.7995501e+08	       0.0000000	       0.0000000	       0.0000000	       0.0000000	       0.0000000	       0.0000000	       0.0000000	       0.0000000	       0.0000000	       0.0000000	       0.0000000	       0.0000000	
   1.8003501e+08	      0.99928976	       1.0042095	       1.0087765	       1.0073300	       1.0026408	       1.0023161	      0.99588202	      0.99898460	      0.99940750	       1.0047462	       1.0049883	      0.99650785	
   1.8011501e+08	       1.0191452	       1.0210591	       1.0276249	       1.0249580	       1.0176946	       1.0184212	       1.0148945	       1.0172679	       1.0195596	       1.0246866	       1.0185519	       1.0166240	
   1.8019501e+08	       1.0220772	       1.0232939	       1.0264601	       1.0250470	       1.0177204	       1.0180344	       1.0167906	       1.0219165	       1.0168187	       1.0249380	       1.0149857	       1.0182824	
   1.8027501e+08	       1.0186828	       1.0196425	       1.0254650	       1.0227189	       1.0158623	       1.0173503	       1.0136235	       1.0234694	       1.0210422	       1.0239143	       1.0166636	       1.0176380	
   1.8035501e+08	       1.0180743	       1.0193098	       1.0211542	       1.0233861	       1.0166553	       1.0172473	       1.0174488	       1.0196796	       1.0210644	       1.0247434	       1.0122209	       1.0132849	
   1.8043501e+08	       1.0169266	       1.0172404	       1.0212180	       1.0227888	       1.0141394	       1.0163320	       1.0106435	       1.0199144	       1.0194971	       1.0227180	       1.0140957	       1.0157386	
   1.8051501e+08	       1.0162515	       1.0154860	       1.0173166	       1.0213972	       1.0130967	       1.0148851	       1.0164816	       1.0228791	       1.0189629	       1.0213031	       1.0170794	       1.0138150	
   1.8059501e+08	       1.0145932	       1.0192223	       1.0201184	       1.0220509	       1.0159109	       1.0141619	       1.0123028	       1.0198866	       1.0206568	       1.0255690	       1.0177716	       1.0165456	
   1.8067501e+08	       1.0151114	       1.0183724	       1.0191251	       1.0229111	       1.0118623	       1.0128613	       1.0081589	       1.0176063	       1.0163399	       1.0236781	       1.0168722	       1.0176090	
   1.8075501e+08	       1.0186153	       1.0196367	       1.0206951	       1.0242508	       1.0112216	       1.0134425	       1.0096434	       1.0203467	       1.0154539	       1.0219465	       1.0129725	       1.0170011	
   1.8083501e+08	       1.0184601	       1.0224797	       1.0212532	       1.0248741	       1.0105042	       1.0125690	       1.0101747	       1.0119337	       1.0141783	       1.0208385	       1.0116460	       1.0154606	
   1.8091501e+08	       1.0193271	       1.0218171	       1.0232736	       1.0246541	       1.0064530	       1.0137120	       1.0136375	       1.0179819	       1.0142357	       1.0214554	       1.0089982	       1.0132548	
   1.8099501e+08	       1.0184423	       1.0224767	       1.0196643	       1.0234584	       1.0082587	       1.0110620	       1.0140847	       1.0213589	       1.0132078	       1.0169140	       1.0112685	       1.0130313	
   1.8107501e+08	       1.0019440	       1.0079518	       1.0041384	       1.0088424	      0.99453284	      0.99763364	       1.0011751	       1.0021283	      0.99764997	       1.0037318	      0.99550908	      0.99817508	
   1.8115501e+08	       0.0000000	       0.0000000	       0.0000000	       0.0000000	       0.0000000	       0.0000000	       0.0000000	       0.0000000	       0.0000000	       0.0000000	       0.0000000	       0.0000000	
   1.8123501e+08	       0.0000000	       0.0000000	       0.0000000	       0.0000000	       0.0000000	       0.0000000	       0.0000000	       0.0000000	       0.0000000	       0.0000000	       0.0000000	       0.0000000	
   1.8131501e+08	       1.0023385	      0.99595212	      0.99490852	       1.0016763	      0.99037042	      0.99405967	      0.99822021	      0.99716223	      0.99710347	      0.99976912	      0.98824823	      0.99179727	
   1.8139501e+08	       1.0186325	       1.0176601	       1.0122941	       1.0195582	       1.0054776	       1.0111342	       1.0164986	       1.0155381	       1.0125187	       1.0188286	       1.0121102	       1.0078672	
   1.8147501e+08	       1.0217683	       1.0161146	       1.0154022	       1.0206242	       1.0084046	       1.0143692	       1.0145483	       1.0138533	       1.0136261	       1.0170387	       1.0071824	       1.0068575	
   1.8155501e+08	       1.0195092	       1.0181017	       1.0192412	       1.0255346	       1.0081257	       1.0096355	       1.0114528	       1.0157505	       1.0118666	       1.0172404	       1.0081661	       1.0028886	
   1.8163501e+08	       1.0176060	       1.0120967	       1.0214179	       1.0222363	       1.0072787	       1.0128031	       1.0125614	       1.0157500	       1.0122519	       1.0166043	       1.0075926	       1.0029921	
   1.8171501e+08	       1.0169762	       1.0143980	       1.0216877	       1.0239532	       1.0052936	       1.0080745	       1.0085357	       1.0147479	       1.0083661	       1.0144456	       1.0063892	       1.0017533	
   1.8179501e+08	       1.0158997	       1.0129079	       1.0195766	       1.0204194	       1.0058036	       1.0093133	       1.0079712	       1.0179540	       1.0070904	       1.0144608	       1.0033089	       1.0016994	
   1.8187501e+08	       1.0135404	       1.0140090	       1.0193095	       1.0214853	       1.0053825	       1.0104560	       1.0065410	       1.0122055	       1.0118358	       1.0150853	       1.0046366	       1.0023914	
   1.8195501e+08	       1.0129392	       1.0120476	       1.0175024	       1.0190004	       1.0054272	       1.0085140	       1.0046748	       1.0162778	       1.0108638	       1.0132585	       1.0013708	       1.0028351	
   1.8203501e+08	       1.0157810	       1.0162099	       1.0123533	       1.0173973	       1.0068254	       1.0111679	       1.0048029	       1.0088849	       1.0074859	       1.0088265	       1.0034877	       1.0043699	
   1.8211501e+08	       1.0140348	       1.0148914	       1.0134474	       1.0200659	       1.0067160	       1.0085982	       1.0121979	       1.0142960	       1.0092130	       1.0107145	      0.99656094	      0.99874545	
   1.8219501e+08	       1.0141794	       1.0178214	       1.0147145	       1.0174966	       1.0078162	       1.0096864	       1.0077427	       1.0154817	       1.0075340	       1.0130876	       1.0002644	       1.0035266	
   1.8227501e+08	       1.0151280	       1.0169802	       1.0139904	       1.0153396	       1.0046810	       1.0061667	       1.0073074	       1.0124886	       1.0073686	       1.0119646	      0.99610274	       1.0009213	
   1.8235501e+08	       1.0005670	       1.0045253	       1.0051582	       1.0054589	      0.98828906	      0.99285787	      0.99297973	      0.99955695	      0.99186183	      0.99640424	      0.98125543	      0.98214930	
   1.8243501e+08	       0.0000000	       0.0000000	       0.0000000	       0.0000000	       0.0000000	       0.0000000	       0.0000000	       0.0000000	       0.0000000	       0.0000000	       0.0000000	       0.0000000	
   1.8251501e+08	       0.0000000	       0.0000000	       0.0000000	       0.0000000	       0.0000000	       0.0000000	       0.0000000	       0.0000000	       0.0000000	       0.0000000	       0.0000000	       0.0000000	
   1.8259501e+08	       1.0022829	       1.0001235	       1.0049733	       1.0036867	      0.98123579	      0.98903292	      0.99375996	      0.99832272	      0.99069026	      0.99274372	      0.97813857	      0.98068430	
   1.8267501e+08	       1.0208518	       1.0202925	       1.0162517	       1.0226866	       1.0030343	       1.0054331	       1.0095284	       1.0119272	       1.0056009	       1.0072590	      0.99568695	      0.99637237	
   1.8275501e+08	       1.0221224	       1.0183293	       1.0168492	       1.0215914	       1.0030594	       1.0068798	       1.0080271	       1.0092179	       1.0047058	       1.0088568	      0.99453285	      0.99713004	
   1.8283501e+08	       1.0229053	       1.0208828	       1.0136073	       1.0203011	       1.0034471	       1.0072421	       1.0072374	       1.0064221	       1.0069143	       1.0096121	      0.99795635	      0.99503091	
   1.8291501e+08	       1.0187712	       1.0206567	       1.0116374	       1.0198345	       1.0038709	       1.0052556	       1.0061198	       1.0084634	       1.0058610	       1.0071634	      0.99546414	      0.99437062	
   1.8299501e+08	       1.0190506	       1.0174296	       1.0140871	       1.0199796	       1.0015584	       1.0072055	       1.0077667	       1.0100249	       1.0056529	       1.0094683	      0.99082004	      0.99068326	
   1.8307501e+08	       1.0204846	       1.0150404	       1.0126804	       1.0173208	       1.0021000	       1.0045634	       1.0085830	       1.0141154	       1.0011233	       1.0115253	      0.98934123	      0.98997526	
   1.8315501e+08	       1.0149267	       1.0147633	       1.0180397	       1.0213070	       1.0071616	       1.0067673	       1.0071756	       1.0098970	       1.0057984	       1.0114723	      0.99027349	      0.99106995	
   1.8323501e+08	       1.0157053	       1.0157863	       1.0206237	       1.0205154	       1.0038346	       1.0025225	       1.0063270	       1.0123410	       1.0035293	       1.0069441	      0.98986964	      0.98979719	
   1.8331501e+08	       1.0157161	       1.0197569	       1.0173833	       1.0206661	       1.0003062	       1.0054584	       1.0079868	       1.0136339	       1.0058739	       1.0067495	      0.99239784	      0.98914956	
   1.8339501e+08	       1.0154736	       1.0190552	       1.0188892	       1.0189749	       1.0016222	       1.0021862	       1.0087144	       1.0125425	       1.0008241	       1.0102871	      0.99361420	      0.99577060	
   1.8347501e+08	       1.0143284	       1.0224287	       1.0162202	       1.0191912	       1.0010986	       1.0019111	       1.0041322	       1.0050382	       1.0048396	       1.0063823	      0.99090370	      0.99066999	
   1.8355501e+08	       1.0153896	       1.0233392	       1.0141261	       1.0198432	      0.99869322	       1.0010604	       1.0008974	       1.0057083	       1.0049716	       1.0051500	      0.98900727	      0.99068120	
   1.8363501e+08	       1.0021469	       1.0059486	      0.99818655	       1.0039779	      0.98754206	      0.98792907	      0.98964106	      0.99530809	      0.98511266	      0.99585134	      0.97495346	      0.97765900	
   1.8371501e+08	       0.0000000	       0.0000000	       0.0000000	       0.0000000	       0.0000000	       0.0000000	       0.0000000	       0.0000000	       0.0000000	       0.0000000	       0.0000000	       0.0000000	
   1.8379501e+08	       0.0000000	       0.0000000	       0.0000000	       0.0000000	       0.0000000	       0.0000000	       0.0000000	       0.0000000	       0.0000000	       0.0000000	       0.0000000	       0.0000000	
   1.8387501e+08	      0.99832290	       1.0042170	      0.99523935	       1.0011628	      0.98183546	      0.98360708	      0.99042247	      0.98952993	      0.98121393	      0.98810010	      0.97179422	      0.97221190	
   1.8395501e+08	       1.0227646	       1.0244983	       1.0148046	       1.0186558	       1.0006809	       1.0000587	       1.0104470	       1.0117314	      0.99724969	       1.0052404	      0.98972420	      0.99463441	
   1.8403501e+08	       1.0227895	       1.0264150	       1.0169973	       1.0195106	      0.99910218	       1.0021785	       1.0145386	       1.0142474	      0.99866130	       1.0077890	      0.99078296	      0.99192068	
   1.8411501e+08	       1.0211057	       1.0210424	       1.0199099	       1.0201635	      0.99942831	       1.0051612	       1.0112255	       1.0079265	      0.99866785	       1.0048957	      0.99116340	      0.99315150	
   1.8419501e+08	       1.0215786	       1.0230856	       1.0187163	       1.0188389	      0.99941360	       1.0037173	       1.0103284	       1.0130722	      0.99384890	       1.0063279	      0.98972585	      0.99240513	
   1.8427501e+08	       1.0207170	       1.0227296	       1.0141412	       1.0168682	       1.0002405	       1.0026926	       1.0043931	       1.0150475	      0.99717821	       1.0026226	      0.99261491	      0.99368310	
   1.8435501e+08	       1.0215476	       1.0202608	       1.0108479	       1.0144711	      0.99926400	       1.0031847	       1.0076417	       1.0095948	      0.99877235	       1.0035448	      0.98689656	      0.98972938	
   1.8443501e+08	       1.0138770	       1.0193167	       1.0108344	       1.0145981	      0.99801408	       1.0041564	       1.0056818	       1.0056538	      0.99917998	       1.0034675	      0.99165477	      0.99149652	
   1.8451501e+08	       1.0153178	       1.0192606	       1.0070281	       1.0158709	      0.99710152	       1.0025359	       1.0090494	       1.0050177	      0.99548344	      0.99964960	      0.98821092	      0.98657684	
   1.8459501e+08	       1.0163147	       1.0202658	       1.0066348	       1.0134872	      0.99805700	       1.0016348	       1.0062056	       1.0051047	      0.99610617	      0.99832617	      0.98780310	      0.98848021	
   1.8467501e+08	       1.0150296	       1.0177598	       1.0057044	       1.0118700	       1.0007213	       1.0015000	       1.0043587	       1.0053232	      0.99395935	      0.99775052	      0.98678594	      0.98729831	
   1.8475501e+08	       1.0151055	       1.0215897	       1.0113197	       1.0120503	      0.99851608	       1.0003475	       1.0034450	       1.0037371	      0.99444196	      0.99844192	      0.98391499	      0.98520828	
   1.8483501e+08	       1.0129269	       1.0216756	       1.0085053	       1.0133264	      0.99823448	      0.99851349	      0.99907911	       1.0024837	      0.99487082	      0.99524872	      0.97937504	      0.98334802	
   1.8491501e+08	      0.99855123	       1.0047534	      0.99724634	      0.99901928	      0.98102012	      0.98458093	      0.98726411	      0.99053428	      0.97900827	      0.98333637	      0.97002819	      0.96744666	
   1.8499501e+08	       0.0000000	       0.0000000	       0.0000000	       0.0000000	       0.0000000	       0.0000000	       0.0000000	       0.0000000	       0.0000000	       0.0000000	       0.0000000	       0.0000000	
   1.8507501e+08	       0.0000000	       0.0000000	       0.0000000	       0.0000000	       0.0000000	       0.0000000	       0.0000000	       0.0000000	       0.0000000	       0.0000000	       0.0000000	       0.0000000	
   1.8515501e+08	      0.99534751	       1.0031744	      0.98992889	      0.99619576	      0.97523104	      0.97529355	      0.98085108	      0.98343613	      0.97530865	      0.97802568	      0.96267823	      0.96284544	
   1.8523501e+08	       1.0152654	       1.0241036	       1.0036208	       1.0126162	      0.99280178	      0.99486296	       1.0014598	      0.99868866	      0.99106739	      0.99777117	      0.97843197	      0.97730012	
   1.8531501e+08	       1.0178437	       1.0228073	       1.0047565	       1.0101519	      0.99292628	      0.99282076	       1.0002724	       1.0021333	      0.99420985	      0.99816506	      0.97757139	      0.97946308	
   1.8539501e+08	       1.0165426	       1.0189759	       1.0029976	       1.0121892	      0.99261805	      0.99196033	      0.99375308	       1.0038828	      0.99413516	      0.99853280	      0.97696947	      0.97795702	
   1.8547501e+08	       1.0153569	       1.0187743	       1.0071176	       1.0122590	      0.98950175	      0.99130656	      0.99617948	      0.99528951	      0.99061509	      0.99672666	      0.97509341	      0.97837735	
   1.8555501e+08	       1.0136356	       1.0146032	       1.0105468	       1.0102426	      0.98861431	      0.98996572	      0.99385764	      0.99515680	      0.99053268	      0.99790207	      0.97464720	      0.98088254	
   1.8563501e+08	       1.0127324	       1.0133386	       1.0071929	       1.0132264	      0.98766354	      0.99079178	      0.99467509	      0.99720743	      0.99225018	      0.99425992	      0.97796398	      0.97872828	
   1.8571501e+08	       1.0071043	       1.0133859	       1.0105211	       1.0144541	      0.98953807	      0.99078983	      0.99934997	      0.99861843	      0.99453408	      0.99814185	      0.97986738	      0.97693355	
   1.8579501e+08	       1.0050077	       1.0132992	       1.0083378	       1.0072014	      0.98820607	      0.99004208	      0.99326017	      0.99250652	      0.98804924	      0.99139691	      0.97895185	      0.97770198	
   1.8587501e+08	       1.0051168	       1.0124242	       1.0079828	       1.0075555	      0.98818561	      0.98879920	      0.99509093	      0.99697512	      0.98797230	      0.99261415	      0.97376676	      0.97639072	
   1.8595501e+08	       1.0042570	       1.0127432	       1.0025799	       1.0071859	      0.98580846	      0.98755198	      0.99047998	      0.99256486	      0.98781104	      0.99407303	      0.97308380	      0.97336486	
   1.8603501e+08	       1.0051010	       1.0133148	       1.0010529	       1.0065955	      0.98557482	      0.98679522	      0.99428683	      0.99303202	      0.98597305	      0.99092067	      0.97163884	      0.97397011	
   1.8611501e+08	       1.0053833	       1.0175991	      0.99967599	       1.0042882	      0.98223476	      0.98435178	      0.98335219	      0.99290011	      0.98866161	      0.98851635	      0.96944071	      0.97293680	
   1.8619501e+08	      0.98884734	      0.99977054	      0.98415220	      0.99166094	      0.96942040	      0.97177282	      0.96898193	      0.97920309	      0.97079996	      0.97544138	      0.95565431	      0.95408462	
   1.8627501e+08	       0.0000000	       0.0000000	       0.0000000	       0.0000000	       0.0000000	       0.0000000	       0.0000000	       0.0000000	       0.0000000	       0.0000000	       0.0000000	       0.0000000	
   1.8635501e+08	       0.0000000	       0.0000000	       0.0000000	       0.0000000	       0.0000000	       0.0000000	       0.0000000	       0.0000000	       0.0000000	       0.0000000	       0.0000000	       0.0000000	
   1.8643501e+08	      0.98892995	      0.99968169	      0.98750823	      0.98749681	      0.96411587	      0.96482092	      0.96773453	      0.97325152	      0.96284304	      0.96747727	      0.94403003	      0.94531648	
   1.8651501e+08	       1.0095112	       1.0191409	       1.0043619	       1.0059771	      0.98093203	      0.98094342	      0.98379731	      0.99299283	      0.98110095	      0.98537071	      0.95985158	      0.96430463	
   1.8659501e+08	       1.0128282	       1.0169631	       1.0011982	       1.0028426	      0.98116382	      0.98126870	      0.98617102	      0.99270797	      0.98210292	      0.98350225	      0.95866124	      0.96384733	
   1.8667501e+08	       1.0105027	       1.0142865	      0.99829356	       1.0023602	      0.98085502	      0.98274206	      0.98816066	      0.98991596	      0.98156762	      0.98250689	      0.95855456	      0.96012044	
   1.8675501e+08	       1.0093431	       1.0115217	      0.99392370	       1.0014962	      0.98088506	      0.98029710	      0.98737034	      0.98756990	      0.97846747	      0.97792123	      0.95478981	      0.95964476	
   1.8683501e+08	       1.0020096	       1.0120312	      0.99139544	       1.0006909	      0.97912413	      0.97827881	      0.98670405	      0.98702859	      0.97472675	      0.97536433	      0.95708536	      0.95692827	
   1.8691501e+08	       1.0026951	       1.0056338	      0.99005068	      0.99780076	      0.97906463	      0.97973166	      0.98289337	      0.98846555	      0.97346046	      0.97752311	      0.95527570	      0.95774804	
   1.8699501e+08	      0.99857352	       1.0036853	      0.99007000	      0.99485815	      0.97812662	      0.97721902	      0.98582743	      0.98658779	      0.97529783	      0.98033445	      0.95801198	      0.95777465	
   1.8707501e+08	      0.99679115	       1.0023831	      0.98965551	      0.99497227	      0.97527941	      0.97823199	      0.98294130	      0.98071329	      0.97340601	      0.97447092	      0.95565756	      0.95564016	
   1.8715501e+08	      0.99523819	       1.0023350	      0.99172320	      0.99408240	      0.97422975	      0.97707518	      0.98014273	      0.98497474	      0.97087084	      0.97091496	      0.95265745	      0.95446675	
   1.8723501e+08	      0.99347069	       1.0033845	      0.99439403	      0.99317119	      0.97456758	      0.97428988	      0.97573169	      0.98349721	      0.96696867	      0.96947895	      0.95128622	      0.95737628	
   1.8731501e+08	      0.99211497	       1.0036022	      0.99217515	      0.99457944	      0.97490764	      0.97417215	      0.97407090	      0.98163512	      0.96667950	      0.96944637	      0.95074368	      0.95058954	
   1.8739501e+08	      0.99338857	       1.0022625	      0.99130223	      0.99224414	      0.97009874	      0.97287935	      0.96968905	      0.97569727	      0.96299797	      0.96269213	      0.94840850	      0.94977373	
   1.8747501e+08	      0.98021991	      0.98679816	      0.97241715	      0.97641386	      0.95675936	      0.95893714	      0.95371556	      0.95928781	      0.94991833	      0.95294514	      0.93348164	      0.93559515	
   1.8755501e+08	       0.0000000	       0.0000000	       0.0000000	       0.0000000	       0.0000000	       0.0000000	       0.0000000	       0.0000000	       0.0000000	       0.0000000	       0.0000000	       0.0000000	
   1.8763501e+08	       0.0000000	       0.0000000	       0.0000000	       0.0000000	       0.0000000	       0.0000000	       0.0000000	       0.0000000	       0.0000000	       0.0000000	       0.0000000	       0.0000000	
   1.8771501e+08	      0.94638195	      0.94652767	      0.91748494	      0.91743487	      0.92459911	      0.91611418	      0.92302310	      0.91437836	      0.91603064	      0.90633277	      0.91451816	      0.91250977	
   1.8779501e+08	      0.94973574	      0.94678045	      0.91640571	      0.91411424	      0.92681963	      0.92001847	      0.92092892	      0.91177089	      0.91463831	      0.90455148	      0.91812770	      0.91867238	
   1.8787501e+08	      0.94557963	      0.93925916	      0.91052400	      0.90474084	      0.92176073	      0.91190876	      0.91277356	      0.90890834	      0.90938995	      0.89946354	      0.91639913	      0.91660023	
   1.8795501e+08	      0.94533661	      0.93725867	      0.91258452	      0.90497329	      0.91984299	      0.91200311	      0.91325221	      0.90942065	      0.91119020	      0.89702755	      0.91762330	      0.91390775	
   1.8803501e+08	      0.94179748	      0.93241153	      0.91221958	      0.90496094	      0.91844594	      0.90923996	      0.91299518	      0.90708119	      0.91044696	      0.89813545	      0.91215364	      0.91442538	
   1.8811501e+08	      0.94108111	      0.93178053	      0.91115610	      0.90373922	      0.91576287	      0.90968590	      0.91036800	      0.90571378	      0.90937081	      0.89905122	      0.91259930	      0.91165983	
   1.8819501e+08	      0.94082170	      0.93144584	      0.91192280	      0.90430757	      0.91477924	      0.90656637	      0.90828502	      0.90081486	      0.90724473	      0.89918150	      0.91310119	      0.91118780	
   1.8827501e+08	      0.93310632	      0.92978404	      0.90962715	      0.90351971	      0.91334057	      0.90597124	      0.90684028	      0.90527645	      0.90767168	      0.89647171	      0.91532725	      0.91409531	
   1.8835501e+08	      0.93413276	      0.92578459	      0.90722526	      0.90027695	      0.91371806	      0.90243817	      0.90677719	      0.90391668	      0.90833340	      0.89932063	      0.91143107	      0.91164727	
   1.8843501e+08	      0.93317824	      0.92379842	      0.90426031	      0.89871114	      0.91235670	      0.90598859	      0.90721586	      0.90319069	      0.90605134	      0.89591721	      0.90990223	      0.91054158	
   1.8851501e+08	      0.93094359	      0.92246328	      0.90159866	      0.89774121	      0.91035797	      0.90454495	      0.90691417	      0.89935190	      0.90735035	      0.89585638	      0.90661565	      0.90695023	
   1.8859501e+08	      0.92927843	      0.92332862	      0.90148478	      0.89688126	      0.90992087	      0.90472029	      0.90631379	      0.89871652	      0.90716017	      0.89848168	      0.90451300	      0.90556236	
   1.8867501e+08	      0.93219934	      0.93072622	      0.90596050	      0.90105697	      0.91073003	      0.90605850	      0.90769518	      0.90337437	      0.90660150	      0.89769319	      0.90725759	      0.90693403	
   1.8875501e+08	      0.93033945	      0.93044864	      0.90949116	      0.90802508	      0.90681897	      0.90612689	      0.90880417	      0.90332100	      0.90710451	      0.89877381	      0.89761265	      0.90181061	
   1.8883501e+08	       0.0000000	       0.0000000	       0.0000000	       0.0000000	       0.0000000	       0.0000000	       0.0000000	       0.0000000	       0.0000000	       0.0000000	       0.0000000	       0.0000000	
   1.8891501e+08	       0.0000000	       0.0000000	       0.0000000	       0.0000000	       0.0000000	       0.0000000	       0.0000000	       0.0000000	       0.0000000	       0.0000000	       0.0000000	       0.0000000	
   1.8899501e+08	      0.92752870	      0.92862948	      0.91390616	      0.90938185	      0.90620441	      0.90572769	      0.90741558	      0.90390696	      0.90206152	      0.89587979	      0.88967823	      0.89440946	
   1.8907501e+08	      0.93470633	      0.93434151	      0.91471281	      0.90568930	      0.91056403	      0.90802283	      0.90921521	      0.90140161	      0.90071528	      0.89378525	      0.89819940	      0.89846799	
   1.8915501e+08	      0.93053188	      0.92606715	      0.90392220	      0.89952634	      0.90498392	      0.90093708	      0.90683570	      0.90085208	      0.89595216	      0.88614262	      0.89485413	      0.89601367	
   1.8923501e+08	      0.92987560	      0.92598975	      0.90482555	      0.89687719	      0.90375090	      0.89818755	      0.90491316	      0.90067693	      0.89464070	      0.88428214	      0.89517625	      0.89448344	
   1.8931501e+08	      0.92985672	      0.92000688	      0.90163486	      0.89565139	      0.90055086	      0.89755276	      0.90641712	      0.89873103	      0.89274259	      0.88253152	      0.89057585	      0.89233139	
   1.8939501e+08	      0.92877068	      0.92156959	      0.89953086	      0.89491518	      0.90080788	      0.89767007	      0.90374155	      0.89664710	      0.89258271	      0.88506006	      0.89042322	      0.89058975	
   1.8947501e+08	      0.92612207	      0.91748064	      0.89879655	      0.89502177	      0.89952692	      0.89821875	      0.90454003	      0.89364036	      0.89174951	      0.88217739	      0.89025422	      0.89109631	
   1.8955501e+08	      0.92639559	      0.91671215	      0.89855769	      0.89191055	      0.89991842	      0.89518401	      0.90729166	      0.89949642	      0.89281764	      0.88515361	      0.89259707	      0.89110012	
   1.8963501e+08	      0.92264026	      0.91323059	      0.89861366	      0.89265992	      0.90138970	      0.89595468	      0.89654363	      0.89626699	      0.88888707	      0.88257337	      0.88915255	      0.88715207	
   1.8971501e+08	      0.92188536	      0.91294738	      0.89835514	      0.89135540	      0.89829376	      0.89445775	      0.89862683	      0.89823062	      0.88959896	      0.88012458	      0.89020252	      0.88694025	
   1.8979501e+08	      0.91942935	      0.91186978	      0.90114563	      0.89016349	      0.89766351	      0.89380706	      0.89705520	      0.89269778	      0.89067625	      0.88445224	      0.88822681	      0.88682368	
   1.8987501e+08	      0.91951916	      0.91054282	      0.89625214	      0.89062964	      0.89573384	      0.89411409	      0.89426380	      0.89255264	      0.88811732	      0.88311255	      0.88789306	      0.88633213	
   1.8995501e+08	      0.92216162	      0.91829176	      0.89968104	      0.89366499	      0.89828596	      0.89691031	      0.90121857	      0.90316261	      0.89103746	      0.88384285	      0.88825130	      0.88599569	
   1.9003501e+08	      0.91823239	      0.91703414	      0.90023286	      0.89739865	      0.89489450	      0.89326859	      0.89755913	      0.89811424	      0.88622878	      0.88243781	      0.87972786	      0.88003569	
   1.9011501e+08	       0.0000000	       0.0000000	       0.0000000	       0.0000000	       0.0000000	       0.0000000	       0.0000000	       0.0000000	       0.0000000	       0.0000000	       0.0000000	       0.0000000	
   1.9019501e+08	       0.0000000	       0.0000000	       0.0000000	       0.0000000	       0.0000000	       0.0000000	       0.0000000	       0.0000000	       0.0000000	       0.0000000	       0.0000000	       0.0000000	
   1.9027501e+08	      0.91929750	      0.91707623	      0.89589051	      0.89563541	      0.89187887	      0.89202241	      0.89556761	      0.89594208	      0.88040833	      0.88237746	      0.87285491	      0.87573826	
   1.9035501e+08	      0.92440907	      0.92065110	      0.89837689	      0.89613314	      0.89501211	      0.89342535	      0.90107913	      0.89820937	      0.88790872	      0.88680447	      0.88323627	      0.88581122	
   1.9043501e+08	      0.92117207	      0.91466216	      0.89633678	      0.88842012	      0.89208312	      0.89010258	      0.89261767	      0.89326082	      0.88139609	      0.87985254	      0.88169978	      0.87931230	
   1.9051501e+08	      0.92197636	      0.91352790	      0.89427850	      0.88715976	      0.89112000	      0.88818588	      0.89459040	      0.89190496	      0.88007498	      0.88185256	      0.87817203	      0.87947681	
   1.9059501e+08	      0.91945901	      0.91074482	      0.89589678	      0.88860070	      0.89052797	      0.88768174	      0.89007205	      0.88767227	      0.88296754	      0.87900859	      0.87600966	      0.87863468	
   1.9067501e+08	      0.91955350	      0.90901937	      0.89235326	      0.88579375	      0.88824861	      0.88685831	      0.89027782	      0.88629550	      0.87924027	      0.87573089	      0.87738436	      0.87633887	
   1.9075501e+08	      0.92049198	      0.91009883	      0.89226885	      0.88765626	      0.88568242	      0.88562333	      0.88732702	      0.88911964	      0.87928156	      0.87427587	      0.87560804	      0.87579832	
   1.9083501e+08	      0.91594481	      0.90471276	      0.88954093	      0.88760571	      0.88794197	      0.88466140	      0.88862473	      0.89401392	      0.87986790	      0.87577700	      0.87633985	      0.87220155	
   1.9091501e+08	      0.91639799	      0.90425437	      0.88758973	      0.88459323	      0.88732119	      0.88412940	      0.88728915	      0.88428892	      0.87336434	      0.87113742	      0.86991534	      0.87594026	
   1.9099501e+08	      0.91365341	      0.90282339	      0.88739843	      0.88454414	      0.88567084	      0.88400698	      0.88692988	      0.88472977	      0.87467076	      0.87274247	      0.87129843	      0.87258886	
   1.9107501e+08	      0.91373974	      0.90216408	      0.88678892	      0.88339203	      0.88479721	      0.88321629	      0.88248855	      0.88451745	      0.87316814	      0.87169357	      0.87055959	      0.86992168	
   1.9115501e+08	      0.91221299	      0.90095759	      0.88809710	      0.88338164	      0.88434007	      0.88313150	      0.88397585	      0.88394637	      0.87325242	      0.87024549	      0.86755491	      0.86986910	
   1.9123501e+08	      0.91323164	      0.90579399	      0.89360653	      0.88893915	      0.88515462	      0.88738145	      0.88587851	      0.88707805	      0.87360978	      0.87201036	      0.86978515	      0.86842650	
   1.9131501e+08	      0.90789204	      0.90380381	      0.89510322	      0.89063173	      0.88062792	      0.88049346	      0.88191254	      0.88748323	      0.87206373	      0.87672628	      0.85781911	      0.86604565	
   1.9139501e+08	       0.0000000	       0.0000000	       0.0000000	       0.0000000	       0.0000000	       0.0000000	       0.0000000	       0.0000000	       0.0000000	       0.0000000	       0.0000000	       0.0000000	
   1.9147501e+08	       0.0000000	       0.0000000	       0.0000000	       0.0000000	       0.0000000	       0.0000000	       0.0000000	       0.0000000	       0.0000000	       0.0000000	       0.0000000	       0.0000000	
   1.9155501e+08	      0.90858917	      0.90269608	      0.89186440	      0.88744085	      0.87668349	      0.87781725	      0.88168148	      0.88329431	      0.86804435	      0.87276783	      0.85556297	      0.86280184	
   1.9163501e+08	      0.91862023	      0.91139132	      0.89207871	      0.88923217	      0.88342666	      0.88321537	      0.88760579	      0.88950461	      0.87492014	      0.87277763	      0.86387245	      0.87031579	
   1.9171501e+08	      0.91286351	      0.90559721	      0.88560686	      0.88046016	      0.88125884	      0.88039828	      0.88045922	      0.88130848	      0.87016798	      0.87425812	      0.86219274	      0.86786217	
   1.9179501e+08	      0.91449350	      0.90402757	      0.88279551	      0.87920260	      0.87794129	      0.87991229	      0.87998476	      0.88122422	      0.86998600	      0.87017305	      0.86051403	      0.86428047	
   1.9187501e+08	      0.91154060	      0.90278884	      0.88380473	      0.88065107	      0.87824752	      0.87847375	      0.88159835	      0.88481204	      0.86824535	      0.86768116	      0.86166234	      0.86410504	
   1.9195501e+08	      0.91021321	      0.90276356	      0.88403786	      0.87851707	      0.87876965	      0.87800757	      0.87648565	      0.88477356	      0.86991969	      0.86618273	      0.85714252	      0.86639040	
   1.9203501e+08	      0.91106682	      0.90196081	      0.88489212	      0.87991374	      0.87424462	      0.87865118	      0.87876386	      0.88400779	      0.86902625	      0.86678085	      0.85732958	      0.86184022	
   1.9211501e+08	      0.90782490	      0.89980228	      0.88443214	      0.87973678	      0.87704653	      0.87752965	      0.87762888	      0.87949572	      0.86902981	      0.86908075	      0.86180479	      0.86482333	
   1.9219501e+08	      0.90873566	      0.89666794	      0.88549155	      0.87878380	      0.87469899	      0.87668756	      0.87485487	      0.88132452	      0.86661682	      0.86245645	      0.85868774	      0.86091941	
   1.9227501e+08	      0.90774371	      0.89565489	      0.88347324	      0.88115888	      0.87311839	      0.87543598	      0.87532262	      0.87966461	      0.86613899	      0.86493032	      0.85768535	      0.86226884	
   1.9235501e+08	      0.90818455	      0.89514594	      0.88221939	      0.87978644	      0.87322966	      0.87459251	      0.87289530	      0.87482422	      0.86466248	      0.86336417	      0.85638044	      0.86065712	
   1.9243501e+08	      0.90449591	      0.89647529	      0.88260831	      0.87733382	      0.87318459	      0.87352885	      0.87654037	      0.87659965	      0.86444658	      0.86196950	      0.85488881	      0.85733887	
   1.9251501e+08	      0.90747641	      0.89924232	      0.88152068	      0.88152289	      0.87681999	      0.87604372	      0.87623138	      0.88054314	      0.86893645	      0.86494588	      0.85531690	      0.85750929	
   1.9259501e+08	      0.90211046	      0.89763489	      0.88115421	      0.88351280	      0.87266294	      0.87434871	      0.87199380	      0.87541958	      0.86466892	      0.86325605	      0.84733970	      0.85135950	
   1.9267501e+08	       0.0000000	       0.0000000	       0.0000000	       0.0000000	       0.0000000	       0.0000000	       0.0000000	       0.0000000	       0.0000000	       0.0000000	       0.0000000	       0.0000000	
   1.9275501e+08	       0.0000000	       0.0000000	       0.0000000	       0.0000000	       0.0000000	       0.0000000	       0.0000000	       0.0000000	       0.0000000	       0.0000000	       0.0000000	       0.0000000	
   1.9283501e+08	      0.90236748	      0.90199404	      0.88643810	      0.88639895	      0.86882396	      0.87000119	      0.87030854	      0.87649148	      0.85948495	      0.86186189	      0.84277966	      0.85129107	
   1.9291501e+08	      0.91209929	      0.90792534	      0.88865103	      0.88554199	      0.87470764	      0.87348580	      0.87917217	      0.88165488	      0.86915299	      0.86688430	      0.85551532	      0.85926344	
   1.9299501e+08	      0.90751404	      0.90122027	      0.88316282	      0.88055604	      0.87193217	      0.87117948	      0.87605699	      0.87604132	      0.86466594	      0.86380224	      0.85513137	      0.85743872	
   1.9307501e+08	      0.90677208	      0.90108752	      0.88321738	      0.87818613	      0.87039548	      0.86826033	      0.87564524	      0.87785827	      0.86360880	      0.86291764	      0.85517940	      0.85898850	
   1.9315501e+08	      0.90569092	      0.90208875	      0.88009531	      0.87982019	      0.87190670	      0.86899183	      0.87553116	      0.87590124	      0.86355522	      0.86442233	      0.85791222	      0.85718566	
   1.9323501e+08	      0.90736686	      0.89887085	      0.87810479	      0.87855417	      0.87106361	      0.87075711	      0.87197552	      0.87741934	      0.86346350	      0.86334630	      0.85420533	      0.85571378	
   1.9331501e+08	      0.90726403	      0.90035546	      0.87619699	      0.87844262	      0.86976315	      0.86959383	      0.87580767	      0.87633842	      0.86441390	      0.86240692	      0.85280390	      0.85713893	
   1.9339501e+08	      0.90122020	      0.89634910	      0.87739536	      0.87808833	      0.87230384	      0.87032772	      0.87412983	      0.87829082	      0.86422970	      0.86437789	      0.85619003	      0.85517575	
   1.9347501e+08	      0.90390124	      0.89489265	      0.87758161	      0.87580206	      0.86985470	      0.87012834	      0.87584067	      0.87429545	      0.86316221	      0.86435492	      0.85048784	      0.85351996	
   1.9355501e+08	      0.90220143	      0.89522849	      0.87887660	      0.87945158	      0.87053575	      0.86859669	      0.87200395	      0.87674420	      0.86265744	      0.86316807	      0.85051757	      0.85385623	
   1.9363501e+08	      0.89944099	      0.89654879	      0.88022387	      0.87745082	      0.87010532	      0.86980273	      0.87295738	      0.87651028	      0.86175012	      0.86306205	      0.85296427	      0.85290069	
   1.9371501e+08	      0.89950846	      0.89480704	      0.88199647	      0.87830974	      0.87093470	      0.87146870	      0.87457204	      0.87512375	      0.86036368	      0.86389319	      0.85064745	      0.85099521	
   1.9379501e+08	      0.90149635	      0.89941865	      0.88664215	      0.88159820	      0.87442933	      0.87128851	      0.87352206	      0.88163871	      0.86306677	      0.86567132	      0.84900152	      0.85201200	
   1.9387501e+08	      0.89655835	      0.89915920	      0.88497685	      0.88612768	      0.86909532	      0.86837080	      0.87386549	      0.88120878	      0.85835281	      0.86469239	      0.84128050	      0.84410875	
   1.9395501e+08	       0.0000000	       0.0000000	       0.0000000	       0.0000000	       0.0000000	       0.0000000	       0.0000000	       0.0000000	       0.0000000	       0.0000000	       0.0000000	       0.0000000	
   1.9403501e+08	       0.0000000	       0.0000000	       0.0000000	       0.0000000	       0.0000000	       0.0000000	       0.0000000	       0.0000000	       0.0000000	       0.0000000	       0.0000000	       0.0000000	
   1.9411501e+08	      0.89800422	      0.90001879	      0.87984838	      0.88335194	      0.86764488	      0.86806318	      0.87520653	      0.87853436	      0.85533617	      0.86026372	      0.83966552	      0.84105533	
   1.9419501e+08	      0.90915167	      0.90597921	      0.88270456	      0.88482929	      0.87678387	      0.87458936	      0.87732112	      0.87747094	      0.86281449	      0.86456477	      0.85265466	      0.85041487	
   1.9427501e+08	      0.90337595	      0.90331371	      0.87815223	      0.87942429	      0.87590413	      0.87073859	      0.87720415	      0.88123173	      0.85847904	      0.85921295	      0.85030522	      0.84956930	
   1.9435501e+08	      0.90320338	      0.90439100	      0.88019352	      0.87856936	      0.87309796	      0.87147313	      0.87547251	      0.88028212	      0.85543173	      0.85700933	      0.84926418	      0.85119571	
   1.9443501e+08	      0.90296995	      0.90442512	      0.88127876	      0.88008542	      0.87357313	      0.86921339	      0.87659721	      0.87982946	      0.85797871	      0.85913374	      0.84838869	      0.84962191	
   1.9451501e+08	      0.90228872	      0.90164393	      0.88400931	      0.87815404	      0.87300934	      0.87180947	      0.87564441	      0.87706717	      0.85625127	      0.86051413	      0.84805665	      0.84633213	
   1.9459501e+08	      0.90499360	      0.89954588	      0.88250013	      0.87937933	      0.87273425	      0.87051145	      0.87738535	      0.87943052	      0.85509282	      0.85500951	      0.84549004	      0.84880392	
   1.9467501e+08	      0.90432852	      0.89918601	      0.88595277	      0.88007565	      0.87440989	      0.87170311	      0.87162886	      0.88312051	      0.85563262	      0.85936742	      0.85030391	      0.84932694	
   1.9475501e+08	      0.90442889	      0.89687674	      0.88170114	      0.87700633	      0.87368248	      0.87031902	      0.87676071	      0.88067133	      0.85330449	      0.85648754	      0.84418118	      0.84779106	
   1.9483501e+08	      0.90109784	      0.89715895	      0.88069899	      0.88025062	      0.87213357	      0.86921038	      0.87327253	      0.87730088	      0.85385548	      0.85739160	      0.84187586	      0.84528415	
   1.9491501e+08	      0.90182521	      0.89518666	      0.88136315	      0.87700567	      0.87169345	      0.86846129	      0.87235670	      0.87172773	      0.85406095	      0.85783651	      0.84587770	      0.84570395	
   1.9499501e+08	      0.89803375	      0.89611971	      0.87960531	      0.87748428	      0.87313106	      0.87028921	      0.87224373	      0.87360689	      0.85519008	      0.85784736	      0.84176288	      0.84554506	
   1.9507501e+08	      0.90231530	      0.89810617	      0.88584395	      0.88395010	      0.87226140	      0.87308329	      0.87511320	      0.87726185	      0.85311654	      0.85934460	      0.84117381	      0.84745083	
   1.9515501e+08	      0.89560521	      0.89801982	      0.88442515	      0.88187262	      0.86773413	      0.86744901	      0.86719887	      0.87504103	      0.85308699	      0.85940722	      0.83431268	      0.83864727	
   1.9523501e+08	       0.0000000	       0.0000000	       0.0000000	       0.0000000	       0.0000000	       0.0000000	       0.0000000	       0.0000000	       0.0000000	       0.0000000	       0.0000000	       0.0000000	
   1.9531501e+08	       0.0000000	       0.0000000	       0.0000000	       0.0000000	       0.0000000	       0.0000000	       0.0000000	       0.0000000	       0.0000000	       0.0000000	       0.0000000	       0.0000000	
   1.9539501e+08	      0.89542636	      0.90207377	      0.89136972	      0.88325284	      0.86679678	      0.86588485	      0.87078525	      0.87377621	      0.85438011	      0.86063623	      0.83122948	      0.83438863	
   1.9547501e+08	      0.90683301	      0.91031413	      0.89303368	      0.88691659	      0.87265368	      0.87134561	      0.87579726	      0.87800231	      0.86042385	      0.86418591	      0.84264448	      0.84637758	
   1.9555501e+08	      0.90222677	      0.90746472	      0.88712938	      0.88127872	      0.87247852	      0.86612740	      0.87094694	      0.87890040	      0.85748899	      0.86044058	      0.84271972	      0.84504097	
   1.9563501e+08	      0.90500259	      0.90610561	      0.88547526	      0.87750414	      0.87065871	      0.86700937	      0.87237608	      0.87344118	      0.85632509	      0.86030756	      0.84199602	      0.84539108	
   1.9571501e+08	      0.90614227	      0.90573849	      0.88438278	      0.88048951	      0.86878107	      0.86692095	      0.87064458	      0.87317265	      0.85688355	      0.85922500	      0.84086907	      0.84539201	
   1.9579501e+08	      0.90585103	      0.90243177	      0.88407080	      0.87956436	      0.86984035	      0.86899513	      0.87090287	      0.87616520	      0.85450811	      0.85585429	      0.83869768	      0.84824711	
   1.9587501e+08	      0.90387165	      0.90308757	      0.88593515	      0.88013207	      0.86852514	      0.86741517	      0.87320526	      0.87459152	      0.85400912	      0.85643554	      0.84043448	      0.84923106	
   1.9595501e+08	      0.90412534	      0.90128385	      0.88579809	      0.88125835	      0.86883213	      0.86739872	      0.87505656	      0.87838037	      0.85735814	      0.85400137	      0.84159634	      0.84724456	
   1.9603501e+08	      0.90369428	      0.89944251	      0.88631633	      0.87949483	      0.86914079	      0.86606936	      0.86892149	      0.87649718	      0.85183013	      0.85533891	      0.84337721	      0.84608193	
   1.9611501e+08	      0.90465204	      0.89810625	      0.88528491	      0.88030752	      0.86864744	      0.86574452	      0.87096545	      0.86902737	      0.85306331	      0.85517687	      0.84283289	      0.84687294	
   1.9619501e+08	      0.90284162	      0.89703076	      0.88685960	      0.87957592	      0.86942163	      0.86685339	      0.87406354	      0.87208120	      0.85291242	      0.85169519	      0.83961279	      0.84563953	
   1.9627501e+08	      0.89972554	      0.89643155	      0.88631577	      0.88016997	      0.86896300	      0.86724226	      0.87527984	      0.87280330	      0.85065284	      0.85328401	      0.83862795	      0.84462698	
   1.9635501e+08	      0.90096216	      0.89949525	      0.89043429	      0.88364056	      0.86941748	      0.86801519	      0.86905922	      0.88010036	      0.85176202	      0.85726548	      0.83893881	      0.84479369	
   1.9643501e+08	      0.89336404	      0.89626314	      0.88436651	      0.88449498	      0.86673969	      0.86548940	      0.87123061	      0.87213741	      0.85103930	      0.85205025	      0.83035168	      0.83582061	
   1.9651501e+08	       0.0000000	       0.0000000	       0.0000000	       0.0000000	       0.0000000	       0.0000000	       0.0000000	       0.0000000	       0.0000000	       0.0000000	       0.0000000	       0.0000000	
   1.9659501e+08	       0.0000000	       0.0000000	       0.0000000	       0.0000000	       0.0000000	       0.0000000	       0.0000000	       0.0000000	       0.0000000	       0.0000000	       0.0000000	       0.0000000	
   1.9667501e+08	      0.89374468	      0.89879091	      0.88361212	      0.88288187	      0.86129989	      0.86390200	      0.86838574	      0.86989806	      0.84726619	      0.85310605	      0.82818572	      0.83315124	
   1.9675501e+08	      0.90444438	      0.90571185	      0.88787410	      0.88541175	      0.87076567	      0.87208353	      0.87005522	      0.87186936	      0.85748242	      0.85945647	      0.83754408	      0.84421176	
   1.9683501e+08	      0.90247322	      0.90106665	      0.88735795	      0.88033516	      0.87008532	      0.86832398	      0.86635690	      0.87100878	      0.85441254	      0.85825770	      0.83779173	      0.84226265	
   1.9691501e+08	      0.90225045	      0.90406669	      0.88961087	      0.88151882	      0.86915108	      0.86637081	      0.86363249	      0.86557218	      0.85402258	      0.85508093	      0.83253389	      0.84047449	
   1.9699501e+08	      0.90364794	      0.90057596	      0.88645684	      0.88242411	      0.86905808	      0.86924461	      0.86416250	      0.86468087	      0.85522205	      0.85583010	      0.83427778	      0.83873061	
   1.9707501e+08	      0.90247858	      0.90306356	      0.88700166	      0.88129087	      0.86818905	      0.86676987	      0.86482250	      0.86479998	      0.85540619	      0.85797378	      0.83232055	      0.83855867	
   1.9715501e+08	      0.90189245	      0.90024827	      0.88523657	      0.88132445	      0.86640679	      0.86402039	      0.86686797	      0.86581971	      0.85464271	      0.85801944	      0.83133627	      0.84042252	
   1.9723501e+08	      0.90309301	      0.89643891	      0.88201257	      0.88128510	      0.86500134	      0.86374876	      0.86485651	      0.86469175	      0.85879401	      0.86017180	      0.83224565	      0.83913642	
   1.9731501e+08	      0.90116691	      0.89676818	      0.88283719	      0.87778343	      0.86452704	      0.86442394	      0.86356718	      0.86423837	      0.85548461	      0.85592237	      0.83185291	      0.83691847	
   1.9739501e+08	      0.89824600	      0.89425782	      0.88188667	      0.87837953	      0.86701999	      0.86568581	      0.86363063	      0.86642685	      0.85559153	      0.85515019	      0.83263724	      0.84004806	
   1.9747501e+08	      0.89864140	      0.89408473	      0.88177737	      0.87822901	      0.86624890	      0.86622643	      0.86700935	      0.86463239	      0.85381616	      0.85281257	      0.83012477	      0.83527362	
   1.9755501e+08	      0.89518972	      0.89144927	      0.88323344	      0.87876434	      0.86548576	      0.86405806	      0.86402889	      0.86604193	      0.85190084	      0.85344350	      0.83206383	      0.83826639	
   1.9763501e+08	      0.89662055	      0.89361844	      0.88677139	      0.88361557	      0.86522555	      0.86680965	      0.87051939	      0.86943351	      0.85783212	      0.85449118	      0.83230826	      0.83663034	
   1.9771501e+08	      0.89055233	      0.89291797	      0.88527138	      0.88515794	      0.86141593	      0.86402902	      0.86524650	      0.86727461	      0.85147019	      0.85002883	      0.82348066	      0.82843695	
   1.9779501e+08	       0.0000000	       0.0000000	       0.0000000	       0.0000000	       0.0000000	       0.0000000	       0.0000000	       0.0000000	       0.0000000	       0.0000000	       0.0000000	       0.0000000	
