1.389950e+08 0.995355 0.994099 0.951747 0.951086 0.989042 0.984823 0.971877 0.968400 0.989311 0.989403 1.017824 1.018194
1.390750e+08 0.994870 0.993828 0.951838 0.951291 0.988919 0.984945 0.971964 0.968665 0.989251 0.989493 1.017573 1.018024
1.391550e+08 0.994369 0.993534 0.951907 0.951472 0.988773 0.985043 0.972026 0.968902 0.989171 0.989559 1.017302 1.017832
1.392350e+08 0.993851 0.993219 0.951953 0.951631 0.988605 0.985120 0.972066 0.969112 0.989072 0.989601 1.017011 1.017617
1.393150e+08 0.993319 0.992882 0.951979 0.951768 0.988416 0.985176 0.972083 0.969295 0.988955 0.989620 1.016702 1.017382
1.393950e+08 0.992773 0.992525 0.951986 0.951884 0.988208 0.985212 0.972079 0.969452 0.988821 0.989618 1.016376 1.017127
1.394750e+08 0.992215 0.992149 0.951973 0.951980 0.987981 0.985228 0.972056 0.969585 0.988672 0.989595 1.016035 1.016854
1.395550e+08 0.991645 0.991755 0.951944 0.952058 0.987737 0.985226 0.972013 0.969693 0.988509 0.989552 1.015678 1.016563
1.396350e+08 0.991065 0.991344 0.951899 0.952118 0.987477 0.985207 0.971952 0.969779 0.988331 0.989490 1.015308 1.016256
1.397150e+08 0.990476 0.990918 0.951838 0.952162 0.987202 0.985172 0.971875 0.969843 0.988142 0.989410 1.014926 1.015933
1.397950e+08 0.989880 0.990477 0.951764 0.952191 0.986914 0.985122 0.971782 0.969887 0.987941 0.989313 1.014533 1.015597
1.398750e+08 0.989278 0.990023 0.951678 0.952205 0.986614 0.985057 0.971675 0.969910 0.987730 0.989201 1.014129 1.015247
1.399550e+08 0.988670 0.989557 0.951581 0.952206 0.986303 0.984979 0.971555 0.969915 0.987510 0.989074 1.013718 1.014887
1.400350e+08 0.988059 0.989080 0.951473 0.952196 0.985983 0.984888 0.971423 0.969903 0.987282 0.988934 1.013299 1.014515
1.401150e+08 0.987446 0.988593 0.951358 0.952175 0.985655 0.984787 0.971280 0.969874 0.987048 0.988781 1.012873 1.014135
1.401950e+08 0.986831 0.988098 0.951235 0.952145 0.985321 0.984676 0.971127 0.969830 0.986808 0.988617 1.012443 1.013746
1.402750e+08 0.986216 0.987596 0.951106 0.952107 0.984981 0.984556 0.970966 0.969772 0.986564 0.988443 1.012010 1.013351
1.403550e+08 0.985603 0.987089 0.950973 0.952062 0.984637 0.984428 0.970799 0.969702 0.986317 0.988260 1.011574 1.012950
1.404350e+08 0.984993 0.986576 0.950837 0.952011 0.984291 0.984293 0.970625 0.969620 0.986068 0.988070 1.011137 1.012545
1.405150e+08 0.984386 0.986061 0.950699 0.951956 0.983943 0.984153 0.970448 0.969527 0.985818 0.987873 1.010701 1.012138
1.405950e+08 0.983785 0.985544 0.950560 0.951898 0.983596 0.984008 0.970267 0.969426 0.985569 0.987670 1.010266 1.011728
1.406750e+08 0.983191 0.985026 0.950422 0.951839 0.983251 0.983861 0.970084 0.969317 0.985322 0.987464 1.009834 1.011318
1.407550e+08 0.982604 0.984509 0.950287 0.951778 0.982909 0.983711 0.969901 0.969202 0.985077 0.987255 1.009406 1.010909
1.408350e+08 0.982026 0.983993 0.950154 0.951719 0.982571 0.983560 0.969718 0.969081 0.984836 0.987044 1.008983 1.010502
1.409150e+08 0.981459 0.983482 0.950027 0.951662 0.982239 0.983409 0.969538 0.968957 0.984601 0.986833 1.008566 1.010099
1.409950e+08 0.980903 0.982975 0.949906 0.951608 0.981914 0.983260 0.969361 0.968830 0.984372 0.986623 1.008158 1.009699
1.410750e+08 0.980360 0.982473 0.949792 0.951559 0.981597 0.983113 0.969188 0.968702 0.984150 0.986414 1.007758 1.009306
1.411550e+08 0.979831 0.981979 0.949687 0.951515 0.981290 0.982969 0.969021 0.968574 0.983937 0.986209 1.007369 1.008920
1.412350e+08 0.979316 0.981494 0.949592 0.951478 0.980994 0.982831 0.968861 0.968447 0.983733 0.986008 1.006990 1.008541
1.413150e+08 0.978818 0.981018 0.949508 0.951450 0.980710 0.982697 0.968710 0.968323 0.983541 0.985813 1.006624 1.008172
1.413950e+08 0.978337 0.980552 0.949437 0.951431 0.980440 0.982571 0.968568 0.968203 0.983360 0.985624 1.006272 1.007814
1.414750e+08 0.977875 0.980099 0.949379 0.951423 0.980185 0.982453 0.968436 0.968088 0.983191 0.985444 1.005933 1.007467
1.415550e+08 0.977431 0.979659 0.949335 0.951426 0.979945 0.982343 0.968317 0.967980 0.983037 0.985272 1.005611 1.007132
1.416350e+08 0.977008 0.979234 0.949308 0.951442 0.979723 0.982243 0.968210 0.967879 0.982897 0.985110 1.005305 1.006811
1.417150e+08 0.976607 0.978824 0.949298 0.951472 0.979518 0.982154 0.968117 0.967787 0.982773 0.984959 1.005016 1.006505
1.417950e+08 0.976227 0.978431 0.949305 0.951517 0.979333 0.982077 0.968040 0.967706 0.982666 0.984821 1.004747 1.006215
1.418750e+08 0.975871 0.978055 0.949332 0.951578 0.979168 0.982013 0.967978 0.967635 0.982576 0.984696 1.004496 1.005942
1.419550e+08 0.975539 0.977699 0.949379 0.951656 0.979024 0.981963 0.967934 0.967577 0.982505 0.984585 1.004266 1.005686
1.420350e+08 0.975232 0.977362 0.949447 0.951752 0.978903 0.981927 0.967908 0.967533 0.982453 0.984489 1.004057 1.005449
1.421150e+08 0.974950 0.977046 0.949537 0.951867 0.978805 0.981906 0.967901 0.967503 0.982421 0.984409 1.003869 1.005231
1.421950e+08 0.974694 0.976751 0.949650 0.952002 0.978731 0.981902 0.967914 0.967489 0.982409 0.984347 1.003705 1.005034
1.422750e+08 0.974466 0.976479 0.949787 0.952157 0.978682 0.981916 0.967948 0.967491 0.982419 0.984302 1.003564 1.004857
1.423550e+08 0.974265 0.976231 0.949948 0.952334 0.978658 0.981947 0.968003 0.967511 0.982451 0.984276 1.003446 1.004703
1.424350e+08 0.974092 0.976006 0.950134 0.952534 0.978661 0.981996 0.968082 0.967550 0.982505 0.984269 1.003354 1.004571
1.425150e+08 0.973949 0.975807 0.950347 0.952756 0.978692 0.982066 0.968183 0.967609 0.982583 0.984283 1.003286 1.004462
1.425950e+08 0.973834 0.975634 0.950586 0.953002 0.978750 0.982155 0.968309 0.967688 0.982685 0.984318 1.003245 1.004377
1.426750e+08 0.973750 0.975487 0.950852 0.953273 0.978836 0.982264 0.968459 0.967789 0.982811 0.984375 1.003229 1.004317
1.427550e+08 0.973696 0.975367 0.951146 0.953568 0.978952 0.982395 0.968634 0.967911 0.982962 0.984454 1.003241 1.004282
1.428350e+08 0.973672 0.975275 0.951469 0.953889 0.979096 0.982548 0.968835 0.968057 0.983138 0.984555 1.003279 1.004272
1.429150e+08 0.973679 0.975211 0.951820 0.954237 0.979271 0.982723 0.969063 0.968226 0.983340 0.984681 1.003345 1.004288
1.429950e+08 0.973717 0.975176 0.952201 0.954610 0.979476 0.982921 0.969317 0.968419 0.983567 0.984830 1.003438 1.004330
1.430750e+08 0.973787 0.975171 0.952611 0.955011 0.979712 0.983142 0.969599 0.968638 0.983821 0.985004 1.003560 1.004399
1.431550e+08 0.973888 0.975194 0.953051 0.955439 0.979978 0.983386 0.969908 0.968882 0.984101 0.985203 1.003709 1.004495
1.432350e+08 0.974021 0.975248 0.953521 0.955894 0.980276 0.983654 0.970245 0.969152 0.984407 0.985427 1.003887 1.004618
1.433150e+08 0.974185 0.975332 0.954021 0.956378 0.980605 0.983947 0.970611 0.969448 0.984740 0.985677 1.004093 1.004769
1.433950e+08 0.974382 0.975447 0.954552 0.956889 0.980965 0.984263 0.971004 0.969771 0.985100 0.985952 1.004327 1.004947
1.434750e+08 0.974609 0.975592 0.955113 0.957429 0.981357 0.984605 0.971427 0.970122 0.985487 0.986253 1.004589 1.005153
1.435550e+08 0.974869 0.975768 0.955705 0.957997 0.981780 0.984971 0.971878 0.970500 0.985900 0.986581 1.004880 1.005387
1.436350e+08 0.975159 0.975975 0.956327 0.958594 0.982235 0.985361 0.972358 0.970905 0.986340 0.986935 1.005199 1.005648
1.437150e+08 0.975481 0.976213 0.956980 0.959219 0.982720 0.985777 0.972866 0.971339 0.986807 0.987315 1.005545 1.005936
1.437950e+08 0.975834 0.976483 0.957663 0.959872 0.983237 0.986218 0.973403 0.971801 0.987299 0.987722 1.005919 1.006253
1.438750e+08 0.976217 0.976782 0.958376 0.960554 0.983785 0.986683 0.973969 0.972292 0.987818 0.988155 1.006321 1.006596
1.439550e+08 0.976631 0.977113 0.959119 0.961263 0.984363 0.987173 0.974563 0.972810 0.988363 0.988615 1.006749 1.006967
1.440350e+08 0.977074 0.977474 0.959891 0.962001 0.984971 0.987688 0.975185 0.973357 0.988934 0.989100 1.007205 1.007364
1.441150e+08 0.977547 0.977866 0.960692 0.962766 0.985609 0.988227 0.975835 0.973932 0.989529 0.989612 1.007686 1.007788
1.441950e+08 0.978049 0.978288 0.961522 0.963558 0.986277 0.988790 0.976513 0.974536 0.990150 0.990149 1.008193 1.008239
1.442750e+08 0.978579 0.978739 0.962381 0.964377 0.986973 0.989377 0.977218 0.975167 0.990794 0.990712 1.008725 1.008714
1.443550e+08 0.979136 0.979220 0.963267 0.965223 0.987697 0.989988 0.977950 0.975826 0.991463 0.991300 1.009282 1.009216
1.444350e+08 0.979721 0.979729 0.964180 0.966094 0.988449 0.990621 0.978708 0.976512 0.992155 0.991912 1.009863 1.009741
1.445150e+08 0.980332 0.980267 0.965119 0.966991 0.989228 0.991278 0.979492 0.977225 0.992869 0.992549 1.010467 1.010292
1.445950e+08 0.980968 0.980833 0.966085 0.967913 0.990034 0.991957 0.980301 0.977965 0.993606 0.993210 1.011094 1.010865
1.446750e+08 0.981630 0.981426 0.967075 0.968859 0.990864 0.992658 0.981134 0.978731 0.994364 0.993894 1.011742 1.011462
1.447550e+08 0.982315 0.982046 0.968090 0.969829 0.991720 0.993380 0.981992 0.979523 0.995143 0.994600 1.012412 1.012081
1.448350e+08 0.983023 0.982691 0.969128 0.970822 0.992599 0.994123 0.982873 0.980340 0.995942 0.995329 1.013101 1.012721
1.449150e+08 0.983754 0.983362 0.970189 0.971836 0.993501 0.994886 0.983776 0.981181 0.996760 0.996079 1.013810 1.013382
1.449950e+08 0.984506 0.984057 0.971272 0.972872 0.994424 0.995668 0.984700 0.982047 0.997596 0.996850 1.014537 1.014063
1.450750e+08 0.985279 0.984776 0.972375 0.973929 0.995369 0.996469 0.985646 0.982935 0.998450 0.997640 1.015282 1.014763
1.451550e+08 0.986070 0.985518 0.973498 0.975005 0.996334 0.997289 0.986611 0.983846 0.999320 0.998450 1.016043 1.015481
1.452350e+08 0.986880 0.986281 0.974640 0.976099 0.997317 0.998125 0.987596 0.984778 1.000206 0.999279 1.016819 1.016216
1.453150e+08 0.987707 0.987066 0.975800 0.977212 0.998319 0.998978 0.988598 0.985732 1.001106 1.000124 1.017610 1.016968
1.453950e+08 0.988550 0.987870 0.976976 0.978341 0.999336 0.999846 0.989617 0.986705 1.002021 1.000987 1.018414 1.017735
1.454750e+08 0.989408 0.988693 0.978167 0.979485 1.000369 1.000729 0.990652 0.987697 1.002948 1.001864 1.019230 1.018515
1.455550e+08 0.990280 0.989535 0.979373 0.980645 1.001417 1.001626 0.991702 0.988707 1.003887 1.002757 1.020057 1.019310
1.456350e+08 0.991165 0.990393 0.980591 0.981817 1.002477 1.002535 0.992766 0.989735 1.004836 1.003663 1.020894 1.020116
1.457150e+08 0.992061 0.991267 0.981822 0.983002 1.003549 1.003457 0.993842 0.990778 1.005795 1.004582 1.021739 1.020933
1.457950e+08 0.992967 0.992155 0.983063 0.984198 1.004631 1.004389 0.994930 0.991836 1.006762 1.005513 1.022592 1.021760
1.458750e+08 0.993882 0.993057 0.984313 0.985405 1.005722 1.005331 0.996028 0.992908 1.007736 1.006454 1.023452 1.022595
1.459550e+08 0.994805 0.993971 0.985571 0.986619 1.006821 1.006283 0.997135 0.993992 1.008716 1.007404 1.024316 1.023438
1.460350e+08 0.995734 0.994896 0.986836 0.987842 1.007926 1.007241 0.998250 0.995088 1.009702 1.008363 1.025184 1.024287
1.461150e+08 0.996669 0.995830 0.988106 0.989071 1.009036 1.008207 0.999371 0.996194 1.010691 1.009329 1.026054 1.025141
1.461950e+08 0.997607 0.996774 0.989380 0.990305 1.010150 1.009178 1.000498 0.997310 1.011682 1.010301 1.026926 1.025999
1.462750e+08 0.998548 0.997724 0.990657 0.991542 1.011266 1.010154 1.001628 0.998433 1.012675 1.011277 1.027797 1.026859
1.463550e+08 0.999490 0.998681 0.991935 0.992783 1.012383 1.011133 1.002762 0.999563 1.013669 1.012257 1.028667 1.027721
1.464350e+08 1.000432 0.999642 0.993213 0.994024 1.013499 1.012114 1.003896 1.000698 1.014661 1.013240 1.029534 1.028583
1.465150e+08 1.001373 1.000607 0.994489 0.995265 1.014613 1.013096 1.005031 1.001837 1.015650 1.014223 1.030398 1.029443
1.465950e+08 1.002311 1.001573 0.995762 0.996505 1.015724 1.014079 1.006165 1.002978 1.016637 1.015207 1.031256 1.030301
1.466750e+08 1.003245 1.002541 0.997030 0.997742 1.016830 1.015060 1.007296 1.004121 1.017618 1.016189 1.032108 1.031155
1.467550e+08 1.004173 1.003507 0.998293 0.998974 1.017929 1.016038 1.008423 1.005264 1.018594 1.017168 1.032951 1.032004
1.468350e+08 1.005095 1.004472 0.999549 1.000202 1.019021 1.017013 1.009544 1.006406 1.019562 1.018144 1.033786 1.032847
1.469150e+08 1.006010 1.005434 1.000796 1.001422 1.020103 1.017984 1.010660 1.007545 1.020522 1.019114 1.034610 1.033682
1.469950e+08 1.006915 1.006391 1.002034 1.002635 1.021175 1.018948 1.011767 1.008680 1.021472 1.020078 1.035423 1.034508
1.470750e+08 1.007810 1.007342 1.003260 1.003838 1.022235 1.019905 1.012865 1.009810 1.022412 1.021035 1.036222 1.035324
1.471550e+08 1.008693 1.008287 1.004473 1.005030 1.023282 1.020854 1.013953 1.010933 1.023339 1.021983 1.037008 1.036128
1.472350e+08 1.009563 1.009222 1.005672 1.006211 1.024314 1.021794 1.015028 1.012048 1.024254 1.022920 1.037778 1.036920
1.473150e+08 1.010419 1.010148 1.006856 1.007378 1.025330 1.022723 1.016091 1.013153 1.025154 1.023847 1.038532 1.037698
1.473950e+08 1.011260 1.011063 1.008024 1.008531 1.026329 1.023640 1.017139 1.014248 1.026039 1.024761 1.039268 1.038461
1.474750e+08 1.012085 1.011965 1.009173 1.009667 1.027309 1.024545 1.018172 1.015331 1.026907 1.025661 1.039985 1.039207
1.475550e+08 1.012892 1.012854 1.010304 1.010787 1.028269 1.025435 1.019188 1.016400 1.027758 1.026547 1.040682 1.039936
1.476350e+08 1.013680 1.013728 1.011414 1.011889 1.029208 1.026311 1.020185 1.017455 1.028589 1.027416 1.041359 1.040647
1.477150e+08 1.014448 1.014587 1.012502 1.012971 1.030125 1.027171 1.021164 1.018494 1.029402 1.028269 1.042013 1.041338
1.477950e+08 1.015196 1.015428 1.013567 1.014033 1.031018 1.028013 1.022122 1.019516 1.030193 1.029103 1.042644 1.042008
1.478750e+08 1.015922 1.016250 1.014609 1.015072 1.031887 1.028837 1.023059 1.020519 1.030963 1.029918 1.043250 1.042656
1.479550e+08 1.016625 1.017054 1.015626 1.016090 1.032729 1.029643 1.023972 1.021503 1.031710 1.030713 1.043832 1.043281
1.480350e+08 1.017304 1.017836 1.016616 1.017083 1.033545 1.030428 1.024863 1.022467 1.032433 1.031486 1.044387 1.043883
1.481150e+08 1.017958 1.018597 1.017579 1.018051 1.034333 1.031191 1.025728 1.023408 1.033131 1.032237 1.044916 1.044459
1.481950e+08 1.018587 1.019336 1.018514 1.018994 1.035092 1.031933 1.026568 1.024327 1.033805 1.032964 1.045417 1.045010
1.482750e+08 1.019189 1.020051 1.019420 1.019910 1.035820 1.032652 1.027381 1.025221 1.034452 1.033668 1.045889 1.045534
1.483550e+08 1.019765 1.020741 1.020296 1.020798 1.036519 1.033347 1.028167 1.026091 1.035072 1.034346 1.046331 1.046031
1.484350e+08 1.020312 1.021406 1.021141 1.021657 1.037185 1.034018 1.028924 1.026934 1.035664 1.034998 1.046744 1.046499
1.485150e+08 1.020830 1.022044 1.021955 1.022487 1.037819 1.034663 1.029652 1.027750 1.036228 1.035623 1.047125 1.046939
1.485950e+08 1.021320 1.022656 1.022736 1.023286 1.038420 1.035282 1.030349 1.028539 1.036763 1.036220 1.047476 1.047348
1.486750e+08 1.021779 1.023239 1.023483 1.024055 1.038986 1.035874 1.031016 1.029298 1.037267 1.036789 1.047794 1.047726
1.487550e+08 1.022208 1.023793 1.024197 1.024792 1.039518 1.036438 1.031651 1.030028 1.037742 1.037329 1.048079 1.048074
1.488350e+08 1.022605 1.024318 1.024876 1.025496 1.040015 1.036974 1.032254 1.030727 1.038186 1.037839 1.048331 1.048389
1.489150e+08 1.022971 1.024813 1.025520 1.026167 1.040476 1.037482 1.032824 1.031395 1.038598 1.038319 1.048550 1.048673
1.489950e+08 1.023305 1.025277 1.026129 1.026805 1.040900 1.037960 1.033361 1.032031 1.038978 1.038768 1.048735 1.048923
1.490750e+08 1.023607 1.025710 1.026701 1.027409 1.041287 1.038408 1.033864 1.032635 1.039326 1.039185 1.048885 1.049140
1.491550e+08 1.023876 1.026111 1.027237 1.027978 1.041638 1.038825 1.034332 1.033205 1.039641 1.039570 1.049001 1.049323
1.492350e+08 1.024112 1.026479 1.027736 1.028512 1.041950 1.039212 1.034766 1.033742 1.039924 1.039923 1.049081 1.049472
1.493150e+08 1.024315 1.026815 1.028198 1.029011 1.042225 1.039567 1.035164 1.034244 1.040173 1.040244 1.049127 1.049586
1.493950e+08 1.024485 1.027118 1.028622 1.029475 1.042462 1.039891 1.035528 1.034711 1.040389 1.040531 1.049137 1.049666
1.494750e+08 1.024621 1.027388 1.029009 1.029902 1.042660 1.040183 1.035855 1.035144 1.040572 1.040784 1.049112 1.049711
1.495550e+08 1.024723 1.027623 1.029358 1.030293 1.042820 1.040443 1.036147 1.035541 1.040720 1.041004 1.049052 1.049720
1.496350e+08 1.024793 1.027825 1.029669 1.030649 1.042942 1.040671 1.036403 1.035902 1.040835 1.041190 1.048956 1.049695
1.497150e+08 1.024828 1.027993 1.029942 1.030968 1.043024 1.040866 1.036622 1.036228 1.040916 1.041343 1.048825 1.049634
1.497950e+08 1.024830 1.028127 1.030178 1.031250 1.043069 1.041028 1.036806 1.036517 1.040964 1.041461 1.048658 1.049538
1.498750e+08 1.024799 1.028227 1.030376 1.031496 1.043075 1.041158 1.036953 1.036770 1.040978 1.041545 1.048457 1.049406
1.499550e+08 1.024735 1.028292 1.030536 1.031706 1.043043 1.041255 1.037065 1.036987 1.040958 1.041595 1.048220 1.049239
1.500350e+08 1.024638 1.028324 1.030659 1.031880 1.042973 1.041319 1.037140 1.037168 1.040905 1.041612 1.047949 1.049038
1.501150e+08 1.024509 1.028321 1.030745 1.032019 1.042865 1.041351 1.037180 1.037312 1.040819 1.041594 1.047644 1.048801
1.501950e+08 1.024347 1.028285 1.030794 1.032121 1.042721 1.041350 1.037185 1.037420 1.040700 1.041543 1.047305 1.048530
1.502750e+08 1.024154 1.028215 1.030807 1.032188 1.042539 1.041317 1.037154 1.037492 1.040548 1.041459 1.046932 1.048225
1.503550e+08 1.023929 1.028112 1.030784 1.032220 1.042321 1.041253 1.037089 1.037529 1.040365 1.041341 1.046526 1.047886
1.504350e+08 1.023674 1.027976 1.030725 1.032218 1.042066 1.041156 1.036990 1.037530 1.040150 1.041191 1.046088 1.047513
1.505150e+08 1.023388 1.027807 1.030632 1.032181 1.041777 1.041028 1.036856 1.037496 1.039903 1.041008 1.045618 1.047107
1.505950e+08 1.023073 1.027607 1.030504 1.032111 1.041453 1.040868 1.036689 1.037427 1.039626 1.040793 1.045117 1.046668
1.506750e+08 1.022728 1.027374 1.030343 1.032008 1.041094 1.040678 1.036490 1.037324 1.039319 1.040547 1.044585 1.046198
1.507550e+08 1.022356 1.027111 1.030149 1.031872 1.040702 1.040458 1.036258 1.037187 1.038982 1.040270 1.044023 1.045696
1.508350e+08 1.021956 1.026817 1.029923 1.031704 1.040278 1.040208 1.035995 1.037017 1.038617 1.039962 1.043431 1.045163
1.509150e+08 1.021529 1.026493 1.029666 1.031506 1.039822 1.039929 1.035701 1.036815 1.038223 1.039625 1.042812 1.044600
1.509950e+08 1.021076 1.026140 1.029377 1.031277 1.039335 1.039621 1.035377 1.036580 1.037801 1.039259 1.042165 1.044008
1.510750e+08 1.020598 1.025759 1.029060 1.031018 1.038818 1.039285 1.035024 1.036314 1.037353 1.038864 1.041491 1.043387
1.511550e+08 1.020096 1.025350 1.028714 1.030731 1.038272 1.038922 1.034642 1.036018 1.036880 1.038442 1.040791 1.042738
1.512350e+08 1.019570 1.024914 1.028340 1.030416 1.037698 1.038532 1.034233 1.035692 1.036381 1.037992 1.040066 1.042063
1.513150e+08 1.019022 1.024452 1.027939 1.030074 1.037097 1.038117 1.033797 1.035337 1.035858 1.037517 1.039317 1.041361
1.513950e+08 1.018453 1.023965 1.027513 1.029706 1.036470 1.037676 1.033336 1.034954 1.035311 1.037017 1.038546 1.040634
1.514750e+08 1.017864 1.023454 1.027063 1.029314 1.035818 1.037211 1.032850 1.034544 1.034743 1.036492 1.037753 1.039883
1.515550e+08 1.017256 1.022920 1.026589 1.028897 1.035143 1.036722 1.032341 1.034108 1.034153 1.035944 1.036938 1.039108
1.516350e+08 1.016629 1.022364 1.026093 1.028458 1.034445 1.036211 1.031809 1.033647 1.033543 1.035374 1.036105 1.038311
1.517150e+08 1.015986 1.021786 1.025576 1.027997 1.033726 1.035678 1.031256 1.033161 1.032913 1.034782 1.035252 1.037493
1.517950e+08 1.015327 1.021189 1.025039 1.027515 1.032987 1.035125 1.030682 1.032653 1.032265 1.034170 1.034382 1.036655
1.518750e+08 1.014653 1.020572 1.024484 1.027014 1.032229 1.034552 1.030090 1.032123 1.031600 1.033539 1.033496 1.035798
1.519550e+08 1.013966 1.019938 1.023912 1.026495 1.031454 1.033960 1.029479 1.031573 1.030919 1.032890 1.032595 1.034924
1.520350e+08 1.013267 1.019287 1.023324 1.025959 1.030663 1.033350 1.028852 1.031003 1.030224 1.032224 1.031680 1.034032
1.521150e+08 1.012557 1.018621 1.022721 1.025407 1.029857 1.032724 1.028210 1.030414 1.029514 1.031542 1.030753 1.033125
1.521950e+08 1.011837 1.017941 1.022105 1.024841 1.029037 1.032082 1.027554 1.029809 1.028792 1.030845 1.029814 1.032203
1.522750e+08 1.011109 1.017247 1.021478 1.024262 1.028206 1.031426 1.026884 1.029188 1.028059 1.030134 1.028865 1.031269
1.523550e+08 1.010374 1.016542 1.020840 1.023671 1.027364 1.030756 1.026204 1.028552 1.027315 1.029412 1.027907 1.030322
1.524350e+08 1.009634 1.015827 1.020193 1.023069 1.026513 1.030074 1.025513 1.027903 1.026562 1.028678 1.026942 1.029365
1.525150e+08 1.008888 1.015102 1.019539 1.022458 1.025654 1.029380 1.024813 1.027242 1.025802 1.027934 1.025970 1.028399
1.525950e+08 1.008140 1.014370 1.018879 1.021839 1.024789 1.028677 1.024105 1.026571 1.025035 1.027182 1.024994 1.027424
1.526750e+08 1.007390 1.013631 1.018213 1.021214 1.023919 1.027965 1.023392 1.025891 1.024262 1.026422 1.024014 1.026443
1.527550e+08 1.006639 1.012887 1.017545 1.020583 1.023046 1.027245 1.022673 1.025202 1.023486 1.025656 1.023031 1.025455
1.528350e+08 1.005889 1.012139 1.016875 1.019949 1.022170 1.026518 1.021951 1.024507 1.022706 1.024885 1.022047 1.024464
1.529150e+08 1.005142 1.011389 1.016204 1.019312 1.021294 1.025787 1.021227 1.023807 1.021925 1.024110 1.021064 1.023469
1.529950e+08 1.004397 1.010638 1.015534 1.018675 1.020419 1.025051 1.020502 1.023103 1.021144 1.023333 1.020081 1.022473
1.530750e+08 1.003658 1.009886 1.014867 1.018037 1.019546 1.024312 1.019778 1.022397 1.020364 1.022555 1.019102 1.021476
1.531550e+08 1.002924 1.009137 1.014204 1.017401 1.018677 1.023571 1.019055 1.021690 1.019585 1.021776 1.018126 1.020480
1.532350e+08 1.002198 1.008390 1.013545 1.016768 1.017813 1.022830 1.018336 1.020983 1.018810 1.020999 1.017156 1.019485
1.533150e+08 1.001481 1.007647 1.012894 1.016139 1.016955 1.022089 1.017621 1.020278 1.018039 1.020225 1.016192 1.018494
1.533950e+08 1.000773 1.006909 1.012250 1.015516 1.016106 1.021350 1.016912 1.019576 1.017274 1.019455 1.015236 1.017508
1.534750e+08 1.000077 1.006179 1.011616 1.014900 1.015265 1.020614 1.016211 1.018878 1.016515 1.018689 1.014288 1.016527
1.535550e+08 0.999392 1.005456 1.010993 1.014292 1.014435 1.019882 1.015517 1.018186 1.015765 1.017930 1.013351 1.015553
1.536350e+08 0.998722 1.004743 1.010381 1.013693 1.013617 1.019155 1.014834 1.017501 1.015023 1.017178 1.012425 1.014587
1.537150e+08 0.998066 1.004041 1.009783 1.013106 1.012812 1.018435 1.014161 1.016824 1.014292 1.016435 1.011511 1.013630
1.537950e+08 0.997426 1.003350 1.009199 1.012530 1.012021 1.017721 1.013500 1.016157 1.013572 1.015701 1.010610 1.012683
1.538750e+08 0.996803 1.002672 1.008631 1.011967 1.011246 1.017017 1.012853 1.015500 1.012865 1.014978 1.009724 1.011748
1.539550e+08 0.996198 1.002009 1.008080 1.011418 1.010488 1.016321 1.012220 1.014856 1.012171 1.014267 1.008853 1.010826
1.540350e+08 0.995612 1.001361 1.007547 1.010885 1.009748 1.015637 1.011603 1.014225 1.011491 1.013569 1.007999 1.009917
1.541150e+08 0.995047 1.000729 1.007033 1.010368 1.009027 1.014963 1.011002 1.013608 1.010827 1.012885 1.007162 1.009023
1.541950e+08 0.994502 1.000115 1.006540 1.009869 1.008326 1.014303 1.010419 1.013007 1.010179 1.012216 1.006344 1.008144
1.542750e+08 0.993980 0.999520 1.006068 1.009389 1.007646 1.013656 1.009855 1.012422 1.009548 1.011563 1.005545 1.007283
1.543550e+08 0.993481 0.998945 1.005618 1.008928 1.006989 1.013023 1.009311 1.011855 1.008936 1.010927 1.004766 1.006438
1.544350e+08 0.993006 0.998390 1.005192 1.008488 1.006355 1.012406 1.008787 1.011307 1.008343 1.010308 1.004008 1.005613
1.545150e+08 0.992556 0.997857 1.004790 1.008070 1.005745 1.011805 1.008285 1.010779 1.007769 1.009709 1.003272 1.004806
1.545950e+08 0.992131 0.997347 1.004413 1.007674 1.005161 1.011222 1.007806 1.010271 1.007216 1.009129 1.002558 1.004020
1.546750e+08 0.991733 0.996861 1.004062 1.007301 1.004602 1.010656 1.007350 1.009785 1.006685 1.008569 1.001868 1.003255
1.547550e+08 0.991362 0.996398 1.003738 1.006952 1.004070 1.010109 1.006918 1.009321 1.006176 1.008031 1.001202 1.002511
1.548350e+08 0.991019 0.995961 1.003442 1.006628 1.003565 1.009581 1.006510 1.008881 1.005689 1.007514 1.000560 1.001790
1.549150e+08 0.990704 0.995551 1.003174 1.006330 1.003089 1.009073 1.006129 1.008464 1.005226 1.007020 0.999943 1.001092
1.549950e+08 0.990419 0.995166 1.002935 1.006057 1.002641 1.008587 1.005773 1.008073 1.004787 1.006549 0.999352 1.000418
1.550750e+08 0.990163 0.994809 1.002725 1.005812 1.002222 1.008121 1.005444 1.007706 1.004373 1.006102 0.998787 0.999768
1.551550e+08 0.989937 0.994481 1.002545 1.005594 1.001834 1.007678 1.005143 1.007366 1.003983 1.005679 0.998248 0.999143
1.552350e+08 0.989741 0.994180 1.002395 1.005403 1.001475 1.007257 1.004869 1.007053 1.003619 1.005280 0.997736 0.998543
1.553150e+08 0.989577 0.993909 1.002277 1.005241 1.001148 1.006859 1.004624 1.006766 1.003280 1.004907 0.997251 0.997969
1.553950e+08 0.989444 0.993668 1.002190 1.005108 1.000852 1.006485 1.004407 1.006508 1.002968 1.004560 0.996794 0.997421
1.554750e+08 0.989342 0.993456 1.002134 1.005003 1.000587 1.006134 1.004219 1.006277 1.002683 1.004238 0.996365 0.996899
1.555550e+08 0.989272 0.993275 1.002110 1.004928 1.000353 1.005808 1.004060 1.006075 1.002424 1.003942 0.995963 0.996404
1.556350e+08 0.989234 0.993125 1.002118 1.004883 1.000152 1.005506 1.003931 1.005901 1.002192 1.003673 0.995589 0.995936
1.557150e+08 0.989228 0.993005 1.002158 1.004867 0.999983 1.005229 1.003831 1.005756 1.001987 1.003431 0.995243 0.995495
1.557950e+08 0.989254 0.992917 1.002230 1.004881 0.999845 1.004977 1.003761 1.005641 1.001809 1.003215 0.994926 0.995081
1.558750e+08 0.989313 0.992860 1.002334 1.004925 0.999740 1.004750 1.003721 1.005555 1.001658 1.003026 0.994636 0.994694
1.559550e+08 0.989403 0.992835 1.002471 1.004999 0.999667 1.004548 1.003710 1.005498 1.001535 1.002864 0.994374 0.994335
1.560350e+08 0.989526 0.992841 1.002639 1.005103 0.999626 1.004372 1.003730 1.005471 1.001439 1.002729 0.994140 0.994004
1.561150e+08 0.989681 0.992879 1.002839 1.005237 0.999616 1.004221 1.003778 1.005473 1.001370 1.002621 0.993933 0.993699
1.561950e+08 0.989867 0.992948 1.003071 1.005400 0.999638 1.004096 1.003857 1.005504 1.001328 1.002539 0.993754 0.993422
1.562750e+08 0.990085 0.993049 1.003335 1.005593 0.999692 1.003996 1.003964 1.005564 1.001313 1.002484 0.993602 0.993171
1.563550e+08 0.990334 0.993181 1.003629 1.005814 0.999776 1.003921 1.004100 1.005653 1.001324 1.002455 0.993476 0.992948
1.564350e+08 0.990614 0.993343 1.003954 1.006065 0.999891 1.003871 1.004265 1.005771 1.001361 1.002452 0.993377 0.992750
1.565150e+08 0.990925 0.993537 1.004309 1.006344 1.000036 1.003846 1.004458 1.005917 1.001425 1.002475 0.993304 0.992579
1.565950e+08 0.991265 0.993760 1.004694 1.006652 1.000211 1.003845 1.004679 1.006091 1.001513 1.002523 0.993256 0.992434
1.566750e+08 0.991635 0.994014 1.005108 1.006987 1.000415 1.003869 1.004928 1.006293 1.001627 1.002597 0.993232 0.992314
1.567550e+08 0.992034 0.994297 1.005550 1.007348 1.000647 1.003917 1.005203 1.006522 1.001766 1.002694 0.993234 0.992219
1.568350e+08 0.992462 0.994610 1.006020 1.007737 1.000907 1.003988 1.005504 1.006777 1.001928 1.002816 0.993258 0.992148
1.569150e+08 0.992917 0.994951 1.006518 1.008151 1.001194 1.004082 1.005830 1.007058 1.002114 1.002960 0.993306 0.992101
1.569950e+08 0.993399 0.995320 1.007041 1.008590 1.001508 1.004199 1.006182 1.007364 1.002323 1.003128 0.993376 0.992077
1.570750e+08 0.993908 0.995716 1.007591 1.009054 1.001847 1.004337 1.006557 1.007695 1.002555 1.003318 0.993467 0.992076
1.571550e+08 0.994442 0.996139 1.008164 1.009541 1.002211 1.004498 1.006956 1.008050 1.002807 1.003529 0.993579 0.992096
1.572350e+08 0.995001 0.996588 1.008762 1.010051 1.002599 1.004679 1.007377 1.008428 1.003081 1.003760 0.993711 0.992138
1.573150e+08 0.995584 0.997062 1.009382 1.010584 1.003009 1.004880 1.007820 1.008828 1.003375 1.004012 0.993861 0.992200
1.573950e+08 0.996190 0.997560 1.010025 1.011137 1.003442 1.005101 1.008284 1.009250 1.003687 1.004283 0.994030 0.992281
1.574750e+08 0.996818 0.998082 1.010688 1.011710 1.003895 1.005341 1.008767 1.009691 1.004019 1.004572 0.994216 0.992381
1.575550e+08 0.997467 0.998626 1.011370 1.012302 1.004368 1.005599 1.009269 1.010153 1.004367 1.004878 0.994418 0.992499
1.576350e+08 0.998136 0.999192 1.012071 1.012913 1.004860 1.005873 1.009789 1.010633 1.004732 1.005201 0.994635 0.992634
1.577150e+08 0.998824 0.999779 1.012790 1.013540 1.005369 1.006165 1.010325 1.011130 1.005113 1.005539 0.994866 0.992785
1.577950e+08 0.999530 1.000386 1.013525 1.014184 1.005894 1.006472 1.010877 1.011644 1.005509 1.005891 0.995111 0.992950
1.578750e+08 1.000253 1.001011 1.014275 1.014842 1.006435 1.006793 1.011444 1.012173 1.005918 1.006257 0.995367 0.993130
1.579550e+08 1.000992 1.001653 1.015038 1.015514 1.006990 1.007128 1.012023 1.012716 1.006340 1.006636 0.995634 0.993322
1.580350e+08 1.001745 1.002313 1.015814 1.016198 1.007557 1.007476 1.012615 1.013272 1.006773 1.007026 0.995910 0.993526
1.581150e+08 1.002512 1.002987 1.016601 1.016894 1.008136 1.007836 1.013218 1.013840 1.007217 1.007425 0.996195 0.993741
1.581950e+08 1.003291 1.003675 1.017398 1.017599 1.008724 1.008207 1.013830 1.014418 1.007670 1.007834 0.996488 0.993965
1.582750e+08 1.004081 1.004377 1.018204 1.018313 1.009322 1.008587 1.014451 1.015006 1.008132 1.008251 0.996786 0.994198
1.583550e+08 1.004881 1.005090 1.019016 1.019035 1.009927 1.008976 1.015079 1.015601 1.008600 1.008675 0.997090 0.994438
1.584350e+08 1.005689 1.005814 1.019835 1.019763 1.010537 1.009372 1.015713 1.016203 1.009075 1.009104 0.997397 0.994684
1.585150e+08 1.006504 1.006547 1.020657 1.020496 1.011153 1.009775 1.016351 1.016811 1.009554 1.009538 0.997707 0.994935
1.585950e+08 1.007325 1.007287 1.021483 1.021232 1.011771 1.010183 1.016993 1.017423 1.010037 1.009975 0.998017 0.995189
1.586750e+08 1.008151 1.008035 1.022310 1.021971 1.012392 1.010596 1.017636 1.018038 1.010522 1.010414 0.998328 0.995446
1.587550e+08 1.008980 1.008788 1.023137 1.022710 1.013012 1.011012 1.018280 1.018654 1.011008 1.010853 0.998638 0.995705
1.588350e+08 1.009811 1.009545 1.023963 1.023449 1.013632 1.011430 1.018923 1.019270 1.011495 1.011292 0.998944 0.995963
1.589150e+08 1.010642 1.010304 1.024786 1.024186 1.014249 1.011848 1.019565 1.019884 1.011980 1.011730 0.999248 0.996220
1.589950e+08 1.011473 1.011065 1.025605 1.024919 1.014863 1.012267 1.020202 1.020496 1.012462 1.012164 0.999546 0.996475
1.590750e+08 1.012302 1.011826 1.026418 1.025648 1.015471 1.012684 1.020835 1.021104 1.012941 1.012594 0.999837 0.996726
1.591550e+08 1.013127 1.012586 1.027224 1.026371 1.016072 1.013098 1.021461 1.021707 1.013415 1.013019 1.000121 0.996972
1.592350e+08 1.013948 1.013343 1.028021 1.027087 1.016665 1.013508 1.022080 1.022303 1.013883 1.013437 1.000397 0.997212
1.593150e+08 1.014763 1.014096 1.028808 1.027794 1.017249 1.013914 1.022691 1.022890 1.014344 1.013847 1.000662 0.997445
1.593950e+08 1.015571 1.014844 1.029585 1.028491 1.017822 1.014313 1.023291 1.023469 1.014796 1.014248 1.000916 0.997669
1.594750e+08 1.016370 1.015585 1.030348 1.029177 1.018382 1.014705 1.023879 1.024036 1.015238 1.014639 1.001158 0.997883
1.595550e+08 1.017159 1.016319 1.031097 1.029850 1.018929 1.015088 1.024455 1.024591 1.015670 1.015018 1.001386 0.998086
1.596350e+08 1.017937 1.017043 1.031831 1.030509 1.019461 1.015462 1.025017 1.025133 1.016089 1.015384 1.001599 0.998277
1.597150e+08 1.018703 1.017756 1.032548 1.031153 1.019976 1.015826 1.025563 1.025660 1.016495 1.015737 1.001796 0.998455
1.597950e+08 1.019455 1.018458 1.033247 1.031781 1.020474 1.016177 1.026093 1.026171 1.016887 1.016074 1.001977 0.998618
1.598750e+08 1.020192 1.019147 1.033926 1.032390 1.020953 1.016515 1.026605 1.026665 1.017263 1.016395 1.002139 0.998765
1.599550e+08 1.020914 1.019821 1.034585 1.032981 1.021412 1.016840 1.027098 1.027141 1.017623 1.016699 1.002281 0.998896
1.600350e+08 1.021618 1.020480 1.035221 1.033552 1.021849 1.017149 1.027571 1.027596 1.017965 1.016985 1.002404 0.999009
1.601150e+08 1.022304 1.021122 1.035835 1.034101 1.022264 1.017442 1.028023 1.028031 1.018288 1.017251 1.002505 0.999102
1.601950e+08 1.022970 1.021747 1.036425 1.034628 1.022655 1.017718 1.028452 1.028444 1.018592 1.017497 1.002584 0.999176
1.602750e+08 1.023616 1.022352 1.036989 1.035131 1.023021 1.017975 1.028858 1.028834 1.018875 1.017721 1.002639 0.999229
1.603550e+08 1.024241 1.022937 1.037526 1.035610 1.023362 1.018214 1.029239 1.029200 1.019136 1.017923 1.002671 0.999259
1.604350e+08 1.024843 1.023501 1.038036 1.036063 1.023675 1.018432 1.029595 1.029541 1.019375 1.018101 1.002677 0.999267
1.605150e+08 1.025422 1.024043 1.038518 1.036489 1.023960 1.018629 1.029925 1.029855 1.019590 1.018256 1.002657 0.999251
1.605950e+08 1.025976 1.024561 1.038970 1.036888 1.024216 1.018804 1.030227 1.030142 1.019781 1.018385 1.002610 0.999210
1.606750e+08 1.026505 1.025055 1.039392 1.037259 1.024443 1.018957 1.030501 1.030402 1.019946 1.018488 1.002536 0.999144
1.607550e+08 1.027007 1.025524 1.039782 1.037600 1.024639 1.019085 1.030745 1.030632 1.020085 1.018564 1.002434 0.999051
1.608350e+08 1.027483 1.025967 1.040140 1.037911 1.024803 1.019189 1.030960 1.030833 1.020198 1.018613 1.002303 0.998931
1.609150e+08 1.027930 1.026383 1.040465 1.038191 1.024934 1.019268 1.031144 1.031003 1.020283 1.018634 1.002142 0.998782
1.609950e+08 1.028350 1.026772 1.040757 1.038439 1.025033 1.019321 1.031297 1.031141 1.020340 1.018626 1.001950 0.998606
1.610750e+08 1.028740 1.027131 1.041014 1.038655 1.025098 1.019347 1.031418 1.031248 1.020368 1.018588 1.001728 0.998400
1.611550e+08 1.029100 1.027462 1.041236 1.038838 1.025128 1.019346 1.031506 1.031323 1.020366 1.018520 1.001475 0.998164
1.612350e+08 1.029429 1.027762 1.041423 1.038988 1.025123 1.019317 1.031561 1.031364 1.020335 1.018422 1.001190 0.997897
1.613150e+08 1.029728 1.028032 1.041573 1.039103 1.025083 1.019259 1.031582 1.031371 1.020273 1.018292 1.000873 0.997600
1.613950e+08 1.029995 1.028271 1.041687 1.039184 1.025007 1.019172 1.031570 1.031344 1.020180 1.018131 1.000523 0.997271
1.614750e+08 1.030230 1.028478 1.041764 1.039229 1.024894 1.019056 1.031522 1.031283 1.020055 1.017939 1.000140 0.996911
1.615550e+08 1.030433 1.028653 1.041804 1.039239 1.024744 1.018910 1.031440 1.031186 1.019899 1.017713 0.999723 0.996517
1.616350e+08 1.030603 1.028795 1.041806 1.039214 1.024557 1.018733 1.031322 1.031055 1.019711 1.017456 0.999274 0.996092
1.617150e+08 1.030740 1.028905 1.041771 1.039152 1.024333 1.018525 1.031169 1.030887 1.019490 1.017165 0.998791 0.995633
1.617950e+08 1.030843 1.028981 1.041697 1.039054 1.024071 1.018287 1.030981 1.030684 1.019237 1.016841 0.998274 0.995142
1.618750e+08 1.030913 1.029023 1.041585 1.038920 1.023772 1.018017 1.030756 1.030445 1.018950 1.016485 0.997723 0.994616
1.619550e+08 1.030950 1.029032 1.041435 1.038749 1.023435 1.017715 1.030496 1.030170 1.018631 1.016095 0.997138 0.994058
1.620350e+08 1.030953 1.029006 1.041247 1.038542 1.023059 1.017382 1.030200 1.029859 1.018279 1.015671 0.996520 0.993466
1.621150e+08 1.030922 1.028947 1.041020 1.038298 1.022646 1.017017 1.029867 1.029512 1.017894 1.015215 0.995868 0.992840
1.621950e+08 1.030857 1.028853 1.040755 1.038018 1.022196 1.016619 1.029500 1.029128 1.017475 1.014725 0.995182 0.992181
1.622750e+08 1.030759 1.028725 1.040453 1.037701 1.021707 1.016190 1.029096 1.028709 1.017024 1.014202 0.994462 0.991488
1.623550e+08 1.030627 1.028563 1.040113 1.037348 1.021182 1.015729 1.028657 1.028255 1.016539 1.013646 0.993709 0.990761
1.624350e+08 1.030462 1.028368 1.039735 1.036960 1.020619 1.015236 1.028183 1.027764 1.016022 1.013058 0.992924 0.990002
1.625150e+08 1.030264 1.028138 1.039320 1.036535 1.020019 1.014711 1.027674 1.027239 1.015473 1.012437 0.992105 0.989209
1.625950e+08 1.030033 1.027874 1.038869 1.036075 1.019383 1.014154 1.027130 1.026679 1.014890 1.011783 0.991255 0.988383
1.626750e+08 1.029769 1.027577 1.038382 1.035580 1.018711 1.013566 1.026552 1.026084 1.014276 1.011098 0.990372 0.987525
1.627550e+08 1.029474 1.027247 1.037858 1.035051 1.018003 1.012947 1.025940 1.025456 1.013631 1.010382 0.989458 0.986634
1.628350e+08 1.029146 1.026885 1.037300 1.034487 1.017261 1.012296 1.025296 1.024794 1.012953 1.009634 0.988513 0.985712
1.629150e+08 1.028788 1.026490 1.036707 1.033890 1.016483 1.011615 1.024618 1.024099 1.012246 1.008856 0.987537 0.984758
1.629950e+08 1.028398 1.026063 1.036080 1.033260 1.015673 1.010904 1.023909 1.023373 1.011507 1.008048 0.986532 0.983774
1.630750e+08 1.027979 1.025605 1.035421 1.032598 1.014828 1.010163 1.023168 1.022614 1.010739 1.007211 0.985497 0.982759
1.631550e+08 1.027530 1.025116 1.034728 1.031904 1.013952 1.009392 1.022396 1.021825 1.009941 1.006345 0.984434 0.981714
1.632350e+08 1.027052 1.024598 1.034004 1.031180 1.013044 1.008593 1.021595 1.021005 1.009115 1.005450 0.983343 0.980640
1.633150e+08 1.026547 1.024049 1.033250 1.030425 1.012105 1.007765 1.020764 1.020156 1.008261 1.004529 0.982225 0.979537
1.633950e+08 1.026014 1.023472 1.032466 1.029641 1.011136 1.006910 1.019906 1.019279 1.007379 1.003581 0.981081 0.978407
1.634750e+08 1.025454 1.022867 1.031652 1.028829 1.010139 1.006028 1.019019 1.018374 1.006471 1.002607 0.979911 0.977249
1.635550e+08 1.024869 1.022235 1.030811 1.027989 1.009113 1.005119 1.018106 1.017442 1.005537 1.001608 0.978717 0.976065
1.636350e+08 1.024259 1.021577 1.029944 1.027123 1.008060 1.004184 1.017168 1.016485 1.004578 1.000584 0.977499 0.974856
1.637150e+08 1.023626 1.020893 1.029050 1.026232 1.006981 1.003224 1.016205 1.015503 1.003594 0.999538 0.976258 0.973622
1.637950e+08 1.022969 1.020184 1.028132 1.025315 1.005877 1.002241 1.015218 1.014498 1.002587 0.998469 0.974995 0.972364
1.638750e+08 1.022291 1.019452 1.027190 1.024376 1.004750 1.001233 1.014209 1.013469 1.001558 0.997379 0.973712 0.971082
1.639550e+08 1.021592 1.018698 1.026226 1.023414 1.003599 1.000203 1.013179 1.012420 1.000507 0.996269 0.972409 0.969779
1.640350e+08 1.020873 1.017922 1.025241 1.022431 1.002428 0.999152 1.012128 1.011350 0.999436 0.995139 0.971087 0.968455
1.641150e+08 1.020135 1.017125 1.024236 1.021428 1.001236 0.998080 1.011059 1.010261 0.998345 0.993991 0.969747 0.967111
1.641950e+08 1.019380 1.016309 1.023213 1.020406 1.000024 0.996987 1.009971 1.009154 0.997235 0.992826 0.968391 0.965748
1.642750e+08 1.018608 1.015475 1.022172 1.019366 0.998795 0.995876 1.008866 1.008030 0.996108 0.991644 0.967019 0.964366
1.643550e+08 1.017821 1.014624 1.021115 1.018310 0.997550 0.994747 1.007746 1.006891 0.994964 0.990448 0.965633 0.962968
1.644350e+08 1.017021 1.013757 1.020044 1.017238 0.996289 0.993601 1.006612 1.005737 0.993805 0.989237 0.964234 0.961554
1.645150e+08 1.016207 1.012875 1.018959 1.016153 0.995014 0.992438 1.005465 1.004571 0.992632 0.988014 0.962823 0.960125
1.645950e+08 1.015382 1.011980 1.017863 1.015055 0.993726 0.991261 1.004305 1.003393 0.991445 0.986779 0.961400 0.958683
1.646750e+08 1.014546 1.011073 1.016756 1.013946 0.992428 0.990071 1.003136 1.002204 0.990247 0.985534 0.959968 0.957228
1.647550e+08 1.013702 1.010155 1.015640 1.012827 0.991119 0.988867 1.001957 1.001007 0.989037 0.984279 0.958528 0.955761
1.648350e+08 1.012850 1.009227 1.014516 1.011699 0.989802 0.987651 1.000770 0.999802 0.987818 0.983016 0.957080 0.954285
1.649150e+08 1.011991 1.008290 1.013386 1.010564 0.988477 0.986425 0.999577 0.998590 0.986590 0.981747 0.955625 0.952799
1.649950e+08 1.011127 1.007347 1.012251 1.009423 0.987147 0.985190 0.998379 0.997373 0.985355 0.980472 0.954166 0.951305
1.650750e+08 1.010260 1.006398 1.011112 1.008277 0.985813 0.983946 0.997176 0.996153 0.984113 0.979192 0.952703 0.949805
1.651550e+08 1.009390 1.005444 1.009972 1.007127 0.984475 0.982695 0.995971 0.994930 0.982867 0.977909 0.951238 0.948299
1.652350e+08 1.008518 1.004487 1.008831 1.005976 0.983136 0.981437 0.994765 0.993706 0.981616 0.976624 0.949771 0.946789
1.653150e+08 1.007647 1.003529 1.007690 1.004824 0.981796 0.980175 0.993559 0.992482 0.980363 0.975338 0.948304 0.945275
1.653950e+08 1.006778 1.002570 1.006552 1.003673 0.980458 0.978909 0.992354 0.991260 0.979108 0.974052 0.946838 0.943760
1.654750e+08 1.005911 1.001612 1.005418 1.002523 0.979122 0.977640 0.991152 0.990041 0.977853 0.972768 0.945374 0.942244
1.655550e+08 1.005048 1.000656 1.004288 1.001377 0.977790 0.976369 0.989953 0.988826 0.976599 0.971486 0.943914 0.940728
1.656350e+08 1.004191 0.999704 1.003165 1.000236 0.976463 0.975098 0.988760 0.987616 0.975347 0.970208 0.942458 0.939213
1.657150e+08 1.003340 0.998756 1.002050 0.999100 0.975143 0.973828 0.987574 0.986413 0.974098 0.968936 0.941008 0.937702
1.657950e+08 1.002497 0.997815 1.000943 0.997972 0.973830 0.972559 0.986395 0.985219 0.972853 0.967669 0.939564 0.936193
1.658750e+08 1.001664 0.996881 0.999847 0.996852 0.972527 0.971293 0.985225 0.984033 0.971613 0.966409 0.938128 0.934690
1.659550e+08 1.000841 0.995955 0.998763 0.995742 0.971234 0.970031 0.984065 0.982858 0.970381 0.965158 0.936702 0.933193
1.660350e+08 1.000030 0.995040 0.997691 0.994642 0.969952 0.968774 0.982916 0.981694 0.969155 0.963916 0.935285 0.931703
1.661150e+08 0.999231 0.994135 0.996634 0.993555 0.968683 0.967523 0.981780 0.980543 0.967939 0.962685 0.933879 0.930221
1.661950e+08 0.998447 0.993243 0.995592 0.992481 0.967429 0.966279 0.980657 0.979406 0.966732 0.961465 0.932485 0.928748
1.662750e+08 0.997678 0.992365 0.994566 0.991421 0.966189 0.965043 0.979549 0.978283 0.965536 0.960257 0.931105 0.927285
1.663550e+08 0.996926 0.991501 0.993559 0.990377 0.964966 0.963816 0.978457 0.977177 0.964352 0.959063 0.929738 0.925834
1.664350e+08 0.996191 0.990653 0.992570 0.989349 0.963760 0.962599 0.977381 0.976088 0.963180 0.957883 0.928386 0.924394
1.665150e+08 0.995474 0.989822 0.991601 0.988338 0.962572 0.961394 0.976323 0.975016 0.962023 0.956719 0.927050 0.922968
1.665950e+08 0.994778 0.989009 0.990652 0.987346 0.961404 0.960200 0.975284 0.973964 0.960880 0.955570 0.925731 0.921556
1.666750e+08 0.994102 0.988215 0.989726 0.986374 0.960257 0.959019 0.974264 0.972931 0.959752 0.954439 0.924429 0.920159
1.667550e+08 0.993448 0.987441 0.988823 0.985422 0.959131 0.957852 0.973265 0.971919 0.958641 0.953325 0.923145 0.918777
1.668350e+08 0.992816 0.986688 0.987943 0.984491 0.958027 0.956699 0.972288 0.970929 0.957548 0.952230 0.921880 0.917412
1.669150e+08 0.992208 0.985958 0.987088 0.983582 0.956946 0.955562 0.971332 0.969960 0.956472 0.951154 0.920635 0.916064
1.669950e+08 0.991624 0.985250 0.986258 0.982697 0.955890 0.954441 0.970400 0.969015 0.955415 0.950098 0.919411 0.914735
1.670750e+08 0.991065 0.984565 0.985454 0.981835 0.954858 0.953336 0.969490 0.968094 0.954378 0.949063 0.918207 0.913424
1.671550e+08 0.990533 0.983906 0.984678 0.980997 0.953851 0.952250 0.968606 0.967197 0.953361 0.948049 0.917025 0.912132
1.672350e+08 0.990027 0.983271 0.983929 0.980184 0.952871 0.951181 0.967746 0.966324 0.952365 0.947056 0.915865 0.910861
1.673150e+08 0.989549 0.982663 0.983208 0.979397 0.951917 0.950132 0.966911 0.965477 0.951390 0.946086 0.914728 0.909610
1.673950e+08 0.989098 0.982081 0.982515 0.978636 0.950991 0.949102 0.966103 0.964656 0.950437 0.945139 0.913614 0.908381
1.674750e+08 0.988677 0.981527 0.981852 0.977902 0.950092 0.948092 0.965321 0.963862 0.949507 0.944215 0.912523 0.907173
1.675550e+08 0.988285 0.981001 0.981219 0.977195 0.949222 0.947103 0.964566 0.963094 0.948600 0.943314 0.911457 0.905987
1.676350e+08 0.987922 0.980503 0.980616 0.976515 0.948380 0.946135 0.963838 0.962353 0.947717 0.942437 0.910414 0.904824
1.677150e+08 0.987590 0.980034 0.980043 0.975864 0.947568 0.945188 0.963137 0.961640 0.946857 0.941585 0.909397 0.903684
1.677950e+08 0.987288 0.979595 0.979501 0.975240 0.946785 0.944263 0.962465 0.960954 0.946022 0.940757 0.908403 0.902567
1.678750e+08 0.987017 0.979185 0.978990 0.974645 0.946032 0.943361 0.961820 0.960296 0.945211 0.939953 0.907435 0.901474
1.679550e+08 0.986778 0.978805 0.978510 0.974079 0.945308 0.942481 0.961204 0.959665 0.944426 0.939175 0.906492 0.900405
1.680350e+08 0.986570 0.978456 0.978062 0.973541 0.944615 0.941624 0.960616 0.959063 0.943665 0.938421 0.905574 0.899359
1.681150e+08 0.986395 0.978138 0.977645 0.973032 0.943952 0.940790 0.960056 0.958488 0.942929 0.937692 0.904681 0.898338
1.681950e+08 0.986250 0.977850 0.977259 0.972552 0.943318 0.939979 0.959524 0.957941 0.942219 0.936988 0.903813 0.897341
1.682750e+08 0.986139 0.977593 0.976904 0.972101 0.942715 0.939191 0.959021 0.957422 0.941534 0.936309 0.902971 0.896369
1.683550e+08 0.986059 0.977367 0.976580 0.971679 0.942142 0.938427 0.958546 0.956931 0.940874 0.935655 0.902154 0.895420
1.684350e+08 0.986011 0.977173 0.976288 0.971286 0.941599 0.937687 0.958099 0.956466 0.940240 0.935026 0.901361 0.894496
1.685150e+08 0.985995 0.977009 0.976026 0.970920 0.941085 0.936970 0.957680 0.956029 0.939632 0.934420 0.900593 0.893597
1.685950e+08 0.986011 0.976876 0.975794 0.970584 0.940601 0.936276 0.957289 0.955619 0.939048 0.933839 0.899850 0.892721
1.686750e+08 0.986059 0.976774 0.975593 0.970275 0.940147 0.935606 0.956924 0.955235 0.938490 0.933282 0.899131 0.891869
1.687550e+08 0.986138 0.976702 0.975422 0.969993 0.939721 0.934959 0.956587 0.954877 0.937956 0.932749 0.898435 0.891041
1.688350e+08 0.986249 0.976661 0.975279 0.969739 0.939323 0.934335 0.956276 0.954544 0.937447 0.932239 0.897763 0.890236
1.689150e+08 0.986390 0.976650 0.975166 0.969512 0.938954 0.933734 0.955991 0.954237 0.936962 0.931751 0.897115 0.889454
1.689950e+08 0.986562 0.976668 0.975081 0.969311 0.938612 0.933156 0.955731 0.953954 0.936502 0.931286 0.896489 0.888695
1.690750e+08 0.986765 0.976716 0.975023 0.969135 0.938297 0.932599 0.955496 0.953694 0.936065 0.930843 0.895884 0.887958
1.691550e+08 0.986997 0.976792 0.974993 0.968985 0.938008 0.932065 0.955286 0.953458 0.935651 0.930421 0.895302 0.887244
1.692350e+08 0.987258 0.976896 0.974989 0.968859 0.937745 0.931552 0.955099 0.953244 0.935259 0.930019 0.894740 0.886550
1.693150e+08 0.987547 0.977029 0.975010 0.968757 0.937507 0.931060 0.954935 0.953051 0.934890 0.929638 0.894199 0.885878
1.693950e+08 0.987865 0.977188 0.975056 0.968679 0.937293 0.930588 0.954794 0.952879 0.934543 0.929276 0.893678 0.885226
1.694750e+08 0.988210 0.977374 0.975126 0.968622 0.937103 0.930137 0.954673 0.952728 0.934217 0.928933 0.893175 0.884593
1.695550e+08 0.988581 0.977586 0.975219 0.968587 0.936935 0.929705 0.954574 0.952595 0.933911 0.928607 0.892691 0.883980
1.696350e+08 0.988979 0.977822 0.975334 0.968572 0.936789 0.929292 0.954494 0.952481 0.933624 0.928299 0.892225 0.883385
