1.389950e+08 0.995355 0.994099 0.951747 0.951086 0.989042 0.984822 0.971877 0.968400 0.989320 0.989403 1.017828 1.018195
1.390750e+08 0.994871 0.993828 0.951838 0.951291 0.988919 0.984943 0.971964 0.968665 0.989259 0.989494 1.017576 1.018025
1.391550e+08 0.994369 0.993535 0.951907 0.951472 0.988773 0.985042 0.972026 0.968902 0.989179 0.989559 1.017305 1.017832
1.392350e+08 0.993852 0.993219 0.951953 0.951631 0.988605 0.985119 0.972066 0.969112 0.989079 0.989602 1.017014 1.017618
1.393150e+08 0.993319 0.992882 0.951979 0.951768 0.988416 0.985175 0.972083 0.969295 0.988962 0.989621 1.016705 1.017382
1.393950e+08 0.992773 0.992525 0.951986 0.951884 0.988208 0.985210 0.972079 0.969452 0.988829 0.989619 1.016379 1.017128
1.394750e+08 0.992215 0.992149 0.951974 0.951980 0.987981 0.985227 0.972056 0.969585 0.988679 0.989595 1.016037 1.016854
1.395550e+08 0.991645 0.991755 0.951944 0.952058 0.987737 0.985225 0.972013 0.969693 0.988515 0.989552 1.015681 1.016563
1.396350e+08 0.991065 0.991344 0.951899 0.952118 0.987477 0.985206 0.971952 0.969779 0.988338 0.989490 1.015311 1.016256
1.397150e+08 0.990477 0.990918 0.951839 0.952162 0.987202 0.985171 0.971875 0.969843 0.988148 0.989411 1.014928 1.015934
1.397950e+08 0.989881 0.990477 0.951765 0.952191 0.986914 0.985121 0.971782 0.969887 0.987947 0.989314 1.014535 1.015597
1.398750e+08 0.989278 0.990023 0.951678 0.952205 0.986614 0.985056 0.971675 0.969910 0.987736 0.989202 1.014131 1.015248
1.399550e+08 0.988671 0.989557 0.951581 0.952206 0.986303 0.984978 0.971555 0.969915 0.987515 0.989075 1.013720 1.014887
1.400350e+08 0.988059 0.989080 0.951474 0.952196 0.985983 0.984887 0.971422 0.969903 0.987287 0.988934 1.013300 1.014515
1.401150e+08 0.987446 0.988593 0.951358 0.952175 0.985655 0.984786 0.971279 0.969874 0.987053 0.988782 1.012875 1.014135
1.401950e+08 0.986831 0.988098 0.951235 0.952145 0.985321 0.984675 0.971127 0.969830 0.986813 0.988618 1.012445 1.013746
1.402750e+08 0.986216 0.987596 0.951107 0.952107 0.984981 0.984555 0.970966 0.969772 0.986569 0.988444 1.012011 1.013351
1.403550e+08 0.985603 0.987089 0.950973 0.952062 0.984637 0.984427 0.970799 0.969702 0.986321 0.988261 1.011575 1.012950
1.404350e+08 0.984993 0.986576 0.950837 0.952011 0.984291 0.984292 0.970625 0.969620 0.986072 0.988070 1.011139 1.012546
1.405150e+08 0.984387 0.986061 0.950699 0.951956 0.983943 0.984152 0.970447 0.969527 0.985822 0.987873 1.010702 1.012138
1.405950e+08 0.983785 0.985544 0.950560 0.951898 0.983596 0.984008 0.970267 0.969426 0.985573 0.987671 1.010267 1.011728
1.406750e+08 0.983191 0.985026 0.950422 0.951839 0.983251 0.983860 0.970084 0.969317 0.985325 0.987464 1.009835 1.011318
1.407550e+08 0.982604 0.984509 0.950287 0.951778 0.982909 0.983710 0.969901 0.969202 0.985081 0.987255 1.009407 1.010909
1.408350e+08 0.982027 0.983994 0.950155 0.951719 0.982571 0.983559 0.969718 0.969081 0.984840 0.987045 1.008984 1.010502
1.409150e+08 0.981459 0.983482 0.950027 0.951662 0.982239 0.983409 0.969538 0.968957 0.984604 0.986833 1.008568 1.010099
1.409950e+08 0.980903 0.982975 0.949906 0.951608 0.981914 0.983259 0.969361 0.968830 0.984375 0.986623 1.008159 1.009700
1.410750e+08 0.980360 0.982473 0.949792 0.951559 0.981597 0.983112 0.969188 0.968702 0.984153 0.986415 1.007759 1.009306
1.411550e+08 0.979831 0.981979 0.949687 0.951515 0.981290 0.982969 0.969021 0.968574 0.983940 0.986209 1.007370 1.008920
1.412350e+08 0.979317 0.981494 0.949592 0.951478 0.980994 0.982830 0.968861 0.968447 0.983736 0.986009 1.006991 1.008541
1.413150e+08 0.978819 0.981018 0.949508 0.951450 0.980710 0.982697 0.968710 0.968323 0.983544 0.985813 1.006625 1.008172
1.413950e+08 0.978338 0.980552 0.949437 0.951431 0.980440 0.982571 0.968568 0.968203 0.983362 0.985625 1.006272 1.007814
1.414750e+08 0.977875 0.980099 0.949379 0.951423 0.980185 0.982452 0.968436 0.968088 0.983194 0.985444 1.005934 1.007467
1.415550e+08 0.977432 0.979660 0.949336 0.951426 0.979945 0.982342 0.968317 0.967980 0.983040 0.985272 1.005612 1.007132
1.416350e+08 0.977009 0.979234 0.949308 0.951442 0.979723 0.982243 0.968210 0.967879 0.982900 0.985110 1.005306 1.006812
1.417150e+08 0.976607 0.978824 0.949298 0.951472 0.979518 0.982154 0.968117 0.967787 0.982776 0.984960 1.005017 1.006506
1.417950e+08 0.976228 0.978431 0.949306 0.951517 0.979333 0.982077 0.968040 0.967706 0.982669 0.984821 1.004747 1.006215
1.418750e+08 0.975872 0.978056 0.949333 0.951578 0.979168 0.982013 0.967978 0.967635 0.982579 0.984696 1.004497 1.005942
1.419550e+08 0.975539 0.977699 0.949379 0.951656 0.979025 0.981962 0.967934 0.967577 0.982507 0.984585 1.004267 1.005686
1.420350e+08 0.975232 0.977362 0.949447 0.951752 0.978903 0.981926 0.967908 0.967533 0.982455 0.984489 1.004058 1.005449
1.421150e+08 0.974950 0.977046 0.949537 0.951867 0.978805 0.981906 0.967901 0.967503 0.982423 0.984410 1.003870 1.005231
1.421950e+08 0.974694 0.976751 0.949650 0.952002 0.978731 0.981902 0.967914 0.967489 0.982411 0.984347 1.003706 1.005034
1.422750e+08 0.974466 0.976479 0.949787 0.952157 0.978682 0.981915 0.967948 0.967491 0.982421 0.984302 1.003565 1.004857
1.423550e+08 0.974265 0.976231 0.949948 0.952335 0.978659 0.981946 0.968003 0.967511 0.982453 0.984276 1.003447 1.004703
1.424350e+08 0.974093 0.976007 0.950135 0.952534 0.978662 0.981996 0.968082 0.967550 0.982508 0.984270 1.003355 1.004571
1.425150e+08 0.973949 0.975807 0.950347 0.952756 0.978692 0.982065 0.968183 0.967609 0.982586 0.984283 1.003288 1.004462
1.425950e+08 0.973835 0.975634 0.950586 0.953002 0.978750 0.982154 0.968309 0.967688 0.982687 0.984318 1.003246 1.004377
1.426750e+08 0.973750 0.975487 0.950852 0.953273 0.978836 0.982264 0.968459 0.967789 0.982813 0.984375 1.003231 1.004317
1.427550e+08 0.973696 0.975367 0.951147 0.953568 0.978952 0.982395 0.968634 0.967911 0.982964 0.984454 1.003242 1.004282
1.428350e+08 0.973672 0.975275 0.951469 0.953889 0.979097 0.982548 0.968835 0.968057 0.983140 0.984556 1.003280 1.004272
1.429150e+08 0.973679 0.975211 0.951820 0.954237 0.979271 0.982723 0.969063 0.968226 0.983342 0.984681 1.003346 1.004288
1.429950e+08 0.973718 0.975176 0.952201 0.954610 0.979476 0.982920 0.969317 0.968419 0.983570 0.984831 1.003440 1.004330
1.430750e+08 0.973787 0.975171 0.952611 0.955011 0.979712 0.983141 0.969599 0.968638 0.983823 0.985005 1.003561 1.004399
1.431550e+08 0.973888 0.975194 0.953051 0.955439 0.979978 0.983386 0.969908 0.968882 0.984103 0.985203 1.003710 1.004495
1.432350e+08 0.974021 0.975248 0.953521 0.955894 0.980276 0.983654 0.970245 0.969152 0.984410 0.985427 1.003888 1.004619
1.433150e+08 0.974186 0.975332 0.954021 0.956378 0.980605 0.983946 0.970611 0.969448 0.984743 0.985677 1.004094 1.004769
1.433950e+08 0.974382 0.975447 0.954552 0.956890 0.980965 0.984263 0.971004 0.969771 0.985103 0.985952 1.004328 1.004947
1.434750e+08 0.974610 0.975592 0.955113 0.957429 0.981357 0.984604 0.971427 0.970122 0.985489 0.986254 1.004591 1.005153
1.435550e+08 0.974869 0.975768 0.955705 0.957997 0.981780 0.984970 0.971878 0.970500 0.985903 0.986581 1.004881 1.005387
1.436350e+08 0.975160 0.975975 0.956327 0.958594 0.982235 0.985361 0.972358 0.970905 0.986343 0.986935 1.005200 1.005648
1.437150e+08 0.975482 0.976214 0.956980 0.959219 0.982721 0.985777 0.972866 0.971339 0.986809 0.987316 1.005547 1.005937
1.437950e+08 0.975834 0.976483 0.957663 0.959872 0.983237 0.986217 0.973403 0.971801 0.987302 0.987722 1.005921 1.006253
1.438750e+08 0.976218 0.976782 0.958376 0.960554 0.983785 0.986682 0.973969 0.972292 0.987821 0.988156 1.006323 1.006596
1.439550e+08 0.976631 0.977113 0.959119 0.961263 0.984363 0.987172 0.974563 0.972810 0.988366 0.988615 1.006751 1.006967
1.440350e+08 0.977075 0.977474 0.959891 0.962001 0.984971 0.987687 0.975185 0.973357 0.988937 0.989101 1.007207 1.007364
1.441150e+08 0.977547 0.977866 0.960692 0.962766 0.985610 0.988226 0.975835 0.973932 0.989532 0.989612 1.007688 1.007788
1.441950e+08 0.978049 0.978288 0.961522 0.963558 0.986277 0.988789 0.976513 0.974536 0.990153 0.990150 1.008195 1.008239
1.442750e+08 0.978579 0.978739 0.962381 0.964377 0.986973 0.989376 0.977218 0.975167 0.990797 0.990712 1.008727 1.008714
1.443550e+08 0.979136 0.979220 0.963267 0.965223 0.987698 0.989987 0.977950 0.975826 0.991466 0.991300 1.009284 1.009216
1.444350e+08 0.979721 0.979729 0.964180 0.966094 0.988450 0.990621 0.978708 0.976512 0.992158 0.991913 1.009865 1.009741
1.445150e+08 0.980332 0.980267 0.965119 0.966991 0.989229 0.991277 0.979492 0.977225 0.992873 0.992549 1.010469 1.010292
1.445950e+08 0.980968 0.980833 0.966085 0.967913 0.990034 0.991956 0.980301 0.977965 0.993609 0.993210 1.011096 1.010865
1.446750e+08 0.981630 0.981426 0.967075 0.968859 0.990865 0.992657 0.981134 0.978731 0.994368 0.993894 1.011744 1.011462
1.447550e+08 0.982315 0.982046 0.968090 0.969829 0.991720 0.993379 0.981992 0.979523 0.995146 0.994600 1.012414 1.012081
1.448350e+08 0.983024 0.982691 0.969128 0.970822 0.992599 0.994122 0.982873 0.980340 0.995945 0.995329 1.013104 1.012721
1.449150e+08 0.983754 0.983362 0.970189 0.971836 0.993501 0.994885 0.983776 0.981181 0.996763 0.996079 1.013812 1.013382
1.449950e+08 0.984506 0.984057 0.971272 0.972872 0.994425 0.995668 0.984700 0.982047 0.997600 0.996850 1.014540 1.014063
1.450750e+08 0.985279 0.984776 0.972375 0.973929 0.995370 0.996469 0.985646 0.982935 0.998453 0.997641 1.015284 1.014763
1.451550e+08 0.986070 0.985518 0.973498 0.975005 0.996334 0.997288 0.986611 0.983846 0.999324 0.998451 1.016045 1.015481
1.452350e+08 0.986880 0.986281 0.974640 0.976099 0.997318 0.998124 0.987596 0.984779 1.000210 0.999279 1.016822 1.016216
1.453150e+08 0.987707 0.987066 0.975800 0.977212 0.998319 0.998977 0.988598 0.985732 1.001110 1.000125 1.017612 1.016968
1.453950e+08 0.988550 0.987870 0.976976 0.978341 0.999337 0.999845 0.989617 0.986705 1.002025 1.000987 1.018416 1.017735
1.454750e+08 0.989408 0.988694 0.978167 0.979485 1.000370 1.000728 0.990652 0.987697 1.002952 1.001865 1.019233 1.018515
1.455550e+08 0.990280 0.989535 0.979373 0.980645 1.001417 1.001625 0.991702 0.988707 1.003891 1.002757 1.020060 1.019310
1.456350e+08 0.991165 0.990393 0.980591 0.981817 1.002477 1.002535 0.992766 0.989735 1.004840 1.003664 1.020897 1.020116
1.457150e+08 0.992061 0.991267 0.981822 0.983002 1.003549 1.003456 0.993842 0.990778 1.005799 1.004583 1.021742 1.020933
1.457950e+08 0.992967 0.992155 0.983063 0.984198 1.004631 1.004388 0.994930 0.991836 1.006766 1.005513 1.022595 1.021760
1.458750e+08 0.993882 0.993057 0.984313 0.985405 1.005722 1.005331 0.996028 0.992908 1.007740 1.006454 1.023454 1.022595
1.459550e+08 0.994805 0.993971 0.985571 0.986620 1.006821 1.006282 0.997135 0.993992 1.008721 1.007405 1.024318 1.023438
1.460350e+08 0.995734 0.994896 0.986836 0.987842 1.007926 1.007241 0.998250 0.995088 1.009706 1.008363 1.025186 1.024287
1.461150e+08 0.996669 0.995830 0.988106 0.989071 1.009037 1.008206 0.999371 0.996195 1.010695 1.009329 1.026057 1.025141
1.461950e+08 0.997607 0.996774 0.989380 0.990305 1.010151 1.009177 1.000498 0.997310 1.011687 1.010301 1.026928 1.025999
1.462750e+08 0.998548 0.997724 0.990657 0.991542 1.011267 1.010153 1.001628 0.998433 1.012680 1.011277 1.027800 1.026859
1.463550e+08 0.999490 0.998681 0.991935 0.992783 1.012383 1.011132 1.002762 0.999563 1.013673 1.012257 1.028670 1.027721
1.464350e+08 1.000432 0.999642 0.993212 0.994024 1.013500 1.012113 1.003896 1.000698 1.014665 1.013240 1.029537 1.028583
1.465150e+08 1.001372 1.000607 0.994488 0.995265 1.014614 1.013096 1.005031 1.001837 1.015655 1.014223 1.030400 1.029443
1.465950e+08 1.002310 1.001573 0.995761 0.996505 1.015724 1.014078 1.006165 1.002978 1.016641 1.015207 1.031259 1.030301
1.466750e+08 1.003244 1.002541 0.997030 0.997742 1.016830 1.015059 1.007296 1.004121 1.017622 1.016189 1.032110 1.031155
1.467550e+08 1.004173 1.003507 0.998293 0.998974 1.017929 1.016038 1.008423 1.005264 1.018598 1.017168 1.032954 1.032004
1.468350e+08 1.005095 1.004472 0.999549 1.000202 1.019021 1.017013 1.009544 1.006406 1.019566 1.018144 1.033788 1.032847
1.469150e+08 1.006010 1.005434 1.000796 1.001422 1.020104 1.017983 1.010660 1.007545 1.020526 1.019114 1.034613 1.033682
1.469950e+08 1.006915 1.006391 1.002033 1.002635 1.021176 1.018947 1.011767 1.008680 1.021476 1.020079 1.035425 1.034508
1.470750e+08 1.007810 1.007342 1.003259 1.003838 1.022236 1.019904 1.012865 1.009810 1.022416 1.021035 1.036225 1.035324
1.471550e+08 1.008693 1.008287 1.004473 1.005030 1.023282 1.020853 1.013953 1.010933 1.023343 1.021983 1.037010 1.036128
1.472350e+08 1.009563 1.009222 1.005672 1.006211 1.024314 1.021793 1.015028 1.012048 1.024258 1.022921 1.037781 1.036920
1.473150e+08 1.010419 1.010148 1.006856 1.007378 1.025331 1.022722 1.016091 1.013153 1.025158 1.023847 1.038534 1.037698
1.473950e+08 1.011260 1.011063 1.008024 1.008531 1.026329 1.023640 1.017139 1.014248 1.026042 1.024761 1.039270 1.038461
1.474750e+08 1.012085 1.011965 1.009173 1.009667 1.027309 1.024544 1.018172 1.015331 1.026911 1.025661 1.039987 1.039207
1.475550e+08 1.012891 1.012854 1.010303 1.010787 1.028270 1.025435 1.019188 1.016400 1.027761 1.026547 1.040685 1.039936
1.476350e+08 1.013680 1.013728 1.011413 1.011889 1.029209 1.026310 1.020185 1.017455 1.028593 1.027417 1.041361 1.040647
1.477150e+08 1.014448 1.014587 1.012502 1.012971 1.030125 1.027170 1.021164 1.018494 1.029405 1.028269 1.042015 1.041338
1.477950e+08 1.015196 1.015428 1.013567 1.014033 1.031018 1.028013 1.022122 1.019516 1.030196 1.029103 1.042646 1.042008
1.478750e+08 1.015921 1.016250 1.014609 1.015073 1.031887 1.028837 1.023059 1.020520 1.030966 1.029918 1.043252 1.042656
1.479550e+08 1.016624 1.017054 1.015625 1.016090 1.032729 1.029642 1.023972 1.021504 1.031712 1.030713 1.043834 1.043281
1.480350e+08 1.017304 1.017836 1.016616 1.017083 1.033545 1.030427 1.024863 1.022467 1.032436 1.031486 1.044389 1.043883
1.481150e+08 1.017958 1.018597 1.017579 1.018051 1.034333 1.031191 1.025728 1.023408 1.033134 1.032237 1.044918 1.044459
1.481950e+08 1.018587 1.019336 1.018514 1.018994 1.035092 1.031933 1.026568 1.024327 1.033807 1.032965 1.045418 1.045010
1.482750e+08 1.019189 1.020051 1.019420 1.019910 1.035821 1.032652 1.027381 1.025221 1.034454 1.033668 1.045890 1.045534
1.483550e+08 1.019764 1.020741 1.020296 1.020798 1.036519 1.033347 1.028167 1.026091 1.035074 1.034346 1.046333 1.046031
1.484350e+08 1.020312 1.021406 1.021141 1.021657 1.037185 1.034017 1.028924 1.026934 1.035666 1.034998 1.046745 1.046499
1.485150e+08 1.020830 1.022044 1.021954 1.022487 1.037819 1.034662 1.029651 1.027750 1.036230 1.035623 1.047127 1.046938
1.485950e+08 1.021319 1.022656 1.022735 1.023286 1.038420 1.035281 1.030349 1.028539 1.036764 1.036220 1.047477 1.047348
1.486750e+08 1.021779 1.023239 1.023483 1.024055 1.038986 1.035873 1.031016 1.029298 1.037269 1.036789 1.047795 1.047726
1.487550e+08 1.022207 1.023793 1.024197 1.024792 1.039518 1.036438 1.031651 1.030028 1.037743 1.037329 1.048080 1.048074
1.488350e+08 1.022605 1.024318 1.024876 1.025496 1.040015 1.036974 1.032254 1.030727 1.038187 1.037839 1.048332 1.048389
1.489150e+08 1.022971 1.024813 1.025520 1.026167 1.040476 1.037481 1.032824 1.031395 1.038599 1.038319 1.048551 1.048673
1.489950e+08 1.023305 1.025277 1.026128 1.026805 1.040900 1.037959 1.033361 1.032031 1.038979 1.038768 1.048736 1.048923
1.490750e+08 1.023607 1.025710 1.026701 1.027409 1.041287 1.038407 1.033864 1.032635 1.039327 1.039185 1.048886 1.049140
1.491550e+08 1.023876 1.026111 1.027236 1.027978 1.041638 1.038825 1.034332 1.033205 1.039642 1.039570 1.049001 1.049323
1.492350e+08 1.024112 1.026480 1.027735 1.028512 1.041950 1.039212 1.034766 1.033742 1.039924 1.039923 1.049082 1.049472
1.493150e+08 1.024315 1.026815 1.028197 1.029011 1.042225 1.039567 1.035164 1.034244 1.040173 1.040244 1.049128 1.049586
1.493950e+08 1.024484 1.027118 1.028622 1.029475 1.042462 1.039891 1.035528 1.034712 1.040389 1.040531 1.049138 1.049666
1.494750e+08 1.024621 1.027388 1.029008 1.029902 1.042660 1.040183 1.035855 1.035144 1.040571 1.040784 1.049113 1.049711
1.495550e+08 1.024723 1.027623 1.029357 1.030293 1.042820 1.040443 1.036147 1.035541 1.040720 1.041004 1.049052 1.049720
1.496350e+08 1.024792 1.027825 1.029669 1.030649 1.042941 1.040671 1.036403 1.035902 1.040835 1.041190 1.048956 1.049695
1.497150e+08 1.024828 1.027993 1.029942 1.030968 1.043024 1.040866 1.036622 1.036228 1.040915 1.041343 1.048825 1.049634
1.497950e+08 1.024830 1.028127 1.030177 1.031250 1.043069 1.041028 1.036806 1.036517 1.040963 1.041461 1.048658 1.049538
1.498750e+08 1.024799 1.028227 1.030375 1.031496 1.043075 1.041158 1.036953 1.036770 1.040976 1.041545 1.048457 1.049406
1.499550e+08 1.024735 1.028292 1.030536 1.031706 1.043043 1.041255 1.037065 1.036987 1.040956 1.041595 1.048220 1.049239
1.500350e+08 1.024638 1.028324 1.030659 1.031880 1.042973 1.041319 1.037140 1.037168 1.040903 1.041612 1.047949 1.049038
1.501150e+08 1.024508 1.028321 1.030744 1.032019 1.042865 1.041351 1.037180 1.037312 1.040817 1.041594 1.047644 1.048801
1.501950e+08 1.024347 1.028285 1.030794 1.032121 1.042721 1.041350 1.037185 1.037420 1.040698 1.041543 1.047304 1.048530
1.502750e+08 1.024153 1.028215 1.030807 1.032188 1.042539 1.041318 1.037154 1.037492 1.040546 1.041459 1.046932 1.048225
1.503550e+08 1.023929 1.028112 1.030784 1.032220 1.042320 1.041253 1.037089 1.037529 1.040362 1.041341 1.046526 1.047886
1.504350e+08 1.023673 1.027976 1.030725 1.032218 1.042066 1.041156 1.036990 1.037530 1.040147 1.041191 1.046088 1.047513
1.505150e+08 1.023388 1.027807 1.030632 1.032181 1.041777 1.041028 1.036856 1.037496 1.039900 1.041008 1.045618 1.047107
1.505950e+08 1.023072 1.027607 1.030504 1.032111 1.041452 1.040868 1.036689 1.037427 1.039623 1.040793 1.045116 1.046668
1.506750e+08 1.022728 1.027374 1.030343 1.032008 1.041094 1.040678 1.036490 1.037324 1.039316 1.040547 1.044584 1.046198
1.507550e+08 1.022355 1.027111 1.030149 1.031872 1.040702 1.040458 1.036258 1.037187 1.038979 1.040270 1.044022 1.045696
1.508350e+08 1.021955 1.026817 1.029923 1.031704 1.040278 1.040208 1.035995 1.037017 1.038613 1.039962 1.043431 1.045163
1.509150e+08 1.021528 1.026493 1.029665 1.031506 1.039822 1.039929 1.035701 1.036815 1.038219 1.039625 1.042811 1.044600
1.509950e+08 1.021075 1.026140 1.029377 1.031277 1.039335 1.039621 1.035377 1.036580 1.037797 1.039259 1.042163 1.044008
1.510750e+08 1.020597 1.025759 1.029060 1.031018 1.038818 1.039285 1.035024 1.036314 1.037349 1.038864 1.041489 1.043387
1.511550e+08 1.020095 1.025350 1.028713 1.030731 1.038272 1.038922 1.034642 1.036018 1.036875 1.038441 1.040789 1.042738
1.512350e+08 1.019570 1.024914 1.028340 1.030416 1.037698 1.038533 1.034233 1.035692 1.036376 1.037992 1.040065 1.042063
1.513150e+08 1.019022 1.024452 1.027939 1.030074 1.037097 1.038117 1.033797 1.035337 1.035853 1.037517 1.039316 1.041361
1.513950e+08 1.018453 1.023965 1.027513 1.029706 1.036470 1.037676 1.033336 1.034954 1.035306 1.037016 1.038544 1.040634
1.514750e+08 1.017864 1.023454 1.027062 1.029314 1.035818 1.037211 1.032850 1.034544 1.034738 1.036492 1.037751 1.039883
1.515550e+08 1.017255 1.022920 1.026589 1.028897 1.035143 1.036723 1.032341 1.034108 1.034148 1.035944 1.036937 1.039108
1.516350e+08 1.016629 1.022364 1.026092 1.028458 1.034445 1.036212 1.031809 1.033646 1.033537 1.035374 1.036103 1.038311
1.517150e+08 1.015986 1.021786 1.025576 1.027997 1.033726 1.035679 1.031256 1.033161 1.032908 1.034782 1.035250 1.037493
1.517950e+08 1.015327 1.021189 1.025039 1.027515 1.032987 1.035126 1.030682 1.032653 1.032260 1.034170 1.034381 1.036655
1.518750e+08 1.014653 1.020572 1.024484 1.027014 1.032229 1.034552 1.030090 1.032123 1.031595 1.033539 1.033494 1.035798
1.519550e+08 1.013966 1.019938 1.023912 1.026495 1.031454 1.033960 1.029479 1.031573 1.030914 1.032890 1.032593 1.034924
1.520350e+08 1.013267 1.019287 1.023324 1.025959 1.030662 1.033351 1.028852 1.031003 1.030218 1.032224 1.031678 1.034032
1.521150e+08 1.012557 1.018621 1.022721 1.025407 1.029856 1.032725 1.028210 1.030414 1.029508 1.031541 1.030751 1.033125
1.521950e+08 1.011837 1.017941 1.022105 1.024841 1.029037 1.032083 1.027554 1.029809 1.028786 1.030845 1.029812 1.032203
1.522750e+08 1.011109 1.017247 1.021478 1.024262 1.028206 1.031426 1.026884 1.029188 1.028052 1.030134 1.028863 1.031269
1.523550e+08 1.010374 1.016542 1.020840 1.023671 1.027364 1.030756 1.026204 1.028552 1.027309 1.029411 1.027905 1.030322
1.524350e+08 1.009633 1.015827 1.020193 1.023069 1.026513 1.030074 1.025513 1.027903 1.026556 1.028678 1.026940 1.029365
1.525150e+08 1.008888 1.015102 1.019539 1.022458 1.025654 1.029381 1.024813 1.027242 1.025795 1.027934 1.025968 1.028399
1.525950e+08 1.008140 1.014370 1.018879 1.021839 1.024789 1.028678 1.024105 1.026571 1.025028 1.027181 1.024992 1.027424
1.526750e+08 1.007390 1.013631 1.018213 1.021214 1.023919 1.027965 1.023392 1.025890 1.024256 1.026421 1.024011 1.026443
1.527550e+08 1.006639 1.012887 1.017545 1.020583 1.023046 1.027246 1.022673 1.025202 1.023479 1.025655 1.023029 1.025455
1.528350e+08 1.005889 1.012139 1.016875 1.019949 1.022170 1.026519 1.021951 1.024507 1.022700 1.024884 1.022045 1.024464
1.529150e+08 1.005141 1.011389 1.016204 1.019312 1.021294 1.025788 1.021227 1.023807 1.021919 1.024110 1.021061 1.023469
1.529950e+08 1.004397 1.010638 1.015534 1.018675 1.020419 1.025052 1.020502 1.023103 1.021137 1.023333 1.020079 1.022473
1.530750e+08 1.003658 1.009886 1.014867 1.018037 1.019546 1.024313 1.019778 1.022397 1.020357 1.022554 1.019099 1.021476
1.531550e+08 1.002924 1.009137 1.014204 1.017401 1.018677 1.023572 1.019055 1.021690 1.019578 1.021776 1.018124 1.020480
1.532350e+08 1.002198 1.008390 1.013546 1.016768 1.017813 1.022831 1.018336 1.020983 1.018803 1.020999 1.017153 1.019485
1.533150e+08 1.001481 1.007647 1.012894 1.016139 1.016955 1.022090 1.017621 1.020278 1.018032 1.020225 1.016190 1.018494
1.533950e+08 1.000773 1.006909 1.012250 1.015516 1.016105 1.021351 1.016912 1.019576 1.017267 1.019454 1.015233 1.017508
1.534750e+08 1.000076 1.006179 1.011616 1.014900 1.015265 1.020615 1.016211 1.018878 1.016508 1.018689 1.014286 1.016527
1.535550e+08 0.999392 1.005456 1.010993 1.014292 1.014435 1.019883 1.015517 1.018186 1.015758 1.017930 1.013348 1.015553
1.536350e+08 0.998722 1.004743 1.010381 1.013693 1.013617 1.019156 1.014834 1.017501 1.015017 1.017178 1.012422 1.014586
1.537150e+08 0.998066 1.004041 1.009783 1.013106 1.012812 1.018435 1.014161 1.016824 1.014285 1.016434 1.011508 1.013630
1.537950e+08 0.997426 1.003350 1.009199 1.012530 1.012021 1.017722 1.013500 1.016157 1.013566 1.015701 1.010607 1.012683
1.538750e+08 0.996803 1.002672 1.008631 1.011967 1.011246 1.017017 1.012853 1.015500 1.012858 1.014978 1.009721 1.011748
1.539550e+08 0.996198 1.002009 1.008080 1.011418 1.010488 1.016322 1.012220 1.014856 1.012164 1.014267 1.008850 1.010826
1.540350e+08 0.995612 1.001361 1.007547 1.010885 1.009748 1.015637 1.011603 1.014225 1.011485 1.013569 1.007996 1.009917
1.541150e+08 0.995047 1.000729 1.007033 1.010368 1.009027 1.014964 1.011002 1.013608 1.010820 1.012885 1.007159 1.009023
1.541950e+08 0.994502 1.000115 1.006540 1.009869 1.008326 1.014304 1.010419 1.013007 1.010173 1.012216 1.006341 1.008144
1.542750e+08 0.993980 0.999520 1.006068 1.009389 1.007646 1.013657 1.009855 1.012422 1.009542 1.011563 1.005542 1.007283
1.543550e+08 0.993481 0.998945 1.005618 1.008928 1.006989 1.013024 1.009311 1.011855 1.008930 1.010926 1.004763 1.006438
1.544350e+08 0.993006 0.998390 1.005192 1.008488 1.006355 1.012407 1.008787 1.011307 1.008337 1.010308 1.004005 1.005613
1.545150e+08 0.992556 0.997857 1.004790 1.008070 1.005745 1.011806 1.008285 1.010779 1.007764 1.009709 1.003269 1.004806
1.545950e+08 0.992131 0.997347 1.004413 1.007674 1.005161 1.011222 1.007806 1.010271 1.007211 1.009129 1.002556 1.004020
1.546750e+08 0.991733 0.996861 1.004062 1.007301 1.004602 1.010657 1.007350 1.009785 1.006680 1.008569 1.001866 1.003255
1.547550e+08 0.991362 0.996398 1.003739 1.006952 1.004070 1.010110 1.006918 1.009321 1.006171 1.008031 1.001199 1.002511
1.548350e+08 0.991019 0.995961 1.003442 1.006628 1.003565 1.009582 1.006510 1.008881 1.005684 1.007514 1.000557 1.001790
1.549150e+08 0.990704 0.995551 1.003174 1.006330 1.003088 1.009074 1.006129 1.008464 1.005221 1.007020 0.999940 1.001092
1.549950e+08 0.990419 0.995166 1.002935 1.006057 1.002641 1.008587 1.005773 1.008073 1.004782 1.006549 0.999349 1.000418
1.550750e+08 0.990163 0.994809 1.002725 1.005812 1.002222 1.008122 1.005444 1.007706 1.004368 1.006102 0.998784 0.999768
1.551550e+08 0.989937 0.994481 1.002545 1.005594 1.001834 1.007679 1.005143 1.007366 1.003979 1.005678 0.998245 0.999143
1.552350e+08 0.989741 0.994180 1.002396 1.005403 1.001475 1.007258 1.004869 1.007053 1.003615 1.005280 0.997734 0.998543
1.553150e+08 0.989577 0.993909 1.002277 1.005241 1.001148 1.006860 1.004624 1.006766 1.003277 1.004907 0.997249 0.997969
1.553950e+08 0.989444 0.993668 1.002190 1.005108 1.000851 1.006485 1.004407 1.006507 1.002965 1.004559 0.996792 0.997420
1.554750e+08 0.989342 0.993456 1.002134 1.005003 1.000586 1.006135 1.004219 1.006277 1.002679 1.004238 0.996362 0.996899
1.555550e+08 0.989272 0.993275 1.002110 1.004928 1.000353 1.005808 1.004060 1.006075 1.002420 1.003942 0.995960 0.996404
1.556350e+08 0.989234 0.993125 1.002118 1.004883 1.000152 1.005507 1.003931 1.005901 1.002188 1.003673 0.995587 0.995936
1.557150e+08 0.989228 0.993005 1.002158 1.004867 0.999982 1.005230 1.003831 1.005756 1.001984 1.003430 0.995241 0.995495
1.557950e+08 0.989254 0.992917 1.002230 1.004881 0.999845 1.004978 1.003761 1.005641 1.001806 1.003215 0.994923 0.995081
1.558750e+08 0.989313 0.992860 1.002334 1.004925 0.999740 1.004751 1.003721 1.005555 1.001656 1.003026 0.994633 0.994694
1.559550e+08 0.989403 0.992835 1.002471 1.004999 0.999667 1.004549 1.003710 1.005498 1.001533 1.002864 0.994372 0.994335
1.560350e+08 0.989526 0.992841 1.002639 1.005103 0.999625 1.004373 1.003730 1.005470 1.001437 1.002729 0.994137 0.994004
1.561150e+08 0.989681 0.992879 1.002839 1.005237 0.999616 1.004222 1.003778 1.005472 1.001368 1.002620 0.993931 0.993699
1.561950e+08 0.989867 0.992948 1.003071 1.005400 0.999638 1.004097 1.003857 1.005504 1.001326 1.002539 0.993752 0.993422
1.562750e+08 0.990085 0.993049 1.003335 1.005593 0.999691 1.003996 1.003964 1.005564 1.001311 1.002484 0.993600 0.993171
1.563550e+08 0.990334 0.993180 1.003629 1.005814 0.999776 1.003921 1.004100 1.005653 1.001323 1.002455 0.993474 0.992948
1.564350e+08 0.990614 0.993343 1.003954 1.006065 0.999891 1.003872 1.004265 1.005771 1.001360 1.002452 0.993375 0.992750
1.565150e+08 0.990925 0.993537 1.004309 1.006344 1.000036 1.003846 1.004458 1.005917 1.001424 1.002475 0.993302 0.992579
1.565950e+08 0.991265 0.993760 1.004694 1.006652 1.000211 1.003846 1.004679 1.006091 1.001513 1.002523 0.993254 0.992434
1.566750e+08 0.991635 0.994014 1.005108 1.006986 1.000414 1.003870 1.004928 1.006293 1.001627 1.002596 0.993230 0.992314
1.567550e+08 0.992034 0.994297 1.005550 1.007348 1.000647 1.003917 1.005203 1.006522 1.001766 1.002694 0.993231 0.992219
1.568350e+08 0.992462 0.994610 1.006020 1.007737 1.000907 1.003988 1.005504 1.006777 1.001929 1.002815 0.993256 0.992148
1.569150e+08 0.992917 0.994951 1.006518 1.008151 1.001194 1.004082 1.005830 1.007058 1.002115 1.002960 0.993304 0.992101
1.569950e+08 0.993399 0.995320 1.007041 1.008590 1.001508 1.004199 1.006182 1.007364 1.002324 1.003128 0.993374 0.992077
1.570750e+08 0.993908 0.995716 1.007591 1.009054 1.001847 1.004338 1.006557 1.007695 1.002556 1.003317 0.993465 0.992076
1.571550e+08 0.994442 0.996139 1.008164 1.009541 1.002211 1.004498 1.006956 1.008050 1.002809 1.003528 0.993577 0.992096
1.572350e+08 0.995001 0.996588 1.008762 1.010051 1.002599 1.004679 1.007377 1.008428 1.003083 1.003760 0.993709 0.992138
1.573150e+08 0.995584 0.997062 1.009382 1.010584 1.003009 1.004881 1.007820 1.008828 1.003376 1.004012 0.993859 0.992200
1.573950e+08 0.996190 0.997560 1.010025 1.011137 1.003441 1.005102 1.008284 1.009249 1.003689 1.004283 0.994028 0.992281
1.574750e+08 0.996818 0.998082 1.010688 1.011710 1.003895 1.005341 1.008767 1.009691 1.004021 1.004572 0.994214 0.992381
1.575550e+08 0.997467 0.998626 1.011370 1.012302 1.004368 1.005599 1.009269 1.010153 1.004370 1.004878 0.994416 0.992499
1.576350e+08 0.998136 0.999192 1.012071 1.012913 1.004859 1.005874 1.009789 1.010633 1.004735 1.005200 0.994633 0.992634
1.577150e+08 0.998824 0.999779 1.012790 1.013540 1.005369 1.006165 1.010325 1.011130 1.005116 1.005539 0.994865 0.992785
1.577950e+08 0.999530 1.000386 1.013525 1.014184 1.005894 1.006472 1.010877 1.011644 1.005512 1.005891 0.995109 0.992950
1.578750e+08 1.000254 1.001011 1.014274 1.014842 1.006435 1.006794 1.011444 1.012173 1.005921 1.006257 0.995365 0.993129
1.579550e+08 1.000992 1.001653 1.015038 1.015514 1.006990 1.007129 1.012023 1.012716 1.006343 1.006636 0.995632 0.993322
1.580350e+08 1.001746 1.002312 1.015814 1.016198 1.007557 1.007477 1.012615 1.013272 1.006777 1.007025 0.995909 0.993526
1.581150e+08 1.002512 1.002987 1.016601 1.016894 1.008135 1.007836 1.013218 1.013839 1.007221 1.007425 0.996194 0.993740
1.581950e+08 1.003291 1.003675 1.017398 1.017599 1.008724 1.008207 1.013830 1.014418 1.007674 1.007834 0.996486 0.993965
1.582750e+08 1.004081 1.004377 1.018204 1.018313 1.009322 1.008587 1.014451 1.015005 1.008136 1.008251 0.996785 0.994197
1.583550e+08 1.004881 1.005090 1.019016 1.019035 1.009926 1.008976 1.015079 1.015601 1.008605 1.008675 0.997088 0.994437
1.584350e+08 1.005689 1.005814 1.019835 1.019763 1.010537 1.009372 1.015713 1.016203 1.009079 1.009104 0.997395 0.994683
1.585150e+08 1.006504 1.006546 1.020657 1.020496 1.011152 1.009775 1.016351 1.016811 1.009559 1.009538 0.997705 0.994934
1.585950e+08 1.007325 1.007287 1.021483 1.021232 1.011771 1.010184 1.016993 1.017423 1.010042 1.009975 0.998016 0.995189
1.586750e+08 1.008151 1.008035 1.022310 1.021971 1.012391 1.010596 1.017636 1.018037 1.010527 1.010414 0.998327 0.995446
1.587550e+08 1.008980 1.008788 1.023137 1.022710 1.013012 1.011012 1.018280 1.018653 1.011013 1.010853 0.998636 0.995705
1.588350e+08 1.009811 1.009545 1.023963 1.023449 1.013632 1.011430 1.018923 1.019269 1.011500 1.011292 0.998943 0.995963
1.589150e+08 1.010642 1.010304 1.024786 1.024186 1.014249 1.011849 1.019564 1.019884 1.011985 1.011730 0.999246 0.996220
1.589950e+08 1.011473 1.011065 1.025604 1.024919 1.014862 1.012267 1.020202 1.020496 1.012468 1.012164 0.999544 0.996475
1.590750e+08 1.012302 1.011826 1.026417 1.025648 1.015470 1.012684 1.020835 1.021104 1.012947 1.012594 0.999836 0.996726
1.591550e+08 1.013127 1.012586 1.027223 1.026371 1.016072 1.013098 1.021461 1.021707 1.013421 1.013019 1.000120 0.996972
1.592350e+08 1.013948 1.013343 1.028021 1.027087 1.016665 1.013508 1.022080 1.022302 1.013889 1.013437 1.000396 0.997212
1.593150e+08 1.014763 1.014096 1.028808 1.027794 1.017249 1.013914 1.022691 1.022890 1.014350 1.013847 1.000661 0.997445
1.593950e+08 1.015571 1.014844 1.029584 1.028491 1.017822 1.014313 1.023291 1.023468 1.014802 1.014248 1.000915 0.997669
1.594750e+08 1.016370 1.015585 1.030348 1.029177 1.018382 1.014705 1.023879 1.024036 1.015244 1.014639 1.001157 0.997883
1.595550e+08 1.017159 1.016319 1.031097 1.029850 1.018929 1.015089 1.024455 1.024591 1.015676 1.015018 1.001385 0.998086
1.596350e+08 1.017937 1.017043 1.031831 1.030509 1.019461 1.015463 1.025017 1.025133 1.016095 1.015384 1.001598 0.998277
1.597150e+08 1.018703 1.017756 1.032548 1.031153 1.019976 1.015826 1.025563 1.025660 1.016501 1.015737 1.001795 0.998455
1.597950e+08 1.019455 1.018458 1.033246 1.031781 1.020474 1.016177 1.026093 1.026171 1.016893 1.016074 1.001975 0.998618
1.598750e+08 1.020192 1.019147 1.033926 1.032390 1.020953 1.016515 1.026605 1.026665 1.017270 1.016395 1.002137 0.998765
1.599550e+08 1.020914 1.019821 1.034584 1.032981 1.021411 1.016840 1.027098 1.027140 1.017629 1.016699 1.002280 0.998896
1.600350e+08 1.021618 1.020480 1.035221 1.033552 1.021849 1.017149 1.027571 1.027596 1.017971 1.016985 1.002403 0.999008
1.601150e+08 1.022304 1.021122 1.035835 1.034101 1.022264 1.017442 1.028023 1.028031 1.018295 1.017251 1.002504 0.999102
1.601950e+08 1.022970 1.021747 1.036425 1.034628 1.022655 1.017718 1.028452 1.028444 1.018599 1.017497 1.002583 0.999176
1.602750e+08 1.023617 1.022352 1.036989 1.035131 1.023021 1.017976 1.028858 1.028834 1.018881 1.017721 1.002638 0.999229
1.603550e+08 1.024241 1.022937 1.037526 1.035610 1.023361 1.018214 1.029239 1.029200 1.019143 1.017923 1.002669 0.999259
1.604350e+08 1.024843 1.023501 1.038036 1.036063 1.023674 1.018432 1.029595 1.029540 1.019381 1.018101 1.002676 0.999267
1.605150e+08 1.025422 1.024043 1.038518 1.036489 1.023960 1.018629 1.029925 1.029855 1.019596 1.018256 1.002656 0.999251
1.605950e+08 1.025976 1.024561 1.038970 1.036888 1.024216 1.018804 1.030227 1.030142 1.019787 1.018385 1.002609 0.999210
1.606750e+08 1.026505 1.025055 1.039391 1.037259 1.024443 1.018957 1.030501 1.030401 1.019952 1.018488 1.002535 0.999144
1.607550e+08 1.027007 1.025524 1.039782 1.037600 1.024638 1.019085 1.030745 1.030632 1.020092 1.018564 1.002433 0.999051
1.608350e+08 1.027483 1.025967 1.040140 1.037911 1.024802 1.019190 1.030960 1.030832 1.020204 1.018613 1.002302 0.998931
1.609150e+08 1.027930 1.026383 1.040465 1.038191 1.024934 1.019268 1.031144 1.031002 1.020289 1.018634 1.002141 0.998782
1.609950e+08 1.028350 1.026772 1.040757 1.038439 1.025033 1.019321 1.031297 1.031141 1.020346 1.018626 1.001950 0.998606
1.610750e+08 1.028740 1.027131 1.041014 1.038655 1.025097 1.019347 1.031418 1.031248 1.020374 1.018588 1.001728 0.998400
1.611550e+08 1.029100 1.027462 1.041236 1.038838 1.025128 1.019346 1.031506 1.031322 1.020372 1.018520 1.001474 0.998164
1.612350e+08 1.029429 1.027762 1.041423 1.038988 1.025123 1.019317 1.031561 1.031363 1.020341 1.018422 1.001189 0.997897
1.613150e+08 1.029728 1.028032 1.041573 1.039103 1.025083 1.019259 1.031582 1.031371 1.020279 1.018292 1.000872 0.997600
1.613950e+08 1.029995 1.028271 1.041687 1.039184 1.025006 1.019173 1.031570 1.031344 1.020186 1.018131 1.000522 0.997271
1.614750e+08 1.030230 1.028478 1.041764 1.039229 1.024893 1.019056 1.031522 1.031283 1.020061 1.017938 1.000139 0.996911
1.615550e+08 1.030433 1.028653 1.041804 1.039239 1.024744 1.018910 1.031440 1.031186 1.019905 1.017713 0.999723 0.996517
1.616350e+08 1.030603 1.028795 1.041806 1.039214 1.024557 1.018733 1.031322 1.031054 1.019716 1.017455 0.999273 0.996092
1.617150e+08 1.030739 1.028905 1.041771 1.039152 1.024333 1.018526 1.031169 1.030887 1.019496 1.017165 0.998790 0.995633
1.617950e+08 1.030843 1.028981 1.041697 1.039054 1.024071 1.018287 1.030981 1.030684 1.019242 1.016841 0.998273 0.995142
1.618750e+08 1.030913 1.029023 1.041585 1.038920 1.023772 1.018017 1.030756 1.030445 1.018956 1.016485 0.997722 0.994616
1.619550e+08 1.030950 1.029032 1.041435 1.038749 1.023434 1.017715 1.030496 1.030170 1.018636 1.016095 0.997138 0.994058
1.620350e+08 1.030953 1.029006 1.041247 1.038542 1.023059 1.017382 1.030200 1.029859 1.018284 1.015671 0.996519 0.993466
1.621150e+08 1.030922 1.028947 1.041020 1.038298 1.022646 1.017017 1.029867 1.029511 1.017899 1.015215 0.995867 0.992840
1.621950e+08 1.030857 1.028853 1.040756 1.038018 1.022195 1.016620 1.029500 1.029128 1.017480 1.014725 0.995181 0.992181
1.622750e+08 1.030759 1.028725 1.040453 1.037701 1.021707 1.016190 1.029096 1.028709 1.017029 1.014202 0.994461 0.991488
1.623550e+08 1.030627 1.028563 1.040113 1.037348 1.021181 1.015729 1.028657 1.028254 1.016544 1.013646 0.993709 0.990761
1.624350e+08 1.030462 1.028368 1.039735 1.036960 1.020619 1.015236 1.028183 1.027764 1.016027 1.013058 0.992923 0.990002
1.625150e+08 1.030264 1.028138 1.039321 1.036535 1.020019 1.014711 1.027674 1.027239 1.015477 1.012437 0.992105 0.989209
1.625950e+08 1.030033 1.027874 1.038870 1.036075 1.019383 1.014154 1.027130 1.026679 1.014895 1.011783 0.991254 0.988383
1.626750e+08 1.029769 1.027577 1.038382 1.035580 1.018711 1.013566 1.026552 1.026084 1.014281 1.011098 0.990371 0.987525
1.627550e+08 1.029473 1.027248 1.037859 1.035051 1.018003 1.012947 1.025940 1.025456 1.013635 1.010382 0.989457 0.986634
1.628350e+08 1.029146 1.026885 1.037300 1.034487 1.017260 1.012296 1.025296 1.024794 1.012958 1.009634 0.988512 0.985712
1.629150e+08 1.028787 1.026490 1.036708 1.033890 1.016483 1.011615 1.024618 1.024099 1.012249 1.008856 0.987536 0.984758
1.629950e+08 1.028398 1.026063 1.036081 1.033260 1.015672 1.010904 1.023909 1.023372 1.011511 1.008048 0.986531 0.983774
1.630750e+08 1.027979 1.025605 1.035421 1.032598 1.014828 1.010163 1.023168 1.022614 1.010743 1.007211 0.985496 0.982759
1.631550e+08 1.027530 1.025116 1.034729 1.031904 1.013952 1.009393 1.022396 1.021824 1.009945 1.006345 0.984433 0.981714
1.632350e+08 1.027052 1.024598 1.034005 1.031180 1.013044 1.008593 1.021595 1.021005 1.009119 1.005450 0.983342 0.980640
1.633150e+08 1.026547 1.024049 1.033250 1.030425 1.012105 1.007766 1.020764 1.020156 1.008264 1.004529 0.982224 0.979537
1.633950e+08 1.026014 1.023472 1.032466 1.029641 1.011136 1.006910 1.019906 1.019279 1.007383 1.003581 0.981080 0.978407
1.634750e+08 1.025454 1.022867 1.031653 1.028829 1.010138 1.006028 1.019019 1.018374 1.006474 1.002607 0.979911 0.977249
1.635550e+08 1.024869 1.022235 1.030812 1.027989 1.009113 1.005119 1.018106 1.017442 1.005540 1.001608 0.978716 0.976065
1.636350e+08 1.024259 1.021577 1.029944 1.027123 1.008060 1.004184 1.017168 1.016485 1.004581 1.000584 0.977498 0.974856
1.637150e+08 1.023626 1.020893 1.029051 1.026232 1.006981 1.003225 1.016205 1.015503 1.003597 0.999538 0.976258 0.973622
1.637950e+08 1.022969 1.020184 1.028132 1.025315 1.005877 1.002241 1.015218 1.014497 1.002590 0.998469 0.974995 0.972364
1.638750e+08 1.022291 1.019452 1.027191 1.024376 1.004750 1.001234 1.014209 1.013469 1.001561 0.997379 0.973712 0.971083
1.639550e+08 1.021592 1.018698 1.026227 1.023414 1.003599 1.000204 1.013179 1.012420 1.000510 0.996269 0.972408 0.969779
1.640350e+08 1.020873 1.017922 1.025242 1.022431 1.002428 0.999152 1.012128 1.011350 0.999438 0.995139 0.971087 0.968455
1.641150e+08 1.020135 1.017125 1.024237 1.021428 1.001235 0.998080 1.011059 1.010261 0.998347 0.993991 0.969747 0.967111
1.641950e+08 1.019380 1.016309 1.023214 1.020406 1.000024 0.996987 1.009971 1.009154 0.997238 0.992826 0.968391 0.965748
1.642750e+08 1.018608 1.015475 1.022173 1.019366 0.998795 0.995876 1.008866 1.008030 0.996111 0.991644 0.967019 0.964367
1.643550e+08 1.017821 1.014624 1.021116 1.018310 0.997550 0.994747 1.007746 1.006891 0.994967 0.990448 0.965633 0.962968
1.644350e+08 1.017020 1.013757 1.020045 1.017239 0.996289 0.993601 1.006612 1.005737 0.993808 0.989237 0.964234 0.961554
1.645150e+08 1.016207 1.012876 1.018960 1.016153 0.995014 0.992439 1.005465 1.004571 0.992635 0.988014 0.962822 0.960125
1.645950e+08 1.015382 1.011980 1.017864 1.015055 0.993726 0.991262 1.004306 1.003393 0.991448 0.986779 0.961400 0.958683
1.646750e+08 1.014546 1.011073 1.016757 1.013946 0.992428 0.990071 1.003136 1.002204 0.990249 0.985534 0.959968 0.957228
1.647550e+08 1.013702 1.010155 1.015641 1.012827 0.991119 0.988867 1.001957 1.001007 0.989040 0.984279 0.958527 0.955761
1.648350e+08 1.012850 1.009227 1.014517 1.011699 0.989802 0.987652 1.000771 0.999801 0.987821 0.983017 0.957079 0.954285
1.649150e+08 1.011991 1.008290 1.013387 1.010564 0.988477 0.986426 0.999577 0.998590 0.986593 0.981747 0.955625 0.952799
1.649950e+08 1.011127 1.007347 1.012252 1.009423 0.987147 0.985190 0.998379 0.997373 0.985358 0.980472 0.954166 0.951305
1.650750e+08 1.010260 1.006398 1.011113 1.008277 0.985813 0.983946 0.997176 0.996152 0.984116 0.979192 0.952703 0.949805
1.651550e+08 1.009390 1.005444 1.009973 1.007127 0.984475 0.982695 0.995972 0.994929 0.982870 0.977909 0.951237 0.948299
1.652350e+08 1.008518 1.004488 1.008832 1.005976 0.983136 0.981438 0.994765 0.993706 0.981619 0.976624 0.949771 0.946789
1.653150e+08 1.007647 1.003529 1.007691 1.004824 0.981796 0.980175 0.993559 0.992482 0.980366 0.975338 0.948304 0.945276
1.653950e+08 1.006778 1.002570 1.006553 1.003673 0.980458 0.978909 0.992354 0.991260 0.979111 0.974052 0.946838 0.943760
1.654750e+08 1.005911 1.001612 1.005419 1.002523 0.979122 0.977640 0.991152 0.990041 0.977857 0.972768 0.945374 0.942244
1.655550e+08 1.005048 1.000656 1.004289 1.001377 0.977790 0.976369 0.989954 0.988826 0.976602 0.971486 0.943913 0.940728
1.656350e+08 1.004191 0.999704 1.003166 1.000236 0.976463 0.975098 0.988760 0.987616 0.975350 0.970208 0.942457 0.939213
1.657150e+08 1.003340 0.998756 1.002051 0.999100 0.975143 0.973828 0.987574 0.986413 0.974101 0.968936 0.941007 0.937702
1.657950e+08 1.002497 0.997815 1.000944 0.997972 0.973830 0.972559 0.986395 0.985218 0.972857 0.967669 0.939564 0.936194
1.658750e+08 1.001664 0.996881 0.999848 0.996852 0.972527 0.971293 0.985225 0.984032 0.971618 0.966409 0.938128 0.934690
1.659550e+08 1.000841 0.995955 0.998764 0.995742 0.971234 0.970031 0.984065 0.982857 0.970385 0.965158 0.936701 0.933193
1.660350e+08 1.000030 0.995040 0.997692 0.994642 0.969952 0.968774 0.982916 0.981693 0.969160 0.963916 0.935284 0.931703
1.661150e+08 0.999232 0.994136 0.996635 0.993555 0.968683 0.967523 0.981780 0.980542 0.967943 0.962685 0.933879 0.930221
1.661950e+08 0.998447 0.993243 0.995593 0.992481 0.967429 0.966279 0.980657 0.979405 0.966737 0.961465 0.932485 0.928748
1.662750e+08 0.997678 0.992365 0.994568 0.991421 0.966189 0.965043 0.979549 0.978283 0.965541 0.960257 0.931104 0.927285
1.663550e+08 0.996926 0.991501 0.993560 0.990377 0.964966 0.963816 0.978457 0.977177 0.964357 0.959063 0.929737 0.925834
1.664350e+08 0.996191 0.990653 0.992571 0.989349 0.963760 0.962599 0.977381 0.976087 0.963186 0.957883 0.928386 0.924395
1.665150e+08 0.995475 0.989822 0.991602 0.988338 0.962572 0.961394 0.976323 0.975016 0.962028 0.956719 0.927050 0.922968
1.665950e+08 0.994778 0.989009 0.990654 0.987346 0.961404 0.960200 0.975284 0.973963 0.960886 0.955570 0.925730 0.921556
1.666750e+08 0.994102 0.988215 0.989727 0.986374 0.960257 0.959019 0.974264 0.972931 0.959759 0.954439 0.924428 0.920159
1.667550e+08 0.993448 0.987441 0.988824 0.985422 0.959131 0.957852 0.973265 0.971919 0.958648 0.953325 0.923145 0.918777
1.668350e+08 0.992816 0.986689 0.987944 0.984491 0.958027 0.956699 0.972288 0.970928 0.957554 0.952230 0.921880 0.917412
1.669150e+08 0.992208 0.985958 0.987089 0.983582 0.956946 0.955562 0.971332 0.969960 0.956479 0.951154 0.920635 0.916064
1.669950e+08 0.991624 0.985250 0.986259 0.982697 0.955889 0.954441 0.970400 0.969015 0.955422 0.950098 0.919410 0.914735
1.670750e+08 0.991066 0.984566 0.985455 0.981835 0.954857 0.953336 0.969490 0.968093 0.954385 0.949063 0.918207 0.913424
1.671550e+08 0.990533 0.983906 0.984679 0.980997 0.953851 0.952250 0.968606 0.967196 0.953369 0.948049 0.917025 0.912132
1.672350e+08 0.990027 0.983271 0.983930 0.980184 0.952871 0.951181 0.967746 0.966324 0.952373 0.947056 0.915865 0.910861
1.673150e+08 0.989549 0.982663 0.983209 0.979397 0.951917 0.950132 0.966911 0.965477 0.951398 0.946086 0.914728 0.909610
1.673950e+08 0.989099 0.982082 0.982517 0.978636 0.950990 0.949102 0.966103 0.964656 0.950446 0.945139 0.913613 0.908381
1.674750e+08 0.988677 0.981527 0.981854 0.977902 0.950092 0.948092 0.965321 0.963861 0.949516 0.944215 0.912523 0.907173
1.675550e+08 0.988285 0.981001 0.981220 0.977195 0.949222 0.947103 0.964566 0.963094 0.948610 0.943314 0.911456 0.905987
1.676350e+08 0.987923 0.980503 0.980617 0.976515 0.948380 0.946135 0.963838 0.962353 0.947727 0.942438 0.910414 0.904824
1.677150e+08 0.987590 0.980034 0.980045 0.975864 0.947568 0.945188 0.963137 0.961639 0.946868 0.941585 0.909396 0.903684
1.677950e+08 0.987289 0.979595 0.979503 0.975240 0.946785 0.944263 0.962465 0.960953 0.946033 0.940757 0.908403 0.902567
1.678750e+08 0.987018 0.979185 0.978992 0.974645 0.946032 0.943361 0.961820 0.960295 0.945222 0.939954 0.907435 0.901474
1.679550e+08 0.986779 0.978805 0.978512 0.974079 0.945308 0.942481 0.961204 0.959665 0.944437 0.939175 0.906491 0.900405
1.680350e+08 0.986571 0.978456 0.978063 0.973541 0.944615 0.941624 0.960616 0.959062 0.943676 0.938421 0.905573 0.899360
1.681150e+08 0.986395 0.978138 0.977646 0.973032 0.943951 0.940790 0.960056 0.958488 0.942941 0.937692 0.904681 0.898338
1.681950e+08 0.986251 0.977850 0.977260 0.972552 0.943318 0.939979 0.959524 0.957941 0.942231 0.936989 0.903813 0.897341
1.682750e+08 0.986139 0.977593 0.976905 0.972101 0.942715 0.939191 0.959021 0.957422 0.941547 0.936310 0.902970 0.896369
1.683550e+08 0.986059 0.977367 0.976581 0.971679 0.942142 0.938427 0.958546 0.956930 0.940887 0.935655 0.902153 0.895421
1.684350e+08 0.986012 0.977173 0.976289 0.971286 0.941599 0.937687 0.958099 0.956466 0.940254 0.935026 0.901360 0.894497
1.685150e+08 0.985996 0.977009 0.976027 0.970920 0.941085 0.936970 0.957680 0.956029 0.939645 0.934421 0.900593 0.893597
1.685950e+08 0.986012 0.976876 0.975796 0.970584 0.940601 0.936276 0.957289 0.955619 0.939062 0.933840 0.899849 0.892721
1.686750e+08 0.986060 0.976774 0.975594 0.970275 0.940146 0.935606 0.956924 0.955235 0.938504 0.933283 0.899130 0.891869
1.687550e+08 0.986139 0.976702 0.975423 0.969993 0.939720 0.934959 0.956587 0.954877 0.937971 0.932749 0.898435 0.891041
1.688350e+08 0.986250 0.976661 0.975281 0.969739 0.939323 0.934335 0.956276 0.954544 0.937463 0.932239 0.897763 0.890236
1.689150e+08 0.986391 0.976650 0.975167 0.969512 0.938953 0.933734 0.955991 0.954236 0.936978 0.931752 0.897114 0.889454
1.689950e+08 0.986563 0.976668 0.975082 0.969311 0.938611 0.933155 0.955731 0.953953 0.936518 0.931286 0.896488 0.888695
1.690750e+08 0.986766 0.976716 0.975024 0.969135 0.938296 0.932599 0.955496 0.953694 0.936081 0.930843 0.895884 0.887959
1.691550e+08 0.986997 0.976792 0.974994 0.968985 0.938007 0.932064 0.955286 0.953457 0.935668 0.930421 0.895301 0.887244
1.692350e+08 0.987259 0.976897 0.974990 0.968859 0.937744 0.931551 0.955099 0.953243 0.935277 0.930020 0.894740 0.886550
1.693150e+08 0.987548 0.977029 0.975011 0.968757 0.937506 0.931059 0.954935 0.953051 0.934908 0.929638 0.894199 0.885878
1.693950e+08 0.987866 0.977188 0.975057 0.968679 0.937293 0.930588 0.954793 0.952879 0.934561 0.929276 0.893677 0.885226
1.694750e+08 0.988211 0.977374 0.975127 0.968622 0.937102 0.930137 0.954673 0.952727 0.934235 0.928933 0.893175 0.884593
1.695550e+08 0.988582 0.977586 0.975220 0.968587 0.936934 0.929705 0.954573 0.952595 0.933930 0.928608 0.892691 0.883980
1.696350e+08 0.988980 0.977822 0.975335 0.968572 0.936789 0.929292 0.954493 0.952480 0.933644 0.928299 0.892224 0.883385
