1.389950e+08 0.977670 0.980424 0.933124 0.939585 0.971555 0.976161 0.953148 0.958916 0.973805 0.978110 1.006004 1.011941
1.390750e+08 0.977472 0.980425 0.933460 0.939997 0.971631 0.976339 0.953546 0.959359 0.973914 0.978343 1.006007 1.011928
1.391550e+08 0.977258 0.980401 0.933774 0.940388 0.971687 0.976494 0.953919 0.959777 0.974008 0.978553 1.005987 1.011892
1.392350e+08 0.977029 0.980353 0.934067 0.940757 0.971723 0.976627 0.954268 0.960171 0.974089 0.978741 1.005945 1.011832
1.393150e+08 0.976787 0.980282 0.934339 0.941107 0.971742 0.976739 0.954595 0.960541 0.974156 0.978910 1.005880 1.011751
1.393950e+08 0.976532 0.980189 0.934592 0.941436 0.971744 0.976831 0.954899 0.960888 0.974211 0.979059 1.005795 1.011649
1.394750e+08 0.976265 0.980074 0.934826 0.941747 0.971729 0.976904 0.955182 0.961213 0.974255 0.979189 1.005690 1.011526
1.395550e+08 0.975988 0.979939 0.935043 0.942040 0.971700 0.976958 0.955444 0.961517 0.974289 0.979302 1.005567 1.011385
1.396350e+08 0.975701 0.979785 0.935243 0.942316 0.971657 0.976996 0.955687 0.961801 0.974314 0.979398 1.005426 1.011226
1.397150e+08 0.975405 0.979612 0.935428 0.942576 0.971602 0.977018 0.955911 0.962065 0.974330 0.979479 1.005269 1.011049
1.397950e+08 0.975101 0.979421 0.935599 0.942822 0.971536 0.977026 0.956118 0.962310 0.974339 0.979545 1.005096 1.010858
1.398750e+08 0.974790 0.979214 0.935756 0.943053 0.971459 0.977019 0.956308 0.962538 0.974341 0.979597 1.004909 1.010651
1.399550e+08 0.974474 0.978992 0.935901 0.943271 0.971374 0.977001 0.956483 0.962749 0.974338 0.979636 1.004709 1.010431
1.400350e+08 0.974154 0.978755 0.936035 0.943478 0.971281 0.976972 0.956644 0.962944 0.974331 0.979664 1.004497 1.010198
1.401150e+08 0.973830 0.978505 0.936159 0.943674 0.971181 0.976932 0.956791 0.963124 0.974321 0.979682 1.004274 1.009955
1.401950e+08 0.973503 0.978242 0.936274 0.943859 0.971077 0.976885 0.956925 0.963291 0.974308 0.979690 1.004042 1.009701
1.402750e+08 0.973176 0.977969 0.936381 0.944037 0.970968 0.976829 0.957049 0.963445 0.974294 0.979689 1.003801 1.009438
1.403550e+08 0.972848 0.977686 0.936482 0.944206 0.970857 0.976768 0.957163 0.963587 0.974280 0.979682 1.003554 1.009168
1.404350e+08 0.972521 0.977395 0.936577 0.944369 0.970745 0.976702 0.957268 0.963719 0.974266 0.979668 1.003301 1.008892
1.405150e+08 0.972196 0.977096 0.936669 0.944526 0.970633 0.976633 0.957365 0.963842 0.974255 0.979650 1.003043 1.008611
1.405950e+08 0.971874 0.976791 0.936757 0.944679 0.970521 0.976561 0.957456 0.963955 0.974245 0.979628 1.002781 1.008325
1.406750e+08 0.971556 0.976480 0.936843 0.944829 0.970413 0.976487 0.957541 0.964062 0.974240 0.979602 1.002518 1.008037
1.407550e+08 0.971243 0.976167 0.936929 0.944977 0.970307 0.976415 0.957622 0.964163 0.974239 0.979576 1.002254 1.007747
1.408350e+08 0.970937 0.975850 0.937015 0.945123 0.970207 0.976343 0.957700 0.964258 0.974244 0.979548 1.001990 1.007458
1.409150e+08 0.970638 0.975532 0.937103 0.945270 0.970112 0.976275 0.957776 0.964349 0.974255 0.979522 1.001728 1.007169
1.409950e+08 0.970347 0.975214 0.937193 0.945417 0.970025 0.976210 0.957852 0.964438 0.974274 0.979497 1.001469 1.006882
1.410750e+08 0.970065 0.974898 0.937288 0.945567 0.969947 0.976150 0.957928 0.964525 0.974301 0.979475 1.001213 1.006599
1.411550e+08 0.969794 0.974583 0.937387 0.945720 0.969877 0.976097 0.958006 0.964611 0.974337 0.979457 1.000963 1.006320
1.412350e+08 0.969534 0.974272 0.937493 0.945878 0.969819 0.976051 0.958086 0.964698 0.974383 0.979443 1.000720 1.006047
1.413150e+08 0.969287 0.973966 0.937606 0.946041 0.969772 0.976014 0.958171 0.964787 0.974440 0.979436 1.000484 1.005781
1.413950e+08 0.969052 0.973666 0.937728 0.946210 0.969739 0.975987 0.958260 0.964878 0.974510 0.979436 1.000256 1.005523
1.414750e+08 0.968832 0.973374 0.937859 0.946387 0.969719 0.975970 0.958356 0.964973 0.974591 0.979444 1.000039 1.005275
1.415550e+08 0.968627 0.973089 0.938001 0.946572 0.969714 0.975966 0.958459 0.965073 0.974686 0.979461 0.999832 1.005036
1.416350e+08 0.968437 0.972814 0.938154 0.946767 0.969725 0.975975 0.958571 0.965179 0.974795 0.979488 0.999638 1.004809
1.417150e+08 0.968264 0.972549 0.938320 0.946972 0.969754 0.975998 0.958692 0.965292 0.974919 0.979526 0.999456 1.004594
1.417950e+08 0.968109 0.972297 0.938500 0.947188 0.969800 0.976036 0.958823 0.965413 0.975058 0.979576 0.999289 1.004392
1.418750e+08 0.967971 0.972057 0.938694 0.947417 0.969864 0.976090 0.958966 0.965543 0.975214 0.979639 0.999137 1.004205
1.419550e+08 0.967853 0.971831 0.938904 0.947659 0.969949 0.976162 0.959122 0.965683 0.975386 0.979716 0.999000 1.004034
1.420350e+08 0.967755 0.971620 0.939130 0.947915 0.970054 0.976251 0.959290 0.965835 0.975576 0.979807 0.998881 1.003878
1.421150e+08 0.967676 0.971424 0.939373 0.948185 0.970180 0.976359 0.959474 0.965997 0.975783 0.979914 0.998779 1.003740
1.421950e+08 0.967619 0.971246 0.939635 0.948472 0.970328 0.976487 0.959672 0.966173 0.976009 0.980036 0.998697 1.003619
1.422750e+08 0.967583 0.971086 0.939915 0.948775 0.970499 0.976636 0.959887 0.966363 0.976254 0.980176 0.998633 1.003518
1.423550e+08 0.967569 0.970944 0.940215 0.949095 0.970693 0.976806 0.960119 0.966567 0.976518 0.980334 0.998590 1.003436
1.424350e+08 0.967578 0.970822 0.940536 0.949433 0.970911 0.976997 0.960368 0.966786 0.976802 0.980509 0.998567 1.003374
1.425150e+08 0.967610 0.970720 0.940877 0.949789 0.971154 0.977211 0.960636 0.967021 0.977107 0.980704 0.998567 1.003333
1.425950e+08 0.967666 0.970640 0.941241 0.950165 0.971421 0.977449 0.960923 0.967274 0.977431 0.980918 0.998588 1.003314
1.426750e+08 0.967745 0.970581 0.941626 0.950561 0.971714 0.977710 0.961231 0.967544 0.977777 0.981152 0.998632 1.003317
1.427550e+08 0.967849 0.970545 0.942034 0.950976 0.972033 0.977995 0.961558 0.967832 0.978143 0.981407 0.998700 1.003342
1.428350e+08 0.967977 0.970533 0.942466 0.951413 0.972378 0.978305 0.961907 0.968139 0.978531 0.981683 0.998791 1.003391
1.429150e+08 0.968130 0.970545 0.942922 0.951871 0.972749 0.978640 0.962278 0.968465 0.978940 0.981980 0.998907 1.003464
1.429950e+08 0.968309 0.970581 0.943402 0.952351 0.973147 0.979001 0.962671 0.968811 0.979371 0.982300 0.999047 1.003561
1.430750e+08 0.968512 0.970643 0.943906 0.952852 0.973573 0.979388 0.963086 0.969178 0.979823 0.982641 0.999212 1.003682
1.431550e+08 0.968741 0.970730 0.944436 0.953377 0.974025 0.979800 0.963525 0.969566 0.980297 0.983005 0.999402 1.003828
1.432350e+08 0.968995 0.970843 0.944990 0.953924 0.974504 0.980239 0.963987 0.969976 0.980792 0.983392 0.999618 1.003999
1.433150e+08 0.969274 0.970983 0.945571 0.954494 0.975011 0.980704 0.964473 0.970407 0.981310 0.983801 0.999860 1.004195
1.433950e+08 0.969580 0.971149 0.946177 0.955087 0.975545 0.981196 0.964983 0.970860 0.981848 0.984234 1.000127 1.004417
1.434750e+08 0.969910 0.971343 0.946808 0.955703 0.976106 0.981714 0.965518 0.971335 0.982409 0.984690 1.000420 1.004664
1.435550e+08 0.970266 0.971564 0.947466 0.956343 0.976694 0.982259 0.966076 0.971833 0.982990 0.985170 1.000738 1.004937
1.436350e+08 0.970647 0.971812 0.948150 0.957007 0.977309 0.982830 0.966660 0.972354 0.983593 0.985672 1.001083 1.005235
1.437150e+08 0.971053 0.972088 0.948859 0.957694 0.977951 0.983428 0.967268 0.972898 0.984217 0.986198 1.001453 1.005559
1.437950e+08 0.971483 0.972392 0.949595 0.958404 0.978619 0.984051 0.967901 0.973464 0.984861 0.986747 1.001849 1.005908
1.438750e+08 0.971939 0.972724 0.950356 0.959138 0.979313 0.984701 0.968558 0.974054 0.985525 0.987319 1.002270 1.006282
1.439550e+08 0.972418 0.973084 0.951143 0.959896 0.980033 0.985377 0.969240 0.974667 0.986209 0.987914 1.002716 1.006681
1.440350e+08 0.972921 0.973471 0.951955 0.960676 0.980778 0.986077 0.969946 0.975303 0.986913 0.988531 1.003187 1.007105
1.441150e+08 0.973447 0.973886 0.952792 0.961479 0.981548 0.986803 0.970677 0.975961 0.987635 0.989171 1.003682 1.007554
1.441950e+08 0.973997 0.974328 0.953654 0.962306 0.982342 0.987553 0.971431 0.976642 0.988377 0.989832 1.004202 1.008026
1.442750e+08 0.974569 0.974798 0.954540 0.963154 0.983159 0.988327 0.972210 0.977346 0.989136 0.990516 1.004745 1.008522
1.443550e+08 0.975163 0.975294 0.955451 0.964024 0.984000 0.989125 0.973011 0.978072 0.989913 0.991220 1.005311 1.009041
1.444350e+08 0.975778 0.975818 0.956385 0.964917 0.984863 0.989946 0.973836 0.978820 0.990706 0.991946 1.005899 1.009583
1.445150e+08 0.976414 0.976367 0.957342 0.965830 0.985748 0.990788 0.974683 0.979590 0.991516 0.992691 1.006509 1.010147
1.445950e+08 0.977069 0.976942 0.958322 0.966764 0.986653 0.991653 0.975553 0.980381 0.992342 0.993457 1.007141 1.010732
1.446750e+08 0.977745 0.977542 0.959323 0.967718 0.987579 0.992538 0.976444 0.981192 0.993182 0.994241 1.007793 1.011338
1.447550e+08 0.978439 0.978168 0.960346 0.968692 0.988524 0.993443 0.977356 0.982024 0.994037 0.995044 1.008465 1.011964
1.448350e+08 0.979151 0.978817 0.961390 0.969684 0.989487 0.994368 0.978288 0.982876 0.994905 0.995865 1.009156 1.012610
1.449150e+08 0.979880 0.979490 0.962453 0.970695 0.990468 0.995311 0.979241 0.983747 0.995785 0.996703 1.009865 1.013274
1.449950e+08 0.980625 0.980186 0.963536 0.971724 0.991465 0.996271 0.980212 0.984636 0.996678 0.997558 1.010591 1.013956
1.450750e+08 0.981386 0.980904 0.964637 0.972770 0.992477 0.997248 0.981202 0.985544 0.997582 0.998428 1.011333 1.014655
1.451550e+08 0.982162 0.981644 0.965755 0.973831 0.993504 0.998241 0.982209 0.986468 0.998496 0.999313 1.012092 1.015369
1.452350e+08 0.982951 0.982404 0.966890 0.974909 0.994544 0.999248 0.983233 0.987409 0.999419 1.000212 1.012864 1.016099
1.453150e+08 0.983753 0.983185 0.968041 0.976000 0.995597 1.000268 0.984272 0.988366 1.000350 1.001124 1.013650 1.016843
1.453950e+08 0.984567 0.983984 0.969207 0.977106 0.996660 1.001301 0.985327 0.989338 1.001289 1.002048 1.014449 1.017600
1.454750e+08 0.985392 0.984801 0.970386 0.978224 0.997734 1.002346 0.986396 0.990324 1.002235 1.002983 1.015259 1.018369
1.455550e+08 0.986227 0.985636 0.971579 0.979354 0.998816 1.003400 0.987478 0.991323 1.003186 1.003929 1.016079 1.019149
1.456350e+08 0.987070 0.986486 0.972783 0.980495 0.999906 1.004464 0.988572 0.992334 1.004142 1.004883 1.016908 1.019939
1.457150e+08 0.987921 0.987352 0.973997 0.981645 1.001002 1.005535 0.989676 0.993357 1.005101 1.005847 1.017745 1.020738
1.457950e+08 0.988779 0.988232 0.975222 0.982805 1.002104 1.006613 0.990791 0.994390 1.006063 1.006817 1.018589 1.021544
1.458750e+08 0.989643 0.989125 0.976455 0.983973 1.003209 1.007697 0.991915 0.995432 1.007026 1.007793 1.019438 1.022357
1.459550e+08 0.990511 0.990030 0.977695 0.985147 1.004318 1.008785 0.993047 0.996483 1.007990 1.008775 1.020292 1.023176
1.460350e+08 0.991383 0.990946 0.978942 0.986328 1.005427 1.009875 0.994186 0.997542 1.008954 1.009760 1.021149 1.023998
1.461150e+08 0.992257 0.991871 0.980194 0.987512 1.006537 1.010967 0.995330 0.998606 1.009916 1.010749 1.022008 1.024823
1.461950e+08 0.993133 0.992805 0.981449 0.988701 1.007645 1.012060 0.996478 0.999676 1.010876 1.011739 1.022868 1.025650
1.462750e+08 0.994009 0.993746 0.982707 0.989892 1.008751 1.013152 0.997630 1.000750 1.011832 1.012730 1.023727 1.026477
1.463550e+08 0.994884 0.994694 0.983967 0.991084 1.009853 1.014241 0.998783 1.001826 1.012783 1.013720 1.024584 1.027304
1.464350e+08 0.995757 0.995646 0.985227 0.992277 1.010950 1.015327 0.999938 1.002905 1.013729 1.014708 1.025439 1.028129
1.465150e+08 0.996627 0.996602 0.986486 0.993469 1.012040 1.016408 1.001092 1.003984 1.014668 1.015694 1.026289 1.028950
1.465950e+08 0.997493 0.997560 0.987743 0.994658 1.013123 1.017483 1.002245 1.005063 1.015599 1.016676 1.027133 1.029767
1.466750e+08 0.998353 0.998520 0.988997 0.995845 1.014197 1.018550 1.003395 1.006140 1.016521 1.017652 1.027970 1.030578
1.467550e+08 0.999207 0.999480 0.990246 0.997027 1.015261 1.019609 1.004540 1.007215 1.017434 1.018623 1.028799 1.031382
1.468350e+08 1.000054 1.000438 0.991489 0.998203 1.016313 1.020657 1.005681 1.008285 1.018336 1.019585 1.029619 1.032178
1.469150e+08 1.000892 1.001394 0.992725 0.999373 1.017352 1.021694 1.006815 1.009351 1.019226 1.020539 1.030428 1.032964
1.469950e+08 1.001720 1.002346 0.993952 1.000535 1.018377 1.022719 1.007942 1.010410 1.020104 1.021484 1.031225 1.033740
1.470750e+08 1.002538 1.003293 0.995170 1.001688 1.019387 1.023730 1.009059 1.011462 1.020967 1.022417 1.032009 1.034503
1.471550e+08 1.003344 1.004233 0.996377 1.002830 1.020381 1.024725 1.010166 1.012505 1.021816 1.023339 1.032779 1.035254
1.472350e+08 1.004138 1.005166 0.997573 1.003962 1.021357 1.025705 1.011262 1.013538 1.022649 1.024247 1.033533 1.035990
1.473150e+08 1.004917 1.006090 0.998755 1.005081 1.022314 1.026666 1.012346 1.014561 1.023466 1.025141 1.034271 1.036711
1.473950e+08 1.005682 1.007005 0.999923 1.006187 1.023251 1.027610 1.013416 1.015571 1.024265 1.026020 1.034991 1.037415
1.474750e+08 1.006432 1.007908 1.001075 1.007278 1.024167 1.028533 1.014470 1.016568 1.025046 1.026883 1.035692 1.038101
1.475550e+08 1.007164 1.008798 1.002210 1.008353 1.025061 1.029435 1.015509 1.017552 1.025807 1.027728 1.036373 1.038769
1.476350e+08 1.007880 1.009675 1.003328 1.009412 1.025932 1.030315 1.016531 1.018519 1.026549 1.028554 1.037033 1.039416
1.477150e+08 1.008577 1.010537 1.004427 1.010453 1.026779 1.031173 1.017535 1.019470 1.027270 1.029362 1.037671 1.040043
1.477950e+08 1.009254 1.011384 1.005507 1.011475 1.027601 1.032006 1.018519 1.020404 1.027969 1.030149 1.038287 1.040648
1.478750e+08 1.009912 1.012213 1.006565 1.012478 1.028396 1.032813 1.019483 1.021320 1.028646 1.030914 1.038878 1.041229
1.479550e+08 1.010549 1.013025 1.007601 1.013460 1.029165 1.033595 1.020426 1.022216 1.029300 1.031658 1.039444 1.041787
1.480350e+08 1.011164 1.013817 1.008615 1.014420 1.029906 1.034350 1.021346 1.023091 1.029930 1.032378 1.039984 1.042320
1.481150e+08 1.011758 1.014589 1.009605 1.015358 1.030618 1.035077 1.022243 1.023945 1.030535 1.033074 1.040498 1.042827
1.481950e+08 1.012328 1.015340 1.010569 1.016272 1.031300 1.035775 1.023116 1.024777 1.031116 1.033746 1.040984 1.043308
1.482750e+08 1.012874 1.016069 1.011509 1.017162 1.031953 1.036443 1.023963 1.025585 1.031671 1.034392 1.041443 1.043762
1.483550e+08 1.013397 1.016776 1.012421 1.018027 1.032575 1.037081 1.024785 1.026370 1.032200 1.035012 1.041872 1.044187
1.484350e+08 1.013894 1.017458 1.013307 1.018866 1.033165 1.037689 1.025580 1.027129 1.032703 1.035605 1.042272 1.044584
1.485150e+08 1.014367 1.018115 1.014164 1.019679 1.033723 1.038264 1.026347 1.027863 1.033178 1.036171 1.042641 1.044951
1.485950e+08 1.014813 1.018747 1.014993 1.020465 1.034249 1.038808 1.027086 1.028571 1.033626 1.036708 1.042980 1.045288
1.486750e+08 1.015234 1.019353 1.015792 1.021222 1.034741 1.039318 1.027797 1.029251 1.034046 1.037216 1.043288 1.045595
1.487550e+08 1.015627 1.019932 1.016562 1.021951 1.035200 1.039795 1.028477 1.029904 1.034437 1.037695 1.043564 1.045870
1.488350e+08 1.015994 1.020483 1.017300 1.022652 1.035625 1.040239 1.029127 1.030528 1.034801 1.038144 1.043807 1.046113
1.489150e+08 1.016333 1.021005 1.018007 1.023322 1.036016 1.040648 1.029747 1.031124 1.035135 1.038563 1.044019 1.046325
1.489950e+08 1.016645 1.021499 1.018683 1.023962 1.036373 1.041022 1.030335 1.031690 1.035440 1.038952 1.044197 1.046504
1.490750e+08 1.016929 1.021963 1.019327 1.024572 1.036694 1.041362 1.030891 1.032226 1.035716 1.039309 1.044342 1.046650
1.491550e+08 1.017185 1.022398 1.019938 1.025151 1.036981 1.041667 1.031415 1.032731 1.035963 1.039635 1.044454 1.046763
1.492350e+08 1.017413 1.022802 1.020516 1.025699 1.037232 1.041936 1.031907 1.033206 1.036180 1.039929 1.044532 1.046843
1.493150e+08 1.017613 1.023175 1.021061 1.026215 1.037449 1.042170 1.032366 1.033650 1.036367 1.040192 1.044577 1.046889
1.493950e+08 1.017784 1.023517 1.021572 1.026700 1.037630 1.042368 1.032791 1.034062 1.036525 1.040422 1.044588 1.046902
1.494750e+08 1.017928 1.023828 1.022050 1.027152 1.037776 1.042531 1.033184 1.034443 1.036654 1.040620 1.044566 1.046881
1.495550e+08 1.018043 1.024107 1.022494 1.027572 1.037888 1.042659 1.033542 1.034792 1.036753 1.040787 1.044510 1.046826
1.496350e+08 1.018129 1.024355 1.022904 1.027960 1.037964 1.042751 1.033868 1.035109 1.036823 1.040921 1.044420 1.046738
1.497150e+08 1.018188 1.024570 1.023280 1.028315 1.038006 1.042807 1.034159 1.035393 1.036863 1.041023 1.044297 1.046616
1.497950e+08 1.018219 1.024754 1.023622 1.028638 1.038013 1.042829 1.034417 1.035646 1.036875 1.041093 1.044141 1.046461
1.498750e+08 1.018223 1.024905 1.023931 1.028929 1.037986 1.042816 1.034641 1.035866 1.036858 1.041130 1.043952 1.046272
1.499550e+08 1.018199 1.025025 1.024205 1.029187 1.037926 1.042768 1.034832 1.036054 1.036812 1.041137 1.043731 1.046051
1.500350e+08 1.018149 1.025112 1.024446 1.029413 1.037832 1.042686 1.034989 1.036210 1.036738 1.041111 1.043477 1.045796
1.501150e+08 1.018072 1.025168 1.024654 1.029607 1.037706 1.042570 1.035114 1.036334 1.036637 1.041055 1.043192 1.045509
1.501950e+08 1.017968 1.025192 1.024828 1.029769 1.037547 1.042421 1.035205 1.036427 1.036508 1.040967 1.042876 1.045191
1.502750e+08 1.017839 1.025185 1.024970 1.029900 1.037357 1.042239 1.035263 1.036488 1.036352 1.040849 1.042529 1.044841
1.503550e+08 1.017685 1.025146 1.025079 1.030000 1.037136 1.042025 1.035290 1.036518 1.036170 1.040700 1.042151 1.044459
1.504350e+08 1.017506 1.025077 1.025156 1.030069 1.036884 1.041780 1.035284 1.036517 1.035962 1.040522 1.041745 1.044048
1.505150e+08 1.017302 1.024978 1.025202 1.030107 1.036602 1.041503 1.035248 1.036486 1.035728 1.040315 1.041309 1.043606
1.505950e+08 1.017076 1.024849 1.025216 1.030116 1.036292 1.041197 1.035180 1.036424 1.035470 1.040079 1.040845 1.043135
1.506750e+08 1.016826 1.024690 1.025200 1.030095 1.035953 1.040860 1.035082 1.036334 1.035187 1.039814 1.040354 1.042636
1.507550e+08 1.016554 1.024503 1.025154 1.030045 1.035587 1.040496 1.034954 1.036214 1.034881 1.039523 1.039837 1.042109
1.508350e+08 1.016261 1.024287 1.025079 1.029967 1.035195 1.040103 1.034797 1.036066 1.034553 1.039204 1.039294 1.041554
1.509150e+08 1.015947 1.024044 1.024975 1.029861 1.034777 1.039683 1.034612 1.035890 1.034202 1.038860 1.038725 1.040974
1.509950e+08 1.015613 1.023773 1.024844 1.029728 1.034335 1.039238 1.034399 1.035687 1.033830 1.038490 1.038133 1.040368
1.510750e+08 1.015261 1.023477 1.024685 1.029569 1.033869 1.038767 1.034159 1.035458 1.033437 1.038096 1.037518 1.039737
1.511550e+08 1.014890 1.023155 1.024501 1.029385 1.033381 1.038273 1.033894 1.035203 1.033025 1.037678 1.036882 1.039083
1.512350e+08 1.014501 1.022808 1.024290 1.029175 1.032872 1.037755 1.033602 1.034923 1.032594 1.037237 1.036224 1.038406
1.513150e+08 1.014096 1.022438 1.024056 1.028942 1.032342 1.037215 1.033287 1.034619 1.032145 1.036774 1.035546 1.037708
1.513950e+08 1.013676 1.022045 1.023798 1.028686 1.031793 1.036655 1.032948 1.034292 1.031679 1.036290 1.034850 1.036989
1.514750e+08 1.013241 1.021630 1.023517 1.028407 1.031226 1.036075 1.032587 1.033942 1.031196 1.035786 1.034135 1.036250
1.515550e+08 1.012793 1.021194 1.023215 1.028107 1.030643 1.035477 1.032204 1.033571 1.030699 1.035262 1.033405 1.035493
1.516350e+08 1.012332 1.020737 1.022892 1.027787 1.030043 1.034861 1.031801 1.033180 1.030187 1.034721 1.032659 1.034719
1.517150e+08 1.011860 1.020262 1.022550 1.027448 1.029430 1.034229 1.031379 1.032769 1.029661 1.034163 1.031898 1.033928
1.517950e+08 1.011377 1.019770 1.022189 1.027090 1.028803 1.033582 1.030938 1.032340 1.029124 1.033588 1.031125 1.033122
1.518750e+08 1.010885 1.019260 1.021811 1.026715 1.028165 1.032922 1.030480 1.031893 1.028575 1.032998 1.030340 1.032302
1.519550e+08 1.010385 1.018734 1.021417 1.026323 1.027516 1.032249 1.030006 1.031430 1.028016 1.032395 1.029545 1.031469
1.520350e+08 1.009877 1.018194 1.021008 1.025917 1.026857 1.031566 1.029517 1.030952 1.027447 1.031779 1.028740 1.030625
1.521150e+08 1.009363 1.017641 1.020585 1.025496 1.026191 1.030872 1.029015 1.030460 1.026870 1.031151 1.027927 1.029770
1.521950e+08 1.008845 1.017076 1.020150 1.025063 1.025518 1.030170 1.028500 1.029954 1.026286 1.030513 1.027107 1.028906
1.522750e+08 1.008322 1.016499 1.019703 1.024618 1.024840 1.029461 1.027974 1.029437 1.025696 1.029865 1.026282 1.028035
1.523550e+08 1.007796 1.015913 1.019247 1.024162 1.024157 1.028746 1.027437 1.028908 1.025101 1.029209 1.025453 1.027156
1.524350e+08 1.007269 1.015318 1.018781 1.023696 1.023472 1.028027 1.026892 1.028371 1.024502 1.028546 1.024620 1.026272
1.525150e+08 1.006742 1.014716 1.018308 1.023223 1.022786 1.027304 1.026339 1.027824 1.023899 1.027877 1.023786 1.025384
1.525950e+08 1.006215 1.014108 1.017828 1.022742 1.022100 1.026580 1.025780 1.027271 1.023295 1.027203 1.022951 1.024494
1.526750e+08 1.005690 1.013495 1.017343 1.022255 1.021415 1.025855 1.025216 1.026711 1.022690 1.026526 1.022117 1.023601
1.527550e+08 1.005167 1.012879 1.016855 1.021763 1.020732 1.025131 1.024647 1.026147 1.022085 1.025846 1.021286 1.022708
1.528350e+08 1.004649 1.012260 1.016364 1.021268 1.020053 1.024409 1.024077 1.025579 1.021481 1.025165 1.020457 1.021816
1.529150e+08 1.004135 1.011641 1.015871 1.020770 1.019380 1.023690 1.023504 1.025008 1.020880 1.024484 1.019633 1.020926
1.529950e+08 1.003628 1.011022 1.015379 1.020271 1.018712 1.022976 1.022932 1.024436 1.020282 1.023804 1.018815 1.020039
1.530750e+08 1.003128 1.010404 1.014888 1.019772 1.018053 1.022268 1.022361 1.023864 1.019688 1.023127 1.018004 1.019156
1.531550e+08 1.002636 1.009790 1.014399 1.019274 1.017402 1.021567 1.021792 1.023293 1.019099 1.022453 1.017200 1.018280
1.532350e+08 1.002154 1.009179 1.013914 1.018779 1.016761 1.020874 1.021227 1.022724 1.018516 1.021783 1.016406 1.017410
1.533150e+08 1.001682 1.008574 1.013434 1.018287 1.016132 1.020191 1.020667 1.022158 1.017941 1.021119 1.015623 1.016547
1.533950e+08 1.001221 1.007975 1.012960 1.017799 1.015515 1.019519 1.020112 1.021597 1.017374 1.020461 1.014851 1.015694
1.534750e+08 1.000773 1.007384 1.012494 1.017317 1.014912 1.018859 1.019565 1.021042 1.016817 1.019812 1.014091 1.014852
1.535550e+08 1.000338 1.006802 1.012036 1.016842 1.014323 1.018211 1.019026 1.020493 1.016269 1.019171 1.013345 1.014020
1.536350e+08 0.999917 1.006231 1.011589 1.016375 1.013750 1.017578 1.018497 1.019953 1.015732 1.018540 1.012613 1.013201
1.537150e+08 0.999511 1.005670 1.011152 1.015917 1.013193 1.016960 1.017978 1.019421 1.015207 1.017920 1.011897 1.012395
1.537950e+08 0.999122 1.005123 1.010727 1.015469 1.012655 1.016359 1.017471 1.018899 1.014694 1.017312 1.011198 1.011603
1.538750e+08 0.998749 1.004588 1.010315 1.015033 1.012135 1.015774 1.016976 1.018388 1.014195 1.016716 1.010516 1.010826
1.539550e+08 0.998395 1.004069 1.009917 1.014608 1.011635 1.015208 1.016495 1.017889 1.013711 1.016135 1.009852 1.010066
1.540350e+08 0.998058 1.003565 1.009535 1.014196 1.011155 1.014661 1.016029 1.017403 1.013241 1.015568 1.009207 1.009323
1.541150e+08 0.997742 1.003078 1.009169 1.013798 1.010696 1.014134 1.015579 1.016931 1.012787 1.015016 1.008583 1.008598
1.541950e+08 0.997445 1.002609 1.008820 1.013416 1.010260 1.013628 1.015145 1.016473 1.012349 1.014481 1.007978 1.007891
1.542750e+08 0.997169 1.002158 1.008489 1.013049 1.009847 1.013143 1.014729 1.016032 1.011928 1.013962 1.007396 1.007204
1.543550e+08 0.996914 1.001727 1.008177 1.012699 1.009457 1.012681 1.014331 1.015606 1.011525 1.013462 1.006835 1.006537
1.544350e+08 0.996682 1.001317 1.007886 1.012366 1.009092 1.012242 1.013952 1.015198 1.011141 1.012980 1.006296 1.005891
1.545150e+08 0.996472 1.000928 1.007615 1.012052 1.008751 1.011826 1.013594 1.014808 1.010775 1.012517 1.005781 1.005266
1.545950e+08 0.996285 1.000561 1.007365 1.011757 1.008437 1.011435 1.013256 1.014437 1.010428 1.012074 1.005290 1.004664
1.546750e+08 0.996122 1.000217 1.007138 1.011481 1.008148 1.011068 1.012939 1.014085 1.010102 1.011651 1.004822 1.004084
1.547550e+08 0.995982 0.999897 1.006934 1.011226 1.007885 1.010727 1.012644 1.013753 1.009795 1.011250 1.004379 1.003528
1.548350e+08 0.995868 0.999601 1.006754 1.010992 1.007649 1.010412 1.012373 1.013442 1.009510 1.010869 1.003961 1.002995
1.549150e+08 0.995778 0.999330 1.006598 1.010780 1.007441 1.010123 1.012124 1.013152 1.009245 1.010511 1.003568 1.002486
1.549950e+08 0.995714 0.999085 1.006466 1.010590 1.007260 1.009860 1.011899 1.012884 1.009001 1.010175 1.003201 1.002002
1.550750e+08 0.995675 0.998866 1.006360 1.010422 1.007107 1.009624 1.011698 1.012638 1.008780 1.009862 1.002859 1.001542
1.551550e+08 0.995662 0.998673 1.006280 1.010278 1.006982 1.009415 1.011522 1.012414 1.008580 1.009572 1.002543 1.001107
1.552350e+08 0.995674 0.998507 1.006226 1.010157 1.006885 1.009234 1.011370 1.012214 1.008402 1.009305 1.002252 1.000697
1.553150e+08 0.995713 0.998369 1.006199 1.010060 1.006816 1.009079 1.011244 1.012036 1.008246 1.009061 1.001988 1.000313
1.553950e+08 0.995778 0.998258 1.006199 1.009988 1.006776 1.008953 1.011143 1.011882 1.008113 1.008842 1.001749 0.999953
1.554750e+08 0.995869 0.998175 1.006225 1.009939 1.006763 1.008853 1.011068 1.011752 1.008002 1.008646 1.001536 0.999620
1.555550e+08 0.995986 0.998121 1.006280 1.009916 1.006779 1.008781 1.011019 1.011646 1.007913 1.008474 1.001349 0.999311
1.556350e+08 0.996130 0.998095 1.006362 1.009917 1.006823 1.008736 1.010996 1.011564 1.007847 1.008326 1.001188 0.999028
1.557150e+08 0.996299 0.998097 1.006471 1.009943 1.006895 1.008718 1.010998 1.011506 1.007803 1.008201 1.001051 0.998770
1.557950e+08 0.996494 0.998128 1.006608 1.009995 1.006994 1.008727 1.011027 1.011472 1.007782 1.008101 1.000940 0.998537
1.558750e+08 0.996716 0.998188 1.006773 1.010071 1.007121 1.008763 1.011081 1.011462 1.007782 1.008024 1.000853 0.998329
1.559550e+08 0.996962 0.998276 1.006966 1.010172 1.007274 1.008825 1.011161 1.011475 1.007804 1.007971 1.000790 0.998146
1.560350e+08 0.997234 0.998393 1.007186 1.010299 1.007454 1.008913 1.011267 1.011513 1.007848 1.007941 1.000751 0.997986
1.561150e+08 0.997531 0.998538 1.007434 1.010450 1.007661 1.009027 1.011398 1.011575 1.007914 1.007935 1.000736 0.997851
1.561950e+08 0.997852 0.998711 1.007709 1.010626 1.007893 1.009165 1.011555 1.011659 1.008000 1.007951 1.000743 0.997739
1.562750e+08 0.998198 0.998911 1.008011 1.010826 1.008149 1.009328 1.011736 1.011767 1.008107 1.007989 1.000773 0.997650
1.563550e+08 0.998567 0.999140 1.008339 1.011050 1.008431 1.009515 1.011941 1.011898 1.008234 1.008050 1.000824 0.997583
1.564350e+08 0.998960 0.999395 1.008694 1.011298 1.008736 1.009725 1.012171 1.012051 1.008382 1.008132 1.000896 0.997539
1.565150e+08 0.999375 0.999678 1.009075 1.011570 1.009064 1.009958 1.012424 1.012226 1.008548 1.008235 1.000988 0.997515
1.565950e+08 0.999812 0.999987 1.009481 1.011865 1.009415 1.010212 1.012700 1.012423 1.008734 1.008359 1.001100 0.997512
1.566750e+08 1.000271 1.000321 1.009912 1.012182 1.009787 1.010488 1.012998 1.012640 1.008938 1.008503 1.001230 0.997529
1.567550e+08 1.000751 1.000681 1.010368 1.012521 1.010180 1.010784 1.013319 1.012878 1.009159 1.008666 1.001378 0.997566
1.568350e+08 1.001250 1.001065 1.010847 1.012882 1.010593 1.011099 1.013660 1.013136 1.009398 1.008848 1.001543 0.997621
1.569150e+08 1.001770 1.001474 1.011350 1.013263 1.011024 1.011433 1.014022 1.013413 1.009653 1.009047 1.001724 0.997693
1.569950e+08 1.002307 1.001906 1.011874 1.013665 1.011474 1.011785 1.014403 1.013708 1.009924 1.009264 1.001920 0.997782
1.570750e+08 1.002863 1.002360 1.012421 1.014087 1.011941 1.012153 1.014804 1.014021 1.010210 1.009498 1.002130 0.997887
1.571550e+08 1.003436 1.002836 1.012988 1.014527 1.012423 1.012537 1.015222 1.014351 1.010510 1.009747 1.002353 0.998007
1.572350e+08 1.004025 1.003333 1.013576 1.014986 1.012921 1.012935 1.015658 1.014698 1.010824 1.010011 1.002588 0.998141
1.573150e+08 1.004629 1.003850 1.014182 1.015462 1.013432 1.013347 1.016110 1.015059 1.011151 1.010289 1.002834 0.998288
1.573950e+08 1.005247 1.004387 1.014807 1.015954 1.013956 1.013771 1.016577 1.015435 1.011489 1.010580 1.003090 0.998447
1.574750e+08 1.005879 1.004941 1.015450 1.016462 1.014492 1.014207 1.017059 1.015824 1.011838 1.010884 1.003354 0.998616
1.575550e+08 1.006524 1.005513 1.016108 1.016985 1.015038 1.014652 1.017554 1.016226 1.012198 1.011198 1.003626 0.998796
1.576350e+08 1.007179 1.006101 1.016782 1.017522 1.015593 1.015106 1.018062 1.016640 1.012567 1.011522 1.003904 0.998984
1.577150e+08 1.007846 1.006705 1.017471 1.018071 1.016156 1.015568 1.018580 1.017064 1.012944 1.011856 1.004187 0.999181
1.577950e+08 1.008521 1.007322 1.018172 1.018632 1.016726 1.016037 1.019109 1.017498 1.013329 1.012198 1.004474 0.999383
1.578750e+08 1.009205 1.007953 1.018886 1.019205 1.017301 1.016511 1.019647 1.017940 1.013720 1.012547 1.004764 0.999591
1.579550e+08 1.009897 1.008595 1.019611 1.019787 1.017881 1.016988 1.020193 1.018389 1.014116 1.012901 1.005056 0.999803
1.580350e+08 1.010594 1.009248 1.020346 1.020377 1.018463 1.017468 1.020745 1.018845 1.014517 1.013261 1.005348 1.000018
1.581150e+08 1.011297 1.009911 1.021089 1.020976 1.019047 1.017950 1.021304 1.019306 1.014921 1.013625 1.005638 1.000235
1.581950e+08 1.012004 1.010582 1.021841 1.021580 1.019632 1.018431 1.021866 1.019771 1.015328 1.013991 1.005927 1.000453
1.582750e+08 1.012713 1.011260 1.022598 1.022191 1.020215 1.018912 1.022432 1.020239 1.015736 1.014358 1.006212 1.000669
1.583550e+08 1.013424 1.011945 1.023360 1.022805 1.020796 1.019389 1.022999 1.020709 1.016144 1.014726 1.006493 1.000884
1.584350e+08 1.014136 1.012634 1.024127 1.023423 1.021373 1.019863 1.023567 1.021180 1.016552 1.015093 1.006767 1.001096
1.585150e+08 1.014848 1.013326 1.024896 1.024043 1.021946 1.020332 1.024135 1.021650 1.016958 1.015459 1.007035 1.001304
1.585950e+08 1.015558 1.014021 1.025666 1.024663 1.022512 1.020794 1.024701 1.022118 1.017361 1.015821 1.007294 1.001507
1.586750e+08 1.016265 1.014716 1.026436 1.025284 1.023071 1.021249 1.025264 1.022583 1.017761 1.016179 1.007543 1.001702
1.587550e+08 1.016968 1.015411 1.027205 1.025902 1.023620 1.021694 1.025822 1.023044 1.018155 1.016531 1.007782 1.001890
1.588350e+08 1.017666 1.016105 1.027972 1.026518 1.024160 1.022129 1.026375 1.023500 1.018543 1.016877 1.008009 1.002068
1.589150e+08 1.018358 1.016796 1.028734 1.027130 1.024688 1.022552 1.026921 1.023949 1.018925 1.017215 1.008222 1.002237
1.589950e+08 1.019043 1.017482 1.029492 1.027736 1.025204 1.022962 1.027459 1.024391 1.019298 1.017545 1.008421 1.002394
1.590750e+08 1.019720 1.018163 1.030243 1.028337 1.025705 1.023358 1.027988 1.024824 1.019663 1.017864 1.008604 1.002538
1.591550e+08 1.020387 1.018838 1.030987 1.028930 1.026191 1.023739 1.028506 1.025247 1.020017 1.018172 1.008771 1.002668
1.592350e+08 1.021043 1.019504 1.031722 1.029514 1.026661 1.024103 1.029013 1.025658 1.020361 1.018469 1.008920 1.002784
1.593150e+08 1.021688 1.020161 1.032446 1.030088 1.027114 1.024449 1.029506 1.026058 1.020692 1.018751 1.009051 1.002883
1.593950e+08 1.022321 1.020808 1.033159 1.030651 1.027547 1.024777 1.029986 1.026444 1.021010 1.019020 1.009161 1.002966
1.594750e+08 1.022940 1.021443 1.033860 1.031202 1.027961 1.025084 1.030450 1.026815 1.021314 1.019272 1.009251 1.003030
1.595550e+08 1.023544 1.022065 1.034546 1.031740 1.028354 1.025370 1.030898 1.027171 1.021603 1.019509 1.009319 1.003075
1.596350e+08 1.024133 1.022674 1.035218 1.032264 1.028725 1.025634 1.031328 1.027510 1.021877 1.019728 1.009364 1.003100
1.597150e+08 1.024705 1.023267 1.035873 1.032771 1.029072 1.025874 1.031739 1.027831 1.022133 1.019928 1.009386 1.003104
1.597950e+08 1.025260 1.023843 1.036511 1.033263 1.029396 1.026090 1.032131 1.028134 1.022372 1.020109 1.009383 1.003086
1.598750e+08 1.025796 1.024402 1.037131 1.033736 1.029694 1.026281 1.032502 1.028417 1.022592 1.020269 1.009354 1.003045
1.599550e+08 1.026313 1.024943 1.037730 1.034191 1.029967 1.026446 1.032851 1.028679 1.022793 1.020408 1.009300 1.002979
1.600350e+08 1.026810 1.025464 1.038309 1.034626 1.030213 1.026583 1.033178 1.028920 1.022974 1.020525 1.009218 1.002890
1.601150e+08 1.027286 1.025965 1.038867 1.035040 1.030430 1.026693 1.033480 1.029138 1.023134 1.020619 1.009109 1.002774
1.601950e+08 1.027741 1.026444 1.039401 1.035433 1.030620 1.026774 1.033758 1.029333 1.023272 1.020689 1.008971 1.002632
1.602750e+08 1.028173 1.026900 1.039912 1.035803 1.030780 1.026825 1.034011 1.029503 1.023388 1.020734 1.008805 1.002464
1.603550e+08 1.028582 1.027333 1.040397 1.036150 1.030910 1.026846 1.034237 1.029648 1.023480 1.020754 1.008609 1.002267
1.604350e+08 1.028968 1.027742 1.040858 1.036473 1.031009 1.026836 1.034436 1.029768 1.023549 1.020747 1.008383 1.002043
1.605150e+08 1.029329 1.028126 1.041291 1.036770 1.031077 1.026795 1.034607 1.029861 1.023593 1.020714 1.008127 1.001789
1.605950e+08 1.029665 1.028483 1.041697 1.037041 1.031113 1.026722 1.034749 1.029927 1.023612 1.020654 1.007840 1.001506
1.606750e+08 1.029975 1.028814 1.042075 1.037286 1.031116 1.026616 1.034862 1.029964 1.023606 1.020565 1.007521 1.001193
1.607550e+08 1.030260 1.029117 1.042424 1.037504 1.031087 1.026476 1.034945 1.029974 1.023574 1.020448 1.007171 1.000849
1.608350e+08 1.030518 1.029393 1.042744 1.037693 1.031024 1.026304 1.034998 1.029954 1.023515 1.020302 1.006789 1.000475
1.609150e+08 1.030749 1.029640 1.043033 1.037854 1.030927 1.026097 1.035020 1.029905 1.023429 1.020126 1.006375 1.000070
1.609950e+08 1.030953 1.029857 1.043291 1.037985 1.030797 1.025856 1.035010 1.029826 1.023316 1.019921 1.005928 0.999633
1.610750e+08 1.031129 1.030045 1.043518 1.038087 1.030632 1.025581 1.034968 1.029717 1.023175 1.019685 1.005449 0.999164
1.611550e+08 1.031278 1.030202 1.043712 1.038158 1.030432 1.025271 1.034893 1.029577 1.023006 1.019419 1.004937 0.998663
1.612350e+08 1.031398 1.030329 1.043874 1.038199 1.030198 1.024926 1.034786 1.029406 1.022809 1.019121 1.004393 0.998130
1.613150e+08 1.031490 1.030424 1.044003 1.038208 1.029929 1.024546 1.034646 1.029203 1.022583 1.018793 1.003817 0.997565
1.613950e+08 1.031554 1.030489 1.044099 1.038186 1.029624 1.024131 1.034473 1.028969 1.022328 1.018433 1.003208 0.996968
1.614750e+08 1.031589 1.030521 1.044161 1.038133 1.029286 1.023682 1.034266 1.028703 1.022044 1.018042 1.002567 0.996338
1.615550e+08 1.031595 1.030522 1.044189 1.038047 1.028912 1.023197 1.034026 1.028405 1.021731 1.017619 1.001893 0.995677
1.616350e+08 1.031573 1.030491 1.044183 1.037929 1.028503 1.022677 1.033752 1.028075 1.021389 1.017165 1.001188 0.994982
1.617150e+08 1.031522 1.030427 1.044143 1.037778 1.028060 1.022123 1.033444 1.027713 1.021018 1.016679 1.000451 0.994256
1.617950e+08 1.031443 1.030331 1.044068 1.037595 1.027583 1.021535 1.033103 1.027320 1.020618 1.016162 0.999683 0.993498
1.618750e+08 1.031335 1.030204 1.043958 1.037379 1.027071 1.020912 1.032728 1.026894 1.020188 1.015613 0.998884 0.992709
1.619550e+08 1.031199 1.030044 1.043814 1.037131 1.026526 1.020256 1.032320 1.026437 1.019730 1.015034 0.998055 0.991888
1.620350e+08 1.031035 1.029852 1.043636 1.036850 1.025947 1.019566 1.031878 1.025948 1.019242 1.014423 0.997196 0.991036
1.621150e+08 1.030844 1.029628 1.043423 1.036536 1.025335 1.018843 1.031403 1.025427 1.018726 1.013781 0.996307 0.990154
1.621950e+08 1.030625 1.029372 1.043176 1.036190 1.024691 1.018087 1.030896 1.024876 1.018182 1.013109 0.995390 0.989241
1.622750e+08 1.030379 1.029085 1.042894 1.035812 1.024015 1.017300 1.030356 1.024293 1.017609 1.012406 0.994445 0.988299
1.623550e+08 1.030106 1.028767 1.042579 1.035402 1.023307 1.016481 1.029785 1.023681 1.017008 1.011674 0.993472 0.987328
1.624350e+08 1.029807 1.028418 1.042230 1.034960 1.022569 1.015632 1.029181 1.023038 1.016380 1.010913 0.992472 0.986328
1.625150e+08 1.029483 1.028039 1.041848 1.034486 1.021800 1.014752 1.028547 1.022366 1.015725 1.010122 0.991446 0.985300
1.625950e+08 1.029133 1.027630 1.041433 1.033981 1.021002 1.013843 1.027882 1.021664 1.015043 1.009303 0.990395 0.984244
1.626750e+08 1.028759 1.027192 1.040986 1.033446 1.020176 1.012905 1.027187 1.020934 1.014334 1.008457 0.989319 0.983162
1.627550e+08 1.028361 1.026725 1.040507 1.032881 1.019321 1.011940 1.026462 1.020176 1.013600 1.007583 0.988220 0.982055
1.628350e+08 1.027940 1.026230 1.039997 1.032286 1.018440 1.010948 1.025709 1.019391 1.012840 1.006682 0.987098 0.980922
1.629150e+08 1.027495 1.025707 1.039456 1.031661 1.017532 1.009929 1.024928 1.018580 1.012056 1.005756 0.985955 0.979764
1.629950e+08 1.027029 1.025158 1.038885 1.031009 1.016600 1.008886 1.024120 1.017742 1.011247 1.004804 0.984791 0.978584
1.630750e+08 1.026542 1.024582 1.038284 1.030328 1.015643 1.007818 1.023285 1.016879 1.010415 1.003828 0.983607 0.977380
1.631550e+08 1.026035 1.023982 1.037655 1.029620 1.014663 1.006727 1.022424 1.015992 1.009560 1.002829 0.982404 0.976155
1.632350e+08 1.025508 1.023356 1.036998 1.028885 1.013660 1.005614 1.021539 1.015081 1.008683 1.001806 0.981183 0.974909
1.633150e+08 1.024962 1.022708 1.036314 1.028125 1.012637 1.004480 1.020629 1.014147 1.007785 1.000761 0.979946 0.973644
1.633950e+08 1.024398 1.022036 1.035603 1.027339 1.011593 1.003326 1.019697 1.013192 1.006866 0.999696 0.978693 0.972359
1.634750e+08 1.023818 1.021343 1.034867 1.026529 1.010530 1.002154 1.018743 1.012216 1.005927 0.998610 0.977426 0.971057
1.635550e+08 1.023222 1.020630 1.034107 1.025696 1.009450 1.000963 1.017768 1.011219 1.004969 0.997504 0.976146 0.969738
1.636350e+08 1.022610 1.019896 1.033324 1.024841 1.008353 0.999756 1.016773 1.010204 1.003993 0.996381 0.974853 0.968404
1.637150e+08 1.021985 1.019144 1.032517 1.023964 1.007240 0.998533 1.015759 1.009171 1.002999 0.995239 0.973549 0.967054
1.637950e+08 1.021347 1.018374 1.031690 1.023066 1.006113 0.997297 1.014727 1.008121 1.001989 0.994082 0.972236 0.965692
1.638750e+08 1.020697 1.017588 1.030842 1.022149 1.004973 0.996047 1.013678 1.007055 1.000963 0.992909 0.970914 0.964317
1.639550e+08 1.020036 1.016786 1.029975 1.021213 1.003822 0.994786 1.012614 1.005974 0.999923 0.991722 0.969584 0.962930
1.640350e+08 1.019365 1.015971 1.029090 1.020259 1.002660 0.993514 1.011535 1.004879 0.998869 0.990522 0.968249 0.961534
1.641150e+08 1.018685 1.015142 1.028187 1.019289 1.001488 0.992233 1.010444 1.003772 0.997802 0.989309 0.966908 0.960128
1.641950e+08 1.017998 1.014301 1.027269 1.018304 1.000309 0.990944 1.009340 1.002653 0.996724 0.988085 0.965563 0.958715
1.642750e+08 1.017305 1.013450 1.026336 1.017304 0.999122 0.989648 1.008225 1.001524 0.995634 0.986852 0.964216 0.957295
1.643550e+08 1.016606 1.012589 1.025390 1.016291 0.997931 0.988347 1.007100 1.000385 0.994535 0.985609 0.962867 0.955870
1.644350e+08 1.015902 1.011720 1.024431 1.015265 0.996735 0.987042 1.005967 0.999239 0.993427 0.984359 0.961518 0.954440
1.645150e+08 1.015196 1.010844 1.023462 1.014229 0.995536 0.985734 1.004827 0.998085 0.992311 0.983102 0.960169 0.953007
1.645950e+08 1.014487 1.009963 1.022482 1.013182 0.994336 0.984424 1.003681 0.996925 0.991188 0.981839 0.958823 0.951572
1.646750e+08 1.013778 1.009077 1.021494 1.012127 0.993135 0.983114 1.002530 0.995761 0.990059 0.980572 0.957480 0.950136
1.647550e+08 1.013068 1.008188 1.020499 1.011065 0.991936 0.981805 1.001375 0.994594 0.988926 0.979302 0.956141 0.948701
1.648350e+08 1.012360 1.007297 1.019497 1.009996 0.990738 0.980498 1.000218 0.993423 0.987789 0.978029 0.954808 0.947267
1.649150e+08 1.011655 1.006405 1.018491 1.008921 0.989544 0.979195 0.999060 0.992252 0.986649 0.976756 0.953482 0.945835
1.649950e+08 1.010953 1.005514 1.017482 1.007843 0.988355 0.977896 0.997901 0.991081 0.985507 0.975482 0.952163 0.944407
1.650750e+08 1.010256 1.004625 1.016470 1.006762 0.987172 0.976603 0.996745 0.989911 0.984365 0.974210 0.950853 0.942984
1.651550e+08 1.009565 1.003739 1.015457 1.005679 0.985996 0.975317 0.995590 0.988742 0.983223 0.972940 0.949552 0.941567
1.652350e+08 1.008881 1.002857 1.014445 1.004595 0.984828 0.974039 0.994439 0.987578 0.982082 0.971673 0.948263 0.940157
1.653150e+08 1.008204 1.001982 1.013434 1.003512 0.983669 0.972770 0.993294 0.986417 0.980944 0.970410 0.946985 0.938755
1.653950e+08 1.007537 1.001112 1.012426 1.002431 0.982522 0.971512 0.992154 0.985262 0.979809 0.969153 0.945720 0.937361
1.654750e+08 1.006880 1.000251 1.011422 1.001353 0.981386 0.970265 0.991021 0.984114 0.978678 0.967902 0.944468 0.935978
1.655550e+08 1.006233 0.999400 1.010424 1.000279 0.980263 0.969031 0.989896 0.982973 0.977552 0.966659 0.943231 0.934605
1.656350e+08 1.005599 0.998558 1.009432 0.999209 0.979153 0.967811 0.988781 0.981841 0.976432 0.965424 0.942010 0.933244
1.657150e+08 1.004978 0.997728 1.008448 0.998147 0.978059 0.966605 0.987676 0.980718 0.975320 0.964198 0.940805 0.931897
1.657950e+08 1.004371 0.996911 1.007472 0.997091 0.976981 0.965414 0.986583 0.979606 0.974215 0.962983 0.939617 0.930562
1.658750e+08 1.003779 0.996108 1.006507 0.996044 0.975919 0.964240 0.985502 0.978506 0.973120 0.961779 0.938446 0.929243
1.659550e+08 1.003203 0.995319 1.005553 0.995006 0.974876 0.963083 0.984434 0.977418 0.972033 0.960587 0.937294 0.927938
1.660350e+08 1.002644 0.994546 1.004611 0.993979 0.973851 0.961944 0.983381 0.976343 0.970958 0.959408 0.936161 0.926650
1.661150e+08 1.002102 0.993791 1.003682 0.992963 0.972845 0.960825 0.982343 0.975282 0.969894 0.958243 0.935048 0.925378
1.661950e+08 1.001578 0.993053 1.002768 0.991959 0.971860 0.959725 0.981321 0.974237 0.968842 0.957092 0.933956 0.924124
1.662750e+08 1.001074 0.992333 1.001869 0.990968 0.970896 0.958645 0.980317 0.973207 0.967802 0.955957 0.932884 0.922888
1.663550e+08 1.000590 0.991634 1.000986 0.989992 0.969954 0.957587 0.979330 0.972193 0.966777 0.954837 0.931833 0.921671
1.664350e+08 1.000126 0.990954 1.000121 0.989031 0.969034 0.956551 0.978361 0.971197 0.965766 0.953735 0.930804 0.920473
1.665150e+08 0.999683 0.990297 0.999274 0.988086 0.968137 0.955536 0.977412 0.970219 0.964769 0.952649 0.929798 0.919295
1.665950e+08 0.999262 0.989661 0.998446 0.987157 0.967264 0.954545 0.976483 0.969259 0.963789 0.951582 0.928814 0.918137
1.666750e+08 0.998864 0.989048 0.997638 0.986246 0.966415 0.953577 0.975575 0.968318 0.962824 0.950533 0.927852 0.917000
1.667550e+08 0.998489 0.988459 0.996851 0.985354 0.965591 0.952633 0.974687 0.967397 0.961877 0.949504 0.926914 0.915885
1.668350e+08 0.998137 0.987894 0.996086 0.984480 0.964793 0.951713 0.973822 0.966496 0.960947 0.948493 0.925999 0.914791
1.669150e+08 0.997810 0.987354 0.995342 0.983625 0.964019 0.950818 0.972979 0.965616 0.960034 0.947503 0.925108 0.913719
1.669950e+08 0.997506 0.986839 0.994622 0.982791 0.963272 0.949947 0.972158 0.964757 0.959140 0.946534 0.924240 0.912669
1.670750e+08 0.997228 0.986350 0.993925 0.981977 0.962551 0.949102 0.971361 0.963919 0.958265 0.945585 0.923395 0.911641
1.671550e+08 0.996975 0.985887 0.993252 0.981185 0.961856 0.948281 0.970587 0.963103 0.957409 0.944657 0.922575 0.910636
1.672350e+08 0.996747 0.985451 0.992603 0.980414 0.961187 0.947486 0.969837 0.962309 0.956572 0.943750 0.921777 0.909653
1.673150e+08 0.996544 0.985042 0.991980 0.979666 0.960546 0.946717 0.969111 0.961537 0.955756 0.942865 0.921003 0.908694
1.673950e+08 0.996368 0.984661 0.991382 0.978940 0.959931 0.945973 0.968410 0.960787 0.954959 0.942002 0.920253 0.907757
1.674750e+08 0.996218 0.984307 0.990810 0.978237 0.959343 0.945254 0.967733 0.960060 0.954183 0.941161 0.919525 0.906842
1.675550e+08 0.996094 0.983981 0.990265 0.977557 0.958781 0.944561 0.967080 0.959355 0.953427 0.940342 0.918821 0.905951
1.676350e+08 0.995996 0.983683 0.989746 0.976901 0.958246 0.943893 0.966452 0.958673 0.952692 0.939545 0.918138 0.905081
1.677150e+08 0.995924 0.983413 0.989253 0.976269 0.957738 0.943251 0.965849 0.958014 0.951978 0.938769 0.917478 0.904235
1.677950e+08 0.995878 0.983171 0.988788 0.975660 0.957256 0.942633 0.965270 0.957377 0.951285 0.938016 0.916840 0.903410
1.678750e+08 0.995859 0.982958 0.988350 0.975075 0.956801 0.942039 0.964716 0.956763 0.950613 0.937285 0.916224 0.902607
1.679550e+08 0.995865 0.982772 0.987939 0.974515 0.956371 0.941470 0.964186 0.956171 0.949961 0.936575 0.915628 0.901826
1.680350e+08 0.995898 0.982615 0.987555 0.973978 0.955966 0.940924 0.963681 0.955601 0.949331 0.935887 0.915052 0.901066
1.681150e+08 0.995956 0.982485 0.987198 0.973465 0.955587 0.940402 0.963199 0.955053 0.948721 0.935221 0.914497 0.900327
1.681950e+08 0.996039 0.982383 0.986868 0.972977 0.955232 0.939903 0.962741 0.954527 0.948132 0.934575 0.913960 0.899609
1.682750e+08 0.996147 0.982308 0.986565 0.972512 0.954902 0.939426 0.962307 0.954022 0.947564 0.933950 0.913442 0.898910
1.683550e+08 0.996280 0.982260 0.986289 0.972070 0.954595 0.938972 0.961895 0.953537 0.947015 0.933346 0.912942 0.898231
1.684350e+08 0.996437 0.982238 0.986040 0.971653 0.954311 0.938538 0.961506 0.953073 0.946487 0.932761 0.912459 0.897570
1.685150e+08 0.996618 0.982243 0.985817 0.971258 0.954050 0.938125 0.961139 0.952629 0.945979 0.932196 0.911993 0.896928
1.685950e+08 0.996822 0.982274 0.985619 0.970886 0.953810 0.937731 0.960794 0.952204 0.945490 0.931650 0.911542 0.896303
1.686750e+08 0.997049 0.982329 0.985447 0.970537 0.953591 0.937357 0.960469 0.951799 0.945020 0.931123 0.911106 0.895696
1.687550e+08 0.997299 0.982410 0.985301 0.970210 0.953393 0.937001 0.960165 0.951411 0.944569 0.930614 0.910684 0.895105
1.688350e+08 0.997570 0.982514 0.985179 0.969904 0.953214 0.936663 0.959880 0.951041 0.944136 0.930122 0.910275 0.894529
1.689150e+08 0.997862 0.982642 0.985081 0.969620 0.953054 0.936341 0.959615 0.950688 0.943721 0.929647 0.909878 0.893967
1.689950e+08 0.998174 0.982792 0.985006 0.969356 0.952911 0.936035 0.959367 0.950352 0.943324 0.929188 0.909492 0.893420
1.690750e+08 0.998506 0.982964 0.984955 0.969113 0.952786 0.935743 0.959137 0.950030 0.942943 0.928744 0.909116 0.892886
1.691550e+08 0.998857 0.983158 0.984925 0.968889 0.952676 0.935466 0.958924 0.949724 0.942578 0.928315 0.908750 0.892364
1.692350e+08 0.999226 0.983371 0.984918 0.968684 0.952581 0.935201 0.958727 0.949431 0.942229 0.927900 0.908391 0.891853
1.693150e+08 0.999612 0.983605 0.984931 0.968496 0.952500 0.934948 0.958544 0.949152 0.941895 0.927498 0.908040 0.891353
1.693950e+08 1.000014 0.983856 0.984964 0.968327 0.952432 0.934706 0.958376 0.948885 0.941575 0.927109 0.907695 0.890862
1.694750e+08 1.000432 0.984125 0.985016 0.968174 0.952376 0.934474 0.958221 0.948628 0.941269 0.926730 0.907354 0.890379
1.695550e+08 1.000865 0.984411 0.985087 0.968037 0.952330 0.934250 0.958078 0.948383 0.940975 0.926362 0.907018 0.889904
1.696350e+08 1.001311 0.984713 0.985175 0.967914 0.952295 0.934034 0.957946 0.948147 0.940694 0.926004 0.906685 0.889435
