0.502546     
0.509501     
0.520900     
0.536466     
0.555821     
0.578508     
0.604001     
0.631728     
0.661088     
0.691473     
0.722285     
0.752958     
0.782968     
0.811848
0.839201     
0.864701     
0.888103     
0.909236     
0.928005     
0.944385     
0.958415     
0.970186     
0.979835     
0.987534     
0.993480     
0.997886      
1.00097      
1.00296
1.00405      
1.00445      
1.00435      
1.00390      
1.00324      
1.00248      
1.00174      
1.00106      
1.00051      
1.00012     
0.999902     
0.999851     
0.999958      
1.00020
1.00055      
1.00097      
1.00143      
1.00190      
1.00233      
1.00271      
1.00301      
1.00321      
1.00330      
1.00329      
1.00317      
1.00295      
1.00265      
1.00230
1.00190      
1.00149      
1.00110      
1.00073      
1.00043      
1.00019      
1.00005      
1.00000      
1.00005      
1.00019      
1.00043      
1.00073      
1.00110      
1.00149
1.00190      
1.00230      
1.00265      
1.00295      
1.00317      
1.00329      
1.00330      
1.00321      
1.00301      
1.00271      
1.00233      
1.00190      
1.00143      
1.00097
1.00055      
1.00020     
0.999958     
0.999851     
0.999902      
1.00012      
1.00051      
1.00106      
1.00174      
1.00248      
1.00324      
1.00390      
1.00435      
1.00445
1.00405      
1.00296      
1.00097     
0.997886     
0.993480     
0.987534     
0.979835     
0.970186     
0.958415     
0.944385     
0.928005     
0.909236     
0.888103     
0.864701
0.839201     
0.811848     
0.782968     
0.752958     
0.722285     
0.691473     
0.661088     
0.631728     
0.604001     
0.578508     
0.555821     
0.536466     
0.520900     
0.509501
0.502546     
0.500209
