   1.6715501e+08	       0.0000000	       0.0000000	       0.0000000	       0.0000000	       0.0000000	       0.0000000	       0.0000000	       0.0000000	       0.0000000	       0.0000000	       0.0000000	       0.0000000	
   1.6723501e+08	       1.0639369	       1.0587114	       1.1043445	       1.0981487	       1.1311568	       1.1292930	       1.1206797	       1.1201197	       1.1484925	       1.1447509	       1.1792786	       1.1749816	
   1.6731501e+08	       1.0841410	       1.0817738	       1.1189499	       1.1177932	       1.1523704	       1.1520851	       1.1431430	       1.1383586	       1.1706998	       1.1638649	       1.2002746	       1.1896862	
   1.6739501e+08	       1.0838501	       1.0816665	       1.1239891	       1.1167571	       1.1504343	       1.1481763	       1.1423812	       1.1365767	       1.1700857	       1.1658380	       1.1963542	       1.1816688	
   1.6747501e+08	       1.0862835	       1.0814089	       1.1171374	       1.1176331	       1.1476262	       1.1472919	       1.1386047	       1.1319691	       1.1714400	       1.1620925	       1.2008266	       1.1882490	
   1.6755501e+08	       1.0836102	       1.0794969	       1.1125179	       1.1138261	       1.1475135	       1.1505379	       1.1439344	       1.1346319	       1.1688640	       1.1607314	       1.1967390	       1.1853997	
   1.6763501e+08	       1.0799603	       1.0792390	       1.1113241	       1.1136971	       1.1463889	       1.1475356	       1.1372858	       1.1386835	       1.1692086	       1.1616048	       1.1978261	       1.1859375	
   1.6771501e+08	       1.0842726	       1.0793785	       1.1091721	       1.1144972	       1.1476445	       1.1448439	       1.1422194	       1.1328993	       1.1659253	       1.1603378	       1.1958875	       1.1863404	
   1.6779501e+08	       1.0845653	       1.0794503	       1.1106081	       1.1149167	       1.1481276	       1.1456683	       1.1428702	       1.1371597	       1.1658285	       1.1667702	       1.2017606	       1.1923907	
   1.6787501e+08	       1.0805235	       1.0807433	       1.1097562	       1.1124045	       1.1448018	       1.1434255	       1.1365623	       1.1342267	       1.1639487	       1.1636079	       1.1942195	       1.1860207	
   1.6795501e+08	       1.0817824	       1.0802365	       1.1138072	       1.1116448	       1.1437379	       1.1425609	       1.1363746	       1.1325286	       1.1657718	       1.1630217	       1.1949393	       1.1873769	
   1.6803501e+08	       1.0829953	       1.0806244	       1.1131517	       1.1100246	       1.1400026	       1.1437307	       1.1369809	       1.1314903	       1.1637485	       1.1573074	       1.1930809	       1.1809672	
   1.6811501e+08	       1.0842907	       1.0778776	       1.1122530	       1.1114679	       1.1412856	       1.1457389	       1.1371179	       1.1323845	       1.1622148	       1.1550134	       1.1927725	       1.1842172	
   1.6819501e+08	       1.0799417	       1.0772413	       1.1103490	       1.1076956	       1.1401434	       1.1412494	       1.1331989	       1.1280881	       1.1604663	       1.1559326	       1.1895140	       1.1785553	
   1.6827501e+08	       1.0652717	       1.0642847	       1.0927494	       1.0926033	       1.1230703	       1.1260622	       1.1149551	       1.1124990	       1.1455480	       1.1394907	       1.1720386	       1.1625072	
   1.6835501e+08	       0.0000000	       0.0000000	       0.0000000	       0.0000000	       0.0000000	       0.0000000	       0.0000000	       0.0000000	       0.0000000	       0.0000000	       0.0000000	       0.0000000	
   1.6843501e+08	       0.0000000	       0.0000000	       0.0000000	       0.0000000	       0.0000000	       0.0000000	       0.0000000	       0.0000000	       0.0000000	       0.0000000	       0.0000000	       0.0000000	
   1.6851501e+08	       1.0646332	       1.0572063	       1.0842147	       1.0878787	       1.1199927	       1.1194278	       1.1151213	       1.1160640	       1.1381872	       1.1322856	       1.1685714	       1.1627447	
   1.6859501e+08	       1.0808664	       1.0773608	       1.1048426	       1.1072607	       1.1399423	       1.1410084	       1.1365298	       1.1325913	       1.1539937	       1.1502653	       1.1869632	       1.1794475	
   1.6867501e+08	       1.0802984	       1.0795283	       1.1086532	       1.1088700	       1.1411446	       1.1397165	       1.1355928	       1.1314105	       1.1576911	       1.1524184	       1.1837340	       1.1781271	
   1.6875501e+08	       1.0789756	       1.0769981	       1.1080250	       1.1074676	       1.1399591	       1.1386803	       1.1341824	       1.1324586	       1.1580700	       1.1532175	       1.1831892	       1.1740656	
   1.6883501e+08	       1.0810669	       1.0776485	       1.1096962	       1.1067146	       1.1373316	       1.1389479	       1.1370574	       1.1320362	       1.1533030	       1.1502221	       1.1818052	       1.1752196	
   1.6891501e+08	       1.0809867	       1.0751355	       1.1100724	       1.1062607	       1.1420074	       1.1388802	       1.1341655	       1.1280913	       1.1580709	       1.1489363	       1.1849602	       1.1760742	
   1.6899501e+08	       1.0801304	       1.0775237	       1.1044458	       1.1053962	       1.1402893	       1.1360667	       1.1336087	       1.1277477	       1.1559788	       1.1495494	       1.1834856	       1.1719882	
   1.6907501e+08	       1.0784246	       1.0774354	       1.1012108	       1.1004446	       1.1403453	       1.1417574	       1.1356513	       1.1271090	       1.1586778	       1.1533102	       1.1816280	       1.1711302	
   1.6915501e+08	       1.0795224	       1.0787308	       1.1008338	       1.1023851	       1.1358468	       1.1344775	       1.1346123	       1.1306686	       1.1515580	       1.1458249	       1.1779023	       1.1706803	
   1.6923501e+08	       1.0751687	       1.0792570	       1.1015406	       1.1026407	       1.1350766	       1.1340950	       1.1389976	       1.1296133	       1.1496617	       1.1454415	       1.1731106	       1.1662705	
   1.6931501e+08	       1.0787424	       1.0754421	       1.0984193	       1.1028394	       1.1339094	       1.1311977	       1.1347098	       1.1271872	       1.1491715	       1.1478598	       1.1725761	       1.1639995	
   1.6939501e+08	       1.0779437	       1.0763349	       1.1003364	       1.1027426	       1.1327986	       1.1289263	       1.1280296	       1.1247089	       1.1493591	       1.1438136	       1.1723374	       1.1671097	
   1.6947501e+08	       1.0743866	       1.0742287	       1.1018304	       1.1059832	       1.1329140	       1.1292282	       1.1285597	       1.1240269	       1.1462579	       1.1409839	       1.1726022	       1.1616495	
   1.6955501e+08	       1.0610034	       1.0534225	       1.0897332	       1.0919105	       1.1151791	       1.1165954	       1.1123726	       1.1067852	       1.1286212	       1.1276351	       1.1516428	       1.1463988	
   1.6963501e+08	       0.0000000	       0.0000000	       0.0000000	       0.0000000	       0.0000000	       0.0000000	       0.0000000	       0.0000000	       0.0000000	       0.0000000	       0.0000000	       0.0000000	
   1.6971501e+08	       0.0000000	       0.0000000	       0.0000000	       0.0000000	       0.0000000	       0.0000000	       0.0000000	       0.0000000	       0.0000000	       0.0000000	       0.0000000	       0.0000000	
   1.6979501e+08	       1.0546238	       1.0490775	       1.0896317	       1.0891700	       1.1068331	       1.1117060	       1.0904866	       1.0946833	       1.1227870	       1.1222545	       1.1440524	       1.1428022	
   1.6987501e+08	       1.0736288	       1.0717893	       1.1052016	       1.1054748	       1.1323949	       1.1298367	       1.1184788	       1.1111400	       1.1421648	       1.1410913	       1.1635846	       1.1625420	
   1.6995501e+08	       1.0781342	       1.0691972	       1.1094228	       1.1095397	       1.1296374	       1.1305590	       1.1173301	       1.1149998	       1.1412817	       1.1407143	       1.1664507	       1.1597835	
   1.7003501e+08	       1.0802523	       1.0662063	       1.1020388	       1.1068294	       1.1255097	       1.1293314	       1.1168545	       1.1139118	       1.1413333	       1.1345161	       1.1657656	       1.1583902	
   1.7011501e+08	       1.0748520	       1.0668689	       1.1051807	       1.1065234	       1.1276827	       1.1254215	       1.1124750	       1.1169263	       1.1389119	       1.1380391	       1.1599813	       1.1545546	
   1.7019501e+08	       1.0775348	       1.0694993	       1.1071712	       1.1073315	       1.1253941	       1.1297146	       1.1123347	       1.1070798	       1.1370045	       1.1338327	       1.1562021	       1.1555214	
   1.7027501e+08	       1.0766619	       1.0721969	       1.1040988	       1.1059553	       1.1255964	       1.1259366	       1.1154153	       1.1064183	       1.1367258	       1.1341887	       1.1557215	       1.1556650	
   1.7035501e+08	       1.0783769	       1.0732476	       1.1069612	       1.1065739	       1.1274378	       1.1293058	       1.1133129	       1.1105282	       1.1401074	       1.1377036	       1.1555625	       1.1507381	
   1.7043501e+08	       1.0781213	       1.0725676	       1.1053813	       1.1031894	       1.1242327	       1.1269871	       1.1187252	       1.1145631	       1.1331524	       1.1344711	       1.1525005	       1.1510432	
   1.7051501e+08	       1.0785616	       1.0735899	       1.1066060	       1.1020472	       1.1290425	       1.1273105	       1.1135815	       1.1154516	       1.1329448	       1.1320611	       1.1533392	       1.1514542	
   1.7059501e+08	       1.0794208	       1.0725534	       1.1055914	       1.1057974	       1.1267964	       1.1259258	       1.1152227	       1.1151288	       1.1330305	       1.1338073	       1.1509927	       1.1497270	
   1.7067501e+08	       1.0796508	       1.0774453	       1.1012430	       1.1025365	       1.1244796	       1.1266558	       1.1160541	       1.1139170	       1.1352997	       1.1349836	       1.1557496	       1.1478549	
   1.7075501e+08	       1.0802552	       1.0720666	       1.0957950	       1.1004857	       1.1245972	       1.1268472	       1.1177923	       1.1116368	       1.1323094	       1.1348974	       1.1478942	       1.1442231	
   1.7083501e+08	       1.0625770	       1.0555491	       1.0788989	       1.0833603	       1.1090169	       1.1084715	       1.1018158	       1.0982728	       1.1208339	       1.1218890	       1.1359109	       1.1312855	
   1.7091501e+08	       0.0000000	       0.0000000	       0.0000000	       0.0000000	       0.0000000	       0.0000000	       0.0000000	       0.0000000	       0.0000000	       0.0000000	       0.0000000	       0.0000000	
   1.7099501e+08	       0.0000000	       0.0000000	       0.0000000	       0.0000000	       0.0000000	       0.0000000	       0.0000000	       0.0000000	       0.0000000	       0.0000000	       0.0000000	       0.0000000	
   1.7107501e+08	       1.0605145	       1.0519792	       1.0804817	       1.0810600	       1.1030023	       1.1045187	       1.0919039	       1.0902514	       1.1108810	       1.1149877	       1.1266987	       1.1273314	
   1.7115501e+08	       1.0809159	       1.0734105	       1.1036588	       1.1014641	       1.1196857	       1.1217565	       1.1123707	       1.1144446	       1.1298566	       1.1296027	       1.1508057	       1.1476979	
   1.7123501e+08	       1.0824485	       1.0747410	       1.1041498	       1.0999343	       1.1203858	       1.1238238	       1.1093485	       1.1082240	       1.1328926	       1.1305070	       1.1520264	       1.1486150	
   1.7131501e+08	       1.0825768	       1.0760911	       1.1041348	       1.0998594	       1.1199058	       1.1211147	       1.1115496	       1.1051429	       1.1322077	       1.1279447	       1.1529623	       1.1510323	
   1.7139501e+08	       1.0779055	       1.0775712	       1.1004723	       1.0978566	       1.1207077	       1.1215472	       1.1056373	       1.1044689	       1.1288592	       1.1281937	       1.1508674	       1.1487681	
   1.7147501e+08	       1.0779377	       1.0788902	       1.0997851	       1.0962986	       1.1222081	       1.1229826	       1.1097850	       1.1036309	       1.1291838	       1.1310612	       1.1496908	       1.1488812	
   1.7155501e+08	       1.0807906	       1.0760057	       1.0975614	       1.0964025	       1.1185610	       1.1206353	       1.1118469	       1.1048426	       1.1285263	       1.1264849	       1.1489443	       1.1481959	
   1.7163501e+08	       1.0823740	       1.0753551	       1.0963403	       1.0957612	       1.1170989	       1.1181167	       1.1185099	       1.1137709	       1.1275226	       1.1336502	       1.1490345	       1.1486151	
   1.7171501e+08	       1.0770273	       1.0765013	       1.0941061	       1.0950389	       1.1170443	       1.1167081	       1.1166419	       1.1004198	       1.1293449	       1.1267232	       1.1447144	       1.1471759	
   1.7179501e+08	       1.0801458	       1.0759759	       1.0954298	       1.0976857	       1.1203961	       1.1189651	       1.1125178	       1.1076179	       1.1216575	       1.1207467	       1.1501895	       1.1451848	
   1.7187501e+08	       1.0795911	       1.0773989	       1.0987065	       1.0961531	       1.1173632	       1.1180190	       1.1137016	       1.1044626	       1.1241229	       1.1233090	       1.1454929	       1.1430243	
   1.7195501e+08	       1.0791774	       1.0776553	       1.0992461	       1.0972355	       1.1142529	       1.1164191	       1.1190329	       1.1003830	       1.1231254	       1.1205889	       1.1404800	       1.1416184	
   1.7203501e+08	       1.0824844	       1.0783295	       1.1006835	       1.0995735	       1.1132948	       1.1123849	       1.1133878	       1.1005934	       1.1223023	       1.1215042	       1.1418919	       1.1359651	
   1.7211501e+08	       1.0633957	       1.0595355	       1.0872276	       1.0799121	       1.0983615	       1.0989202	       1.0961006	       1.0879487	       1.1054643	       1.1086356	       1.1251648	       1.1223021	
   1.7219501e+08	       0.0000000	       0.0000000	       0.0000000	       0.0000000	       0.0000000	       0.0000000	       0.0000000	       0.0000000	       0.0000000	       0.0000000	       0.0000000	       0.0000000	
   1.7227501e+08	       0.0000000	       0.0000000	       0.0000000	       0.0000000	       0.0000000	       0.0000000	       0.0000000	       0.0000000	       0.0000000	       0.0000000	       0.0000000	       0.0000000	
   1.7235501e+08	       1.0574575	       1.0538480	       1.0773909	       1.0763319	       1.0953169	       1.0949526	       1.0893220	       1.0838416	       1.1005016	       1.1012124	       1.1167907	       1.1147353	
   1.7243501e+08	       1.0798334	       1.0733745	       1.0960329	       1.0999180	       1.1148373	       1.1179814	       1.1068827	       1.0990604	       1.1243017	       1.1168594	       1.1394679	       1.1317242	
   1.7251501e+08	       1.0789329	       1.0744361	       1.0961385	       1.0995694	       1.1135225	       1.1160909	       1.1103600	       1.0987909	       1.1195382	       1.1196525	       1.1362031	       1.1322280	
   1.7259501e+08	       1.0794058	       1.0700886	       1.0972017	       1.0985803	       1.1149204	       1.1151788	       1.1050429	       1.0961092	       1.1215973	       1.1218167	       1.1332953	       1.1316798	
   1.7267501e+08	       1.0762436	       1.0718280	       1.0954745	       1.0991180	       1.1148882	       1.1133979	       1.1122786	       1.1045704	       1.1226466	       1.1154907	       1.1331160	       1.1320458	
   1.7275501e+08	       1.0739782	       1.0705094	       1.0987446	       1.1015517	       1.1152112	       1.1127317	       1.1107269	       1.1025502	       1.1171634	       1.1209842	       1.1325525	       1.1304635	
   1.7283501e+08	       1.0750429	       1.0699458	       1.0979366	       1.0989029	       1.1127825	       1.1138590	       1.1093380	       1.1002259	       1.1169599	       1.1196116	       1.1319794	       1.1332859	
   1.7291501e+08	       1.0757548	       1.0754831	       1.0970807	       1.1016593	       1.1092740	       1.1131834	       1.1123940	       1.0977821	       1.1233945	       1.1201125	       1.1394531	       1.1283949	
   1.7299501e+08	       1.0716713	       1.0703421	       1.0955163	       1.0979834	       1.1123389	       1.1123364	       1.1103232	       1.0930737	       1.1186577	       1.1184041	       1.1338542	       1.1299003	
   1.7307501e+08	       1.0734576	       1.0716917	       1.0967374	       1.0946658	       1.1116213	       1.1118148	       1.1081557	       1.0998555	       1.1210549	       1.1182052	       1.1316700	       1.1284601	
   1.7315501e+08	       1.0734020	       1.0763092	       1.0912910	       1.0931812	       1.1092877	       1.1098449	       1.1005337	       1.0959873	       1.1209043	       1.1182056	       1.1327700	       1.1229113	
   1.7323501e+08	       1.0746545	       1.0764925	       1.0907097	       1.0945150	       1.1091122	       1.1075584	       1.1052928	       1.0964281	       1.1178092	       1.1176440	       1.1293257	       1.1238976	
   1.7331501e+08	       1.0750007	       1.0735425	       1.0891825	       1.0943228	       1.1072371	       1.1041595	       1.1034330	       1.0957488	       1.1143129	       1.1171224	       1.1297624	       1.1196962	
   1.7339501e+08	       1.0591677	       1.0559997	       1.0769942	       1.0784547	       1.0862914	       1.0888292	       1.0841509	       1.0818812	       1.1004519	       1.0985580	       1.1141328	       1.1045416	
   1.7347501e+08	       0.0000000	       0.0000000	       0.0000000	       0.0000000	       0.0000000	       0.0000000	       0.0000000	       0.0000000	       0.0000000	       0.0000000	       0.0000000	       0.0000000	
   1.7355501e+08	       0.0000000	       0.0000000	       0.0000000	       0.0000000	       0.0000000	       0.0000000	       0.0000000	       0.0000000	       0.0000000	       0.0000000	       0.0000000	       0.0000000	
   1.7363501e+08	       1.0574608	       1.0517001	       1.0746174	       1.0722338	       1.0885490	       1.0837435	       1.0808002	       1.0772234	       1.0951817	       1.0972515	       1.1029895	       1.1012111	
   1.7371501e+08	       1.0746881	       1.0745346	       1.0945261	       1.0909557	       1.1051769	       1.1035678	       1.1049025	       1.0913288	       1.1145855	       1.1113838	       1.1294941	       1.1172508	
   1.7379501e+08	       1.0756496	       1.0749892	       1.0902627	       1.0923083	       1.1065291	       1.1027029	       1.1007976	       1.0924502	       1.1168606	       1.1111200	       1.1253873	       1.1188237	
   1.7387501e+08	       1.0739527	       1.0719589	       1.0927515	       1.0888787	       1.1015366	       1.1040660	       1.1015034	       1.0918718	       1.1127607	       1.1117116	       1.1281765	       1.1177643	
   1.7395501e+08	       1.0707167	       1.0717622	       1.0880252	       1.0881926	       1.1052952	       1.1026612	       1.0965574	       1.0918510	       1.1157597	       1.1111840	       1.1228541	       1.1182934	
   1.7403501e+08	       1.0709420	       1.0727891	       1.0825679	       1.0872548	       1.1013770	       1.0984018	       1.1000654	       1.0904571	       1.1109056	       1.1119832	       1.1291693	       1.1161145	
   1.7411501e+08	       1.0695849	       1.0712157	       1.0823190	       1.0871029	       1.1033217	       1.0991218	       1.0969236	       1.0878143	       1.1145363	       1.1112203	       1.1277647	       1.1172128	
   1.7419501e+08	       1.0681175	       1.0747552	       1.0850554	       1.0907734	       1.1023514	       1.0979730	       1.0983367	       1.0887026	       1.1121426	       1.1118378	       1.1289792	       1.1138233	
   1.7427501e+08	       1.0727844	       1.0742534	       1.0836479	       1.0855138	       1.1000025	       1.0995414	       1.0986271	       1.0876853	       1.1080919	       1.1040427	       1.1261614	       1.1138651	
   1.7435501e+08	       1.0713358	       1.0769679	       1.0852216	       1.0867196	       1.0970232	       1.1004552	       1.0936865	       1.0889740	       1.1095770	       1.1033229	       1.1257288	       1.1149190	
   1.7443501e+08	       1.0707651	       1.0747508	       1.0882188	       1.0879185	       1.0989432	       1.0982252	       1.0946751	       1.0896063	       1.1087507	       1.1049083	       1.1227818	       1.1081361	
   1.7451501e+08	       1.0697496	       1.0747132	       1.0876420	       1.0839493	       1.0984350	       1.0955770	       1.0965786	       1.0893730	       1.1054827	       1.1058829	       1.1183377	       1.1109285	
   1.7459501e+08	       1.0679774	       1.0732200	       1.0830123	       1.0817921	       1.0985657	       1.0931276	       1.0951000	       1.0912800	       1.1045166	       1.1021335	       1.1174058	       1.1081817	
   1.7467501e+08	       1.0555022	       1.0587383	       1.0638774	       1.0657134	       1.0811421	       1.0764011	       1.0861222	       1.0729338	       1.0878198	       1.0879863	       1.0985721	       1.0863530	
   1.7475501e+08	       0.0000000	       0.0000000	       0.0000000	       0.0000000	       0.0000000	       0.0000000	       0.0000000	       0.0000000	       0.0000000	       0.0000000	       0.0000000	       0.0000000	
   1.7483501e+08	       0.0000000	       0.0000000	       0.0000000	       0.0000000	       0.0000000	       0.0000000	       0.0000000	       0.0000000	       0.0000000	       0.0000000	       0.0000000	       0.0000000	
   1.7491501e+08	       1.0497633	       1.0510971	       1.0588388	       1.0609742	       1.0777979	       1.0720998	       1.0759495	       1.0709488	       1.0801492	       1.0820742	       1.0949333	       1.0836902	
   1.7499501e+08	       1.0692995	       1.0697500	       1.0775078	       1.0802451	       1.0947442	       1.0916112	       1.1002328	       1.0882505	       1.1010181	       1.0991871	       1.1137333	       1.1046596	
   1.7507501e+08	       1.0710412	       1.0699730	       1.0807635	       1.0821475	       1.0926361	       1.0916195	       1.1005548	       1.0885652	       1.0989876	       1.0997489	       1.1125389	       1.1014743	
   1.7515501e+08	       1.0708886	       1.0691023	       1.0843149	       1.0814931	       1.0916429	       1.0887237	       1.0956885	       1.0923843	       1.0978382	       1.0973118	       1.1136049	       1.1033097	
   1.7523501e+08	       1.0677368	       1.0711135	       1.0827127	       1.0843979	       1.0908514	       1.0864657	       1.0923053	       1.0862294	       1.0983049	       1.0943206	       1.1128509	       1.0997639	
   1.7531501e+08	       1.0632274	       1.0673143	       1.0842803	       1.0819176	       1.0907991	       1.0861113	       1.0927382	       1.0854236	       1.0933225	       1.0926274	       1.1084981	       1.1003175	
   1.7539501e+08	       1.0638979	       1.0678760	       1.0843882	       1.0817643	       1.0867595	       1.0813542	       1.0925133	       1.0849588	       1.0942509	       1.0942170	       1.1057601	       1.0961754	
   1.7547501e+08	       1.0660964	       1.0694627	       1.0850113	       1.0788214	       1.0888356	       1.0844778	       1.0948908	       1.0899883	       1.0964308	       1.0896331	       1.1043962	       1.0968584	
   1.7555501e+08	       1.0645627	       1.0662732	       1.0783821	       1.0786787	       1.0843392	       1.0856093	       1.0887705	       1.0860163	       1.0930556	       1.0876057	       1.1034699	       1.0922633	
   1.7563501e+08	       1.0641790	       1.0677697	       1.0753043	       1.0789318	       1.0858621	       1.0867793	       1.0870148	       1.0860597	       1.0930854	       1.0875119	       1.0985687	       1.0916109	
   1.7571501e+08	       1.0637461	       1.0672372	       1.0730915	       1.0756275	       1.0860987	       1.0838958	       1.0827777	       1.0799613	       1.0904837	       1.0909202	       1.0965502	       1.0910053	
   1.7579501e+08	       1.0631726	       1.0671704	       1.0743312	       1.0765413	       1.0836132	       1.0820393	       1.0844484	       1.0789966	       1.0909127	       1.0890744	       1.0967398	       1.0887908	
   1.7587501e+08	       1.0622292	       1.0684601	       1.0733598	       1.0770666	       1.0823831	       1.0785772	       1.0795140	       1.0815045	       1.0914117	       1.0846767	       1.0941080	       1.0875422	
   1.7595501e+08	       1.0471444	       1.0489834	       1.0637308	       1.0606995	       1.0629142	       1.0652185	       1.0623047	       1.0678065	       1.0729017	       1.0726296	       1.0797460	       1.0733745	
   1.7603501e+08	       0.0000000	       0.0000000	       0.0000000	       0.0000000	       0.0000000	       0.0000000	       0.0000000	       0.0000000	       0.0000000	       0.0000000	       0.0000000	       0.0000000	
   1.7611501e+08	       0.0000000	       0.0000000	       0.0000000	       0.0000000	       0.0000000	       0.0000000	       0.0000000	       0.0000000	       0.0000000	       0.0000000	       0.0000000	       0.0000000	
   1.7619501e+08	       1.0423915	       1.0413514	       1.0538493	       1.0522460	       1.0611576	       1.0597262	       1.0596931	       1.0629138	       1.0680650	       1.0655525	       1.0778292	       1.0713174	
   1.7627501e+08	       1.0599321	       1.0606141	       1.0704284	       1.0703725	       1.0809494	       1.0785689	       1.0801556	       1.0803763	       1.0872359	       1.0818899	       1.0923115	       1.0868777	
   1.7635501e+08	       1.0615522	       1.0612145	       1.0714234	       1.0671734	       1.0792734	       1.0773687	       1.0800413	       1.0774644	       1.0820024	       1.0833092	       1.0921548	       1.0849204	
   1.7643501e+08	       1.0594233	       1.0579411	       1.0652510	       1.0679013	       1.0786850	       1.0787950	       1.0737271	       1.0757421	       1.0848075	       1.0799921	       1.0910677	       1.0898845	
   1.7651501e+08	       1.0586462	       1.0567306	       1.0647686	       1.0651811	       1.0726280	       1.0762583	       1.0732506	       1.0707596	       1.0829904	       1.0797341	       1.0919040	       1.0870596	
   1.7659501e+08	       1.0563474	       1.0597739	       1.0660978	       1.0678402	       1.0733611	       1.0770818	       1.0688895	       1.0716627	       1.0830357	       1.0805183	       1.0903081	       1.0829783	
   1.7667501e+08	       1.0578693	       1.0591730	       1.0647699	       1.0698847	       1.0737725	       1.0725407	       1.0726801	       1.0717468	       1.0808400	       1.0749664	       1.0909569	       1.0832302	
   1.7675501e+08	       1.0562442	       1.0598706	       1.0694620	       1.0686575	       1.0733485	       1.0740993	       1.0649163	       1.0668228	       1.0838353	       1.0814800	       1.0861111	       1.0761575	
   1.7683501e+08	       1.0546804	       1.0614345	       1.0691399	       1.0673390	       1.0745577	       1.0705299	       1.0643013	       1.0674882	       1.0785435	       1.0762651	       1.0795775	       1.0723579	
   1.7691501e+08	       1.0539189	       1.0568483	       1.0676935	       1.0671535	       1.0712152	       1.0712434	       1.0665189	       1.0602029	       1.0773114	       1.0728798	       1.0827788	       1.0728110	
   1.7699501e+08	       1.0514793	       1.0627575	       1.0660421	       1.0674632	       1.0708657	       1.0729466	       1.0632407	       1.0642483	       1.0762130	       1.0702344	       1.0812758	       1.0754130	
   1.7707501e+08	       1.0539937	       1.0585523	       1.0652121	       1.0659934	       1.0668256	       1.0694928	       1.0646929	       1.0635608	       1.0753614	       1.0714450	       1.0780257	       1.0730343	
   1.7715501e+08	       1.0523659	       1.0604139	       1.0604399	       1.0648206	       1.0671126	       1.0693368	       1.0597596	       1.0582541	       1.0671651	       1.0660723	       1.0803392	       1.0707184	
   1.7723501e+08	       1.0358328	       1.0441738	       1.0438044	       1.0479424	       1.0535446	       1.0521427	       1.0522196	       1.0482130	       1.0530680	       1.0471321	       1.0618123	       1.0553169	
   1.7731501e+08	       0.0000000	       0.0000000	       0.0000000	       0.0000000	       0.0000000	       0.0000000	       0.0000000	       0.0000000	       0.0000000	       0.0000000	       0.0000000	       0.0000000	
   1.7739501e+08	       0.0000000	       0.0000000	       0.0000000	       0.0000000	       0.0000000	       0.0000000	       0.0000000	       0.0000000	       0.0000000	       0.0000000	       0.0000000	       0.0000000	
   1.7747501e+08	       1.0298508	       1.0330955	       1.0378801	       1.0410667	       1.0411757	       1.0446245	       1.0469854	       1.0420027	       1.0425361	       1.0445639	       1.0576003	       1.0525432	
   1.7755501e+08	       1.0485613	       1.0527263	       1.0595389	       1.0611293	       1.0599214	       1.0595540	       1.0620339	       1.0632210	       1.0628412	       1.0610976	       1.0688246	       1.0681133	
   1.7763501e+08	       1.0501667	       1.0519510	       1.0587217	       1.0577930	       1.0573929	       1.0633622	       1.0638401	       1.0603356	       1.0645879	       1.0630911	       1.0710563	       1.0665328	
   1.7771501e+08	       1.0481577	       1.0515341	       1.0612519	       1.0573929	       1.0596248	       1.0608898	       1.0625382	       1.0601813	       1.0634774	       1.0585243	       1.0680703	       1.0621153	
   1.7779501e+08	       1.0475702	       1.0478781	       1.0595219	       1.0568554	       1.0561157	       1.0561537	       1.0566530	       1.0583162	       1.0600456	       1.0600485	       1.0671697	       1.0619415	
   1.7787501e+08	       1.0472496	       1.0498665	       1.0584806	       1.0545062	       1.0590532	       1.0573369	       1.0551710	       1.0572049	       1.0613165	       1.0589556	       1.0655926	       1.0620582	
   1.7795501e+08	       1.0444314	       1.0478796	       1.0538001	       1.0546327	       1.0566787	       1.0558995	       1.0508145	       1.0573933	       1.0586582	       1.0579175	       1.0585300	       1.0588015	
   1.7803501e+08	       1.0418443	       1.0490421	       1.0499858	       1.0536973	       1.0589312	       1.0576328	       1.0594403	       1.0539982	       1.0579642	       1.0575237	       1.0624572	       1.0626462	
   1.7811501e+08	       1.0447955	       1.0513007	       1.0450411	       1.0521681	       1.0536373	       1.0572412	       1.0552699	       1.0543558	       1.0569428	       1.0562225	       1.0621847	       1.0561490	
   1.7819501e+08	       1.0415450	       1.0500969	       1.0479934	       1.0515316	       1.0547811	       1.0554567	       1.0557754	       1.0566685	       1.0570921	       1.0541292	       1.0600122	       1.0571571	
   1.7827501e+08	       1.0426233	       1.0493493	       1.0471835	       1.0507620	       1.0540624	       1.0531564	       1.0601089	       1.0543642	       1.0538464	       1.0505429	       1.0583514	       1.0561993	
   1.7835501e+08	       1.0412956	       1.0500477	       1.0475180	       1.0530081	       1.0511649	       1.0503559	       1.0581287	       1.0503866	       1.0545565	       1.0500145	       1.0561395	       1.0532940	
   1.7843501e+08	       1.0423057	       1.0474276	       1.0511622	       1.0496318	       1.0489884	       1.0491163	       1.0481482	       1.0465580	       1.0521682	       1.0473777	       1.0533566	       1.0538799	
   1.7851501e+08	       1.0221556	       1.0309674	       1.0341771	       1.0361162	       1.0343325	       1.0328387	       1.0349214	       1.0340262	       1.0394196	       1.0319716	       1.0416182	       1.0372275	
   1.7859501e+08	       0.0000000	       0.0000000	       0.0000000	       0.0000000	       0.0000000	       0.0000000	       0.0000000	       0.0000000	       0.0000000	       0.0000000	       0.0000000	       0.0000000	
   1.7867501e+08	       0.0000000	       0.0000000	       0.0000000	       0.0000000	       0.0000000	       0.0000000	       0.0000000	       0.0000000	       0.0000000	       0.0000000	       0.0000000	       0.0000000	
   1.7875501e+08	       1.0185668	       1.0195480	       1.0229947	       1.0256888	       1.0260077	       1.0240657	       1.0308573	       1.0258808	       1.0317524	       1.0320188	       1.0385463	       1.0343505	
   1.7883501e+08	       1.0367506	       1.0400939	       1.0407701	       1.0426811	       1.0455012	       1.0448954	       1.0461350	       1.0481634	       1.0517308	       1.0494699	       1.0573804	       1.0532339	
   1.7891501e+08	       1.0357293	       1.0349120	       1.0400995	       1.0425123	       1.0489273	       1.0445745	       1.0429845	       1.0489216	       1.0536100	       1.0488268	       1.0532326	       1.0475367	
   1.7899501e+08	       1.0371323	       1.0369472	       1.0365829	       1.0418897	       1.0475152	       1.0419889	       1.0476611	       1.0509758	       1.0519861	       1.0480422	       1.0529406	       1.0446390	
   1.7907501e+08	       1.0353089	       1.0366008	       1.0410638	       1.0418378	       1.0440386	       1.0418672	       1.0449152	       1.0463611	       1.0513972	       1.0474388	       1.0501159	       1.0458889	
   1.7915501e+08	       1.0331749	       1.0347750	       1.0410117	       1.0421620	       1.0441956	       1.0414004	       1.0429368	       1.0444829	       1.0523227	       1.0465722	       1.0450803	       1.0476833	
   1.7923501e+08	       1.0308458	       1.0354552	       1.0429915	       1.0447625	       1.0437364	       1.0390563	       1.0437539	       1.0426094	       1.0495733	       1.0492063	       1.0424137	       1.0440091	
   1.7931501e+08	       1.0286749	       1.0343870	       1.0426532	       1.0422089	       1.0431730	       1.0385350	       1.0524026	       1.0449081	       1.0467347	       1.0487707	       1.0446827	       1.0448768	
   1.7939501e+08	       1.0296692	       1.0361078	       1.0424342	       1.0428172	       1.0395826	       1.0385157	       1.0461498	       1.0440013	       1.0477780	       1.0420956	       1.0404296	       1.0399885	
   1.7947501e+08	       1.0309747	       1.0337112	       1.0378677	       1.0390893	       1.0421812	       1.0374093	       1.0449793	       1.0481098	       1.0471853	       1.0440376	       1.0438647	       1.0391658	
   1.7955501e+08	       1.0294829	       1.0357830	       1.0337130	       1.0375843	       1.0372343	       1.0355932	       1.0449892	       1.0430304	       1.0438096	       1.0395560	       1.0407873	       1.0350535	
   1.7963501e+08	       1.0305094	       1.0370665	       1.0332203	       1.0346500	       1.0354094	       1.0333327	       1.0452831	       1.0474175	       1.0437405	       1.0412869	       1.0382521	       1.0353512	
   1.7971501e+08	       1.0268493	       1.0393414	       1.0306563	       1.0349861	       1.0338211	       1.0311344	       1.0424615	       1.0435936	       1.0396190	       1.0392960	       1.0371532	       1.0337288	
   1.7979501e+08	       1.0158851	       1.0215149	       1.0160852	       1.0188101	       1.0189732	       1.0145214	       1.0281723	       1.0263986	       1.0268841	       1.0228693	       1.0201362	       1.0157251	
   1.7987501e+08	       0.0000000	       0.0000000	       0.0000000	       0.0000000	       0.0000000	       0.0000000	       0.0000000	       0.0000000	       0.0000000	       0.0000000	       0.0000000	       0.0000000	
   1.7995501e+08	       0.0000000	       0.0000000	       0.0000000	       0.0000000	       0.0000000	       0.0000000	       0.0000000	       0.0000000	       0.0000000	       0.0000000	       0.0000000	       0.0000000	
   1.8003501e+08	       1.0125663	       1.0138339	       1.0137697	       1.0122820	       1.0146606	       1.0139315	       1.0182870	       1.0189400	       1.0175004	       1.0195357	       1.0116175	       1.0098649	
   1.8011501e+08	       1.0302311	       1.0319773	       1.0340358	       1.0322233	       1.0334484	       1.0315634	       1.0329063	       1.0412634	       1.0348390	       1.0362768	       1.0299647	       1.0328369	
   1.8019501e+08	       1.0308172	       1.0315244	       1.0333490	       1.0330909	       1.0322247	       1.0302982	       1.0283025	       1.0389517	       1.0352095	       1.0355751	       1.0284331	       1.0340366	
   1.8027501e+08	       1.0315189	       1.0277527	       1.0307277	       1.0313881	       1.0291772	       1.0292468	       1.0318211	       1.0381791	       1.0379611	       1.0331333	       1.0229879	       1.0331103	
   1.8035501e+08	       1.0296577	       1.0267840	       1.0249326	       1.0303997	       1.0297240	       1.0273695	       1.0308337	       1.0415988	       1.0335380	       1.0324313	       1.0251522	       1.0266736	
   1.8043501e+08	       1.0279607	       1.0264544	       1.0229820	       1.0315578	       1.0262044	       1.0263286	       1.0284988	       1.0330883	       1.0353309	       1.0304817	       1.0251257	       1.0267206	
   1.8051501e+08	       1.0240013	       1.0226470	       1.0233599	       1.0311220	       1.0244471	       1.0266240	       1.0277203	       1.0345733	       1.0287816	       1.0301525	       1.0214105	       1.0242178	
   1.8059501e+08	       1.0234501	       1.0241314	       1.0238832	       1.0281333	       1.0255944	       1.0260695	       1.0205408	       1.0409814	       1.0321513	       1.0337774	       1.0242385	       1.0288794	
   1.8067501e+08	       1.0249556	       1.0281715	       1.0237087	       1.0285749	       1.0226291	       1.0228229	       1.0318803	       1.0357343	       1.0264493	       1.0248722	       1.0211901	       1.0236075	
   1.8075501e+08	       1.0238051	       1.0260721	       1.0259132	       1.0308262	       1.0216917	       1.0244167	       1.0247649	       1.0268022	       1.0247950	       1.0289188	       1.0201278	       1.0214777	
   1.8083501e+08	       1.0244945	       1.0296441	       1.0281310	       1.0321359	       1.0190072	       1.0231516	       1.0236960	       1.0291902	       1.0213742	       1.0247742	       1.0194553	       1.0189053	
   1.8091501e+08	       1.0250467	       1.0294104	       1.0279615	       1.0305256	       1.0214366	       1.0252626	       1.0254697	       1.0309107	       1.0184008	       1.0227524	       1.0224385	       1.0186192	
   1.8099501e+08	       1.0241756	       1.0285743	       1.0254518	       1.0296117	       1.0204264	       1.0201999	       1.0237560	       1.0263559	       1.0189868	       1.0197397	       1.0175281	       1.0188265	
   1.8107501e+08	       1.0079805	       1.0137716	       1.0104982	       1.0124353	       1.0038050	       1.0061653	       1.0110818	       1.0146423	       1.0050172	       1.0060720	       1.0027010	       1.0012998	
   1.8115501e+08	       0.0000000	       0.0000000	       0.0000000	       0.0000000	       0.0000000	       0.0000000	       0.0000000	       0.0000000	       0.0000000	       0.0000000	       0.0000000	       0.0000000	
   1.8123501e+08	       0.0000000	       0.0000000	       0.0000000	       0.0000000	       0.0000000	       0.0000000	       0.0000000	       0.0000000	       0.0000000	       0.0000000	       0.0000000	       0.0000000	
   1.8131501e+08	       1.0037413	       1.0066977	      0.99978827	       1.0057283	      0.99452021	       1.0006337	       1.0035139	       1.0083960	       1.0006627	       1.0002358	      0.99518731	      0.99283432	
   1.8139501e+08	       1.0242691	       1.0250265	       1.0177522	       1.0250958	       1.0146971	       1.0171690	       1.0238619	       1.0273774	       1.0166787	       1.0217778	       1.0111327	       1.0118287	
   1.8147501e+08	       1.0280609	       1.0224680	       1.0199249	       1.0265527	       1.0132428	       1.0177466	       1.0201174	       1.0255082	       1.0152014	       1.0182674	       1.0100305	       1.0130562	
   1.8155501e+08	       1.0243502	       1.0230237	       1.0259281	       1.0305295	       1.0157569	       1.0160072	       1.0194451	       1.0180310	       1.0145345	       1.0185145	       1.0097225	       1.0122772	
   1.8163501e+08	       1.0228948	       1.0220656	       1.0257467	       1.0296875	       1.0134322	       1.0132299	       1.0168506	       1.0174222	       1.0154120	       1.0175488	       1.0102399	       1.0137933	
   1.8171501e+08	       1.0227256	       1.0214168	       1.0265064	       1.0307723	       1.0110356	       1.0149099	       1.0144584	       1.0214513	       1.0171116	       1.0185634	       1.0075522	       1.0082789	
   1.8179501e+08	       1.0197519	       1.0190800	       1.0254986	       1.0251231	       1.0091880	       1.0154740	       1.0108885	       1.0179120	       1.0151711	       1.0183637	       1.0065603	       1.0085337	
   1.8187501e+08	       1.0180250	       1.0169014	       1.0231438	       1.0236588	       1.0104417	       1.0130349	       1.0174185	       1.0142444	       1.0182948	       1.0216530	       1.0026571	       1.0091133	
   1.8195501e+08	       1.0186175	       1.0177242	       1.0187566	       1.0228409	       1.0124923	       1.0142700	       1.0097316	       1.0100036	       1.0156729	       1.0181855	       1.0018272	       1.0029894	
   1.8203501e+08	       1.0147795	       1.0181878	       1.0163175	       1.0239548	       1.0092175	       1.0107257	       1.0063400	       1.0124308	       1.0154581	       1.0186843	       1.0006929	       1.0039657	
   1.8211501e+08	       1.0161840	       1.0166409	       1.0166695	       1.0226164	       1.0083562	       1.0125539	       1.0046747	       1.0114356	       1.0139546	       1.0166006	      0.99731142	       1.0026560	
   1.8219501e+08	       1.0151683	       1.0210960	       1.0167761	       1.0212524	       1.0058762	       1.0087308	       1.0029763	       1.0072079	       1.0162913	       1.0156535	       1.0007552	       1.0036102	
   1.8227501e+08	       1.0176880	       1.0205291	       1.0175871	       1.0236014	       1.0047553	       1.0102867	       1.0014465	       1.0070318	       1.0112779	       1.0141611	      0.99649013	      0.99590187	
   1.8235501e+08	       1.0025754	       1.0062075	       1.0070393	       1.0084412	      0.98932317	      0.99157953	      0.99468986	      0.99518881	      0.99501320	       1.0023058	      0.97551691	      0.98256093	
   1.8243501e+08	       0.0000000	       0.0000000	       0.0000000	       0.0000000	       0.0000000	       0.0000000	       0.0000000	       0.0000000	       0.0000000	       0.0000000	       0.0000000	       0.0000000	
   1.8251501e+08	       0.0000000	       0.0000000	       0.0000000	       0.0000000	       0.0000000	       0.0000000	       0.0000000	       0.0000000	       0.0000000	       0.0000000	       0.0000000	       0.0000000	
   1.8259501e+08	      0.99821015	       1.0013369	       1.0043625	       1.0061736	      0.98326711	      0.98780564	      0.98971550	      0.98849144	      0.98937834	      0.99105269	      0.97401321	      0.97720733	
   1.8267501e+08	       1.0233678	       1.0186689	       1.0211563	       1.0236223	       1.0039124	       1.0065205	       1.0048748	       1.0045955	       1.0070085	       1.0103483	      0.99041348	      0.99723578	
   1.8275501e+08	       1.0204616	       1.0187894	       1.0188800	       1.0207021	       1.0024438	       1.0074307	       1.0074903	       1.0083020	       1.0031272	       1.0086541	      0.99307018	      0.99372822	
   1.8283501e+08	       1.0199376	       1.0179211	       1.0165522	       1.0197955	       1.0052337	       1.0064601	       1.0077608	       1.0053614	       1.0031554	       1.0064650	      0.99118753	      0.99527847	
   1.8291501e+08	       1.0210595	       1.0142698	       1.0144457	       1.0181068	       1.0030618	       1.0053491	       1.0054890	       1.0048631	       1.0070828	       1.0071673	      0.99034596	      0.99224657	
   1.8299501e+08	       1.0193180	       1.0161367	       1.0123328	       1.0163116	       1.0023587	       1.0018277	       1.0107519	       1.0124008	       1.0034411	       1.0075688	      0.99019642	      0.99495746	
   1.8307501e+08	       1.0183856	       1.0125849	       1.0137474	       1.0200000	       1.0032140	       1.0022114	       1.0071330	       1.0118683	       1.0075408	       1.0099483	      0.99014687	      0.99076769	
   1.8315501e+08	       1.0153468	       1.0172393	       1.0194066	       1.0186676	       1.0049696	       1.0000952	       1.0103169	       1.0129787	       1.0111108	       1.0101338	      0.98609587	      0.99192169	
   1.8323501e+08	       1.0184511	       1.0149190	       1.0191016	       1.0218556	       1.0002507	       1.0017839	       1.0045742	       1.0028769	       1.0029964	       1.0085662	      0.98942040	      0.99000338	
   1.8331501e+08	       1.0170568	       1.0179256	       1.0175433	       1.0163822	      0.99844811	       1.0000321	      0.99806423	       1.0038908	       1.0016255	       1.0079323	      0.99132637	      0.99044167	
   1.8339501e+08	       1.0161243	       1.0173075	       1.0156247	       1.0174653	      0.99780694	      0.99847062	       1.0018321	       1.0082008	       1.0001760	       1.0072986	      0.98702835	      0.98844116	
   1.8347501e+08	       1.0157652	       1.0188097	       1.0150309	       1.0149893	      0.99736697	      0.99658848	       1.0012445	       1.0052608	      0.99896840	       1.0040915	      0.98244983	      0.98751162	
   1.8355501e+08	       1.0141371	       1.0151361	       1.0119973	       1.0131815	      0.99863296	      0.99866958	      0.99760546	       1.0001425	      0.99385075	       1.0042829	      0.97864498	      0.98765198	
   1.8363501e+08	      0.99732581	       1.0015490	      0.99371558	      0.99925333	      0.98386630	      0.98395933	      0.97743003	      0.98482943	      0.97981048	      0.98982067	      0.96948356	      0.97450564	
   1.8371501e+08	       0.0000000	       0.0000000	       0.0000000	       0.0000000	       0.0000000	       0.0000000	       0.0000000	       0.0000000	       0.0000000	       0.0000000	       0.0000000	       0.0000000	
   1.8379501e+08	       0.0000000	       0.0000000	       0.0000000	       0.0000000	       0.0000000	       0.0000000	       0.0000000	       0.0000000	       0.0000000	       0.0000000	       0.0000000	       0.0000000	
   1.8387501e+08	      0.99387900	      0.99721645	      0.98981842	      0.99465809	      0.97555687	      0.97709891	      0.97757311	      0.98420495	      0.97858579	      0.98519863	      0.96845743	      0.97126921	
   1.8395501e+08	       1.0139329	       1.0168817	       1.0090649	       1.0123385	      0.99357015	      0.99785007	       1.0028253	       1.0045199	      0.99824401	       1.0033622	      0.98131235	      0.98608113	
   1.8403501e+08	       1.0160562	       1.0162017	       1.0126011	       1.0162735	      0.99404262	      0.99450881	       1.0020674	       1.0097279	      0.99604620	       1.0054180	      0.98342200	      0.98553133	
   1.8411501e+08	       1.0169062	       1.0134552	       1.0138400	       1.0138986	      0.99203399	      0.99381515	       1.0034396	       1.0099339	      0.99385262	       1.0026025	      0.98367083	      0.98836697	
   1.8419501e+08	       1.0145938	       1.0136213	       1.0130481	       1.0151922	      0.99473598	      0.99456848	      0.99862908	       1.0083421	      0.99069849	       1.0003685	      0.98227094	      0.98286209	
   1.8427501e+08	       1.0125541	       1.0102369	       1.0122045	       1.0132531	      0.99191173	      0.99486948	       1.0035430	       1.0044105	      0.99430491	      0.99911096	      0.97942316	      0.98504108	
   1.8435501e+08	       1.0116538	       1.0076847	       1.0085899	       1.0128822	      0.98970382	      0.99241317	      0.99683287	       1.0033847	      0.98994111	      0.99828992	      0.97983400	      0.98327047	
   1.8443501e+08	       1.0099786	       1.0091886	       1.0073029	       1.0113745	      0.99291490	      0.99274334	      0.99368436	       1.0039537	      0.99211085	      0.99911193	      0.98038631	      0.98158107	
   1.8451501e+08	       1.0102308	       1.0123892	       1.0054854	       1.0116764	      0.99094057	      0.99042071	      0.99671356	       1.0020690	      0.98943682	      0.99963560	      0.97530305	      0.98312433	
   1.8459501e+08	       1.0085437	       1.0095846	       1.0049347	       1.0099490	      0.98860660	      0.99130441	      0.99469523	       1.0035153	      0.99181021	      0.99636264	      0.97385906	      0.98189297	
   1.8467501e+08	       1.0089712	       1.0141478	       1.0046758	       1.0115409	      0.98892730	      0.98922664	      0.99635220	      0.99727649	      0.98575171	      0.99576003	      0.97762553	      0.97740217	
   1.8475501e+08	       1.0090104	       1.0150503	       1.0083700	       1.0114107	      0.98670553	      0.98878253	      0.99621068	      0.99846199	      0.98904763	      0.99270510	      0.97410263	      0.97864981	
   1.8483501e+08	       1.0090432	       1.0143363	       1.0080804	       1.0107803	      0.98469625	      0.98802458	      0.99314261	      0.99852168	      0.98208779	      0.99282352	      0.97553762	      0.97375291	
   1.8491501e+08	      0.99495559	       1.0026785	      0.99296118	      0.99579008	      0.97030869	      0.97339858	      0.98334796	      0.98790596	      0.96718689	      0.97481938	      0.95981060	      0.96278495	
   1.8499501e+08	       0.0000000	       0.0000000	       0.0000000	       0.0000000	       0.0000000	       0.0000000	       0.0000000	       0.0000000	       0.0000000	       0.0000000	       0.0000000	       0.0000000	
   1.8507501e+08	       0.0000000	       0.0000000	       0.0000000	       0.0000000	       0.0000000	       0.0000000	       0.0000000	       0.0000000	       0.0000000	       0.0000000	       0.0000000	       0.0000000	
   1.8515501e+08	      0.99023501	      0.99383358	      0.98671015	      0.98653765	      0.96225225	      0.96829799	      0.97493525	      0.97994553	      0.95976628	      0.97226648	      0.94823109	      0.95615947	
   1.8523501e+08	       1.0105007	       1.0139640	       1.0035690	       1.0071351	      0.98377905	      0.98650778	      0.99720154	      0.99957796	      0.98418771	      0.98573604	      0.97092220	      0.97178548	
   1.8531501e+08	       1.0088029	       1.0125247	       1.0050973	       1.0054874	      0.98333547	      0.98317926	      0.99288839	       1.0019952	      0.98248797	      0.98858769	      0.96704220	      0.96874341	
   1.8539501e+08	       1.0090784	       1.0122399	       1.0025202	       1.0038061	      0.98063026	      0.98276758	      0.99212233	      0.99932096	      0.97962890	      0.98806248	      0.96787507	      0.97276607	
   1.8547501e+08	       1.0081906	       1.0068252	       1.0052447	       1.0070766	      0.98038113	      0.98356183	      0.98893481	      0.99398150	      0.97894815	      0.98962153	      0.96440893	      0.97287368	
   1.8555501e+08	       1.0034925	       1.0060146	       1.0074645	       1.0086930	      0.98001447	      0.98158204	      0.98604851	      0.99079302	      0.97934201	      0.98619152	      0.96483016	      0.96639366	
   1.8563501e+08	       1.0034105	       1.0033077	       1.0105623	       1.0054117	      0.97769727	      0.98124169	      0.98565734	      0.99004739	      0.97793788	      0.98695577	      0.96237995	      0.96814921	
   1.8571501e+08	       1.0030215	       1.0023521	       1.0097424	       1.0069672	      0.97709290	      0.98330342	      0.98178414	      0.99442395	      0.98072825	      0.98465714	      0.96639925	      0.97197984	
   1.8579501e+08	      0.99911891	       1.0023278	       1.0057141	       1.0040427	      0.98212084	      0.98232405	      0.98136465	      0.98704785	      0.97453990	      0.98354469	      0.96509833	      0.96430529	
   1.8587501e+08	      0.99916114	       1.0015732	       1.0045407	       1.0052922	      0.97898140	      0.98327243	      0.98374464	      0.98417517	      0.97528260	      0.98029302	      0.95912563	      0.96521308	
   1.8595501e+08	      0.99787904	       1.0056936	       1.0002829	       1.0016805	      0.97606436	      0.97823056	      0.98371310	      0.98632342	      0.97444542	      0.98071240	      0.96278169	      0.96298207	
   1.8603501e+08	      0.99465202	       1.0057995	      0.99761441	       1.0020558	      0.97590365	      0.97923408	      0.98165304	      0.99055079	      0.97119279	      0.97899467	      0.96210107	      0.96210927	
   1.8611501e+08	      0.99959374	       1.0057547	      0.99427854	      0.99916721	      0.97269545	      0.97899739	      0.97674292	      0.98655407	      0.96957826	      0.97527468	      0.95833338	      0.95962112	
   1.8619501e+08	      0.98293698	      0.99213512	      0.97721837	      0.98093379	      0.96228528	      0.96468963	      0.96580870	      0.97196603	      0.95730993	      0.96163910	      0.94393646	      0.94643183	
   1.8627501e+08	       0.0000000	       0.0000000	       0.0000000	       0.0000000	       0.0000000	       0.0000000	       0.0000000	       0.0000000	       0.0000000	       0.0000000	       0.0000000	       0.0000000	
   1.8635501e+08	       0.0000000	       0.0000000	       0.0000000	       0.0000000	       0.0000000	       0.0000000	       0.0000000	       0.0000000	       0.0000000	       0.0000000	       0.0000000	       0.0000000	
   1.8643501e+08	      0.97845575	      0.98929405	      0.97739141	      0.97811945	      0.95403851	      0.95700025	      0.96169382	      0.97473441	      0.95690408	      0.96448189	      0.93706692	      0.94318317	
   1.8651501e+08	      0.99991231	       1.0102106	      0.99574781	      0.99538163	      0.97579186	      0.97567062	      0.98260798	      0.98743859	      0.96935636	      0.98077270	      0.95497268	      0.96093644	
   1.8659501e+08	       1.0035805	       1.0106942	      0.99849300	      0.99396340	      0.97208145	      0.97443542	      0.97807135	      0.98629575	      0.97104651	      0.97886431	      0.95341147	      0.96051127	
   1.8667501e+08	       1.0012325	       1.0070296	      0.99514636	      0.99582633	      0.96999183	      0.97521007	      0.97793735	      0.98322932	      0.97320851	      0.97870473	      0.95184908	      0.95924418	
   1.8675501e+08	       1.0043547	       1.0058330	      0.99265576	      0.99491168	      0.96817587	      0.97402553	      0.97228921	      0.97983919	      0.97126982	      0.97597482	      0.94992594	      0.95922555	
   1.8683501e+08	      0.99777807	       1.0009494	      0.98834433	      0.98962085	      0.96896618	      0.97005686	      0.97493155	      0.98544759	      0.96829142	      0.97558950	      0.95041065	      0.95798153	
   1.8691501e+08	      0.99656268	       1.0006824	      0.98690584	      0.98950270	      0.96936034	      0.97060985	      0.97400899	      0.98070275	      0.96497646	      0.97540817	      0.95036471	      0.95837771	
   1.8699501e+08	      0.99191773	      0.99409240	      0.98632023	      0.99039653	      0.96813924	      0.97057364	      0.97732360	      0.98633302	      0.96982074	      0.97665730	      0.94988767	      0.95560031	
   1.8707501e+08	      0.99188875	      0.99794733	      0.98650257	      0.98789136	      0.96774363	      0.96775689	      0.97561077	      0.98385033	      0.96650229	      0.97519065	      0.94763121	      0.95593978	
   1.8715501e+08	      0.98770688	      0.99478652	      0.98874160	      0.98953938	      0.96626230	      0.96723657	      0.97747348	      0.97937720	      0.96661749	      0.97370196	      0.94487633	      0.95531504	
   1.8723501e+08	      0.98745582	      0.99445133	      0.98897210	      0.98972288	      0.96542237	      0.96513918	      0.97448404	      0.98320796	      0.96671383	      0.97145759	      0.94738133	      0.95372049	
   1.8731501e+08	      0.98806045	      0.99547805	      0.99321820	      0.98951813	      0.96583877	      0.96659796	      0.97376293	      0.98175129	      0.96306849	      0.97332851	      0.94250320	      0.94856249	
   1.8739501e+08	      0.98728888	      0.99615374	      0.98998079	      0.98642643	      0.96189539	      0.96449235	      0.97318292	      0.97359209	      0.96173540	      0.96791342	      0.94348944	      0.94932924	
   1.8747501e+08	      0.97147203	      0.97969519	      0.97154770	      0.97239601	      0.94885418	      0.95117945	      0.95587655	      0.95868552	      0.94924337	      0.95172299	      0.92906044	      0.93945641	
   1.8755501e+08	       0.0000000	       0.0000000	       0.0000000	       0.0000000	       0.0000000	       0.0000000	       0.0000000	       0.0000000	       0.0000000	       0.0000000	       0.0000000	       0.0000000	
   1.8763501e+08	       0.0000000	       0.0000000	       0.0000000	       0.0000000	       0.0000000	       0.0000000	       0.0000000	       0.0000000	       0.0000000	       0.0000000	       0.0000000	       0.0000000	
   1.8771501e+08	      0.94076695	      0.93834197	      0.91648843	      0.91437058	      0.91917576	      0.91373197	      0.91650288	      0.91688193	      0.91289260	      0.90711694	      0.91379514	      0.91559535	
   1.8779501e+08	      0.94611187	      0.94005171	      0.91546873	      0.90943994	      0.92329242	      0.91760405	      0.92130255	      0.91896286	      0.91584249	      0.90362563	      0.91755350	      0.92098397	
   1.8787501e+08	      0.94041195	      0.93593348	      0.91086224	      0.90445406	      0.91927082	      0.91075366	      0.91460069	      0.90761245	      0.90834039	      0.89492631	      0.91400564	      0.92020268	
   1.8795501e+08	      0.94022086	      0.93161353	      0.91229041	      0.90315673	      0.91874332	      0.90898509	      0.90973630	      0.91049455	      0.90815653	      0.89655318	      0.91521103	      0.91576550	
   1.8803501e+08	      0.93940070	      0.93173095	      0.91080581	      0.90244477	      0.91415892	      0.90843971	      0.91156027	      0.90686179	      0.90725472	      0.89745411	      0.91399000	      0.91663962	
   1.8811501e+08	      0.94183511	      0.92875815	      0.90997382	      0.90099799	      0.91561093	      0.90780543	      0.90753420	      0.90925192	      0.90439907	      0.89724764	      0.91279838	      0.91667796	
   1.8819501e+08	      0.93892467	      0.92528680	      0.91157817	      0.90102551	      0.91110458	      0.90499072	      0.90702752	      0.90728834	      0.90808707	      0.90005089	      0.91295484	      0.91645064	
   1.8827501e+08	      0.93478724	      0.92777560	      0.91153489	      0.90300161	      0.91212342	      0.90551068	      0.91474529	      0.91324190	      0.90691391	      0.89649370	      0.91476781	      0.91714883	
   1.8835501e+08	      0.93381478	      0.92146221	      0.90673112	      0.89953551	      0.91031706	      0.90327170	      0.90885829	      0.90560681	      0.90560821	      0.89559449	      0.90942942	      0.91474140	
   1.8843501e+08	      0.93067721	      0.92589703	      0.90314662	      0.89636119	      0.91147440	      0.90309462	      0.90766338	      0.90777261	      0.90577136	      0.89664748	      0.91207271	      0.91030235	
   1.8851501e+08	      0.93255450	      0.92390104	      0.90521545	      0.89774714	      0.90961853	      0.90328596	      0.90779537	      0.90446962	      0.90268881	      0.89479145	      0.91055175	      0.91161239	
   1.8859501e+08	      0.93011824	      0.92172304	      0.90285810	      0.89752834	      0.90643522	      0.90410124	      0.90829392	      0.90015774	      0.90221280	      0.89483178	      0.90645089	      0.91085025	
   1.8867501e+08	      0.93491246	      0.93028059	      0.90952783	      0.90308265	      0.91163660	      0.90447578	      0.91294235	      0.90791152	      0.90298250	      0.89686845	      0.90577669	      0.90805012	
   1.8875501e+08	      0.93104298	      0.93036432	      0.91277414	      0.90871748	      0.90613198	      0.90428297	      0.91248998	      0.91345941	      0.90216022	      0.89784481	      0.90029320	      0.90199697	
   1.8883501e+08	       0.0000000	       0.0000000	       0.0000000	       0.0000000	       0.0000000	       0.0000000	       0.0000000	       0.0000000	       0.0000000	       0.0000000	       0.0000000	       0.0000000	
   1.8891501e+08	       0.0000000	       0.0000000	       0.0000000	       0.0000000	       0.0000000	       0.0000000	       0.0000000	       0.0000000	       0.0000000	       0.0000000	       0.0000000	       0.0000000	
   1.8899501e+08	      0.93199343	      0.93322425	      0.91488370	      0.90979178	      0.90287434	      0.90265082	      0.91320928	      0.90999582	      0.89592366	      0.89566444	      0.89002719	      0.89833285	
   1.8907501e+08	      0.93674284	      0.93623458	      0.91656637	      0.90908601	      0.90986630	      0.90412590	      0.91466573	      0.91067588	      0.89929577	      0.89500862	      0.90274080	      0.90308969	
   1.8915501e+08	      0.93349939	      0.92949049	      0.90644273	      0.89941513	      0.90301475	      0.90033263	      0.90776632	      0.90703093	      0.89566676	      0.88732669	      0.90065023	      0.90295392	
   1.8923501e+08	      0.93152022	      0.92732520	      0.90465143	      0.89843514	      0.90256240	      0.89968277	      0.90315128	      0.90534413	      0.89159605	      0.88493147	      0.90129128	      0.89690721	
   1.8931501e+08	      0.93284752	      0.92612531	      0.90203553	      0.89676948	      0.90362070	      0.89972701	      0.90257473	      0.90449713	      0.89359576	      0.88584349	      0.89699349	      0.89491754	
   1.8939501e+08	      0.93063677	      0.92125010	      0.90275234	      0.89540588	      0.90443399	      0.89936944	      0.90024747	      0.90860002	      0.89053672	      0.88538270	      0.89504904	      0.89683071	
   1.8947501e+08	      0.92882849	      0.92246637	      0.90030053	      0.89362063	      0.90083753	      0.89773825	      0.90412907	      0.90089820	      0.88998134	      0.88421992	      0.89510709	      0.89771984	
   1.8955501e+08	      0.92653480	      0.92064446	      0.90010249	      0.89653107	      0.90242619	      0.89597543	      0.90440506	      0.90145008	      0.89406042	      0.88464362	      0.89427275	      0.89253583	
   1.8963501e+08	      0.92388018	      0.91704466	      0.90273828	      0.89350977	      0.90188242	      0.89771833	      0.90018284	      0.90166050	      0.88934559	      0.88149750	      0.89066462	      0.89360750	
   1.8971501e+08	      0.92317234	      0.91703828	      0.90344343	      0.89424297	      0.90018051	      0.89607017	      0.89696730	      0.89890833	      0.88664027	      0.88353160	      0.89054711	      0.89367959	
   1.8979501e+08	      0.92222661	      0.91570030	      0.90253269	      0.89503100	      0.89938032	      0.89338482	      0.89792415	      0.90160228	      0.88893553	      0.88349567	      0.89100573	      0.89168099	
   1.8987501e+08	      0.92140635	      0.91414344	      0.90055050	      0.89138380	      0.90034049	      0.89424611	      0.89963326	      0.89678260	      0.88760748	      0.88265459	      0.88783411	      0.88999836	
   1.8995501e+08	      0.92178017	      0.91956815	      0.90311291	      0.89711597	      0.90259609	      0.89674248	      0.90200388	      0.90170249	      0.89134796	      0.88841273	      0.88885092	      0.89106734	
   1.9003501e+08	      0.91766112	      0.91803953	      0.90121058	      0.89962694	      0.89801121	      0.89715531	      0.89874991	      0.90330294	      0.88971463	      0.88877234	      0.88130907	      0.88605600	
   1.9011501e+08	       0.0000000	       0.0000000	       0.0000000	       0.0000000	       0.0000000	       0.0000000	       0.0000000	       0.0000000	       0.0000000	       0.0000000	       0.0000000	       0.0000000	
   1.9019501e+08	       0.0000000	       0.0000000	       0.0000000	       0.0000000	       0.0000000	       0.0000000	       0.0000000	       0.0000000	       0.0000000	       0.0000000	       0.0000000	       0.0000000	
   1.9027501e+08	      0.91898945	      0.92011656	      0.89937998	      0.89817953	      0.89370498	      0.89662263	      0.89719379	      0.90066975	      0.88686915	      0.88940619	      0.87876480	      0.88235868	
   1.9035501e+08	      0.92584192	      0.92632216	      0.90273348	      0.89955511	      0.90102226	      0.89964860	      0.89901548	      0.90383587	      0.89126499	      0.88789519	      0.88559882	      0.89341814	
   1.9043501e+08	      0.92411031	      0.92247848	      0.89829988	      0.89380813	      0.89636884	      0.89413201	      0.89572990	      0.89865846	      0.88816454	      0.88031406	      0.88507986	      0.88959726	
   1.9051501e+08	      0.92449283	      0.92238601	      0.89998436	      0.89318214	      0.89792882	      0.89516725	      0.89449834	      0.89533880	      0.88470820	      0.87977562	      0.87925440	      0.88672362	
   1.9059501e+08	      0.92376131	      0.91733084	      0.89901370	      0.89692444	      0.89740501	      0.89245294	      0.89678584	      0.89422070	      0.88345467	      0.88091661	      0.87966049	      0.88481590	
   1.9067501e+08	      0.92032356	      0.91658289	      0.89563510	      0.89225871	      0.89464507	      0.89306189	      0.89463279	      0.89532264	      0.88303549	      0.87915522	      0.87937562	      0.88486707	
   1.9075501e+08	      0.91787179	      0.91388783	      0.89423390	      0.89095991	      0.89124818	      0.89090552	      0.89250189	      0.89278193	      0.87923431	      0.87806706	      0.88152460	      0.88488079	
   1.9083501e+08	      0.92170660	      0.90913382	      0.89190728	      0.89031308	      0.89481964	      0.89217902	      0.89029058	      0.89234555	      0.88204760	      0.88069850	      0.87711196	      0.88360625	
   1.9091501e+08	      0.91773699	      0.91053722	      0.89107565	      0.89080356	      0.89206306	      0.89281170	      0.89117823	      0.89188288	      0.87841850	      0.87685177	      0.87915751	      0.88345532	
   1.9099501e+08	      0.91351381	      0.91164464	      0.88946126	      0.88925144	      0.89270777	      0.89049368	      0.88753338	      0.89209664	      0.87989971	      0.87447343	      0.87579185	      0.88135780	
   1.9107501e+08	      0.91309558	      0.90863343	      0.88835685	      0.88814329	      0.89274063	      0.89106633	      0.88680208	      0.88899942	      0.87524436	      0.87559018	      0.87245365	      0.87847374	
   1.9115501e+08	      0.91316637	      0.91014525	      0.89003077	      0.88995982	      0.89155765	      0.89110233	      0.88788152	      0.88757918	      0.87427270	      0.87354542	      0.87590861	      0.87814116	
   1.9123501e+08	      0.91546371	      0.91212530	      0.89601934	      0.89447761	      0.89309498	      0.89166278	      0.88829088	      0.89007167	      0.87959011	      0.87655297	      0.87291664	      0.87550030	
   1.9131501e+08	      0.91152565	      0.91285719	      0.89723287	      0.89668155	      0.88923428	      0.89029806	      0.88483476	      0.88682677	      0.87844790	      0.87548220	      0.86269718	      0.87162421	
   1.9139501e+08	       0.0000000	       0.0000000	       0.0000000	       0.0000000	       0.0000000	       0.0000000	       0.0000000	       0.0000000	       0.0000000	       0.0000000	       0.0000000	       0.0000000	
   1.9147501e+08	       0.0000000	       0.0000000	       0.0000000	       0.0000000	       0.0000000	       0.0000000	       0.0000000	       0.0000000	       0.0000000	       0.0000000	       0.0000000	       0.0000000	
   1.9155501e+08	      0.91040879	      0.91408114	      0.89421045	      0.89659891	      0.88352304	      0.88651711	      0.88393900	      0.88237516	      0.87391181	      0.87465084	      0.86227154	      0.87041832	
   1.9163501e+08	      0.91659101	      0.91855751	      0.89587430	      0.89433034	      0.88876909	      0.88878217	      0.88351170	      0.89398280	      0.88181679	      0.87680670	      0.87039255	      0.87921216	
   1.9171501e+08	      0.91353792	      0.91040598	      0.88754007	      0.88994030	      0.88806639	      0.88587579	      0.88532388	      0.88365299	      0.87519572	      0.87385390	      0.86600933	      0.87561702	
   1.9179501e+08	      0.91360246	      0.91199405	      0.88631243	      0.88781910	      0.88446628	      0.88628314	      0.88065474	      0.87821348	      0.87398529	      0.87189298	      0.87228421	      0.87411322	
   1.9187501e+08	      0.91390112	      0.90864228	      0.88551587	      0.88623072	      0.88402661	      0.88441653	      0.88169416	      0.88179954	      0.87320462	      0.87248847	      0.86790162	      0.87264295	
   1.9195501e+08	      0.91347315	      0.90800009	      0.88510244	      0.88826423	      0.88376268	      0.88516530	      0.87802571	      0.88037425	      0.87455003	      0.87141115	      0.86809679	      0.87270789	
   1.9203501e+08	      0.91208627	      0.90605658	      0.88960160	      0.88785894	      0.88339818	      0.88503058	      0.87980650	      0.88291543	      0.87090734	      0.87097707	      0.86876624	      0.87057415	
   1.9211501e+08	      0.90964384	      0.90388158	      0.88532112	      0.88810631	      0.88681782	      0.88480115	      0.89039620	      0.88637923	      0.87487448	      0.86845806	      0.86775225	      0.87037700	
   1.9219501e+08	      0.90633221	      0.90242888	      0.88791753	      0.88845378	      0.88159910	      0.88196705	      0.88191863	      0.88396841	      0.87185208	      0.86950885	      0.86469946	      0.87053191	
   1.9227501e+08	      0.90551443	      0.90016553	      0.88582517	      0.88602729	      0.88356222	      0.88068386	      0.88123919	      0.88119614	      0.87035753	      0.86878423	      0.86563897	      0.86825040	
   1.9235501e+08	      0.90384879	      0.89852525	      0.88626130	      0.88801247	      0.87887945	      0.88063237	      0.88235899	      0.88610189	      0.86919347	      0.86783019	      0.86533483	      0.86943623	
   1.9243501e+08	      0.90566212	      0.89780411	      0.88350271	      0.88455186	      0.88107375	      0.88254963	      0.88010589	      0.88291380	      0.87193542	      0.86736672	      0.86203551	      0.86689278	
   1.9251501e+08	      0.90785205	      0.90267398	      0.88366880	      0.88869619	      0.88066766	      0.88362961	      0.88027102	      0.88518617	      0.87025091	      0.86889201	      0.86318202	      0.86889970	
   1.9259501e+08	      0.90326594	      0.90412073	      0.88637065	      0.88930917	      0.87441793	      0.87950027	      0.88124151	      0.88108762	      0.86879310	      0.86799637	      0.85285782	      0.85963112	
   1.9267501e+08	       0.0000000	       0.0000000	       0.0000000	       0.0000000	       0.0000000	       0.0000000	       0.0000000	       0.0000000	       0.0000000	       0.0000000	       0.0000000	       0.0000000	
   1.9275501e+08	       0.0000000	       0.0000000	       0.0000000	       0.0000000	       0.0000000	       0.0000000	       0.0000000	       0.0000000	       0.0000000	       0.0000000	       0.0000000	       0.0000000	
   1.9283501e+08	      0.90290715	      0.90496347	      0.88947224	      0.89223839	      0.87327499	      0.87454014	      0.87429101	      0.87586787	      0.86473053	      0.86628163	      0.84775260	      0.85636916	
   1.9291501e+08	      0.91007615	      0.91371692	      0.89498447	      0.89443500	      0.88071467	      0.88250672	      0.88120796	      0.88455394	      0.86927207	      0.86918959	      0.85935788	      0.86572672	
   1.9299501e+08	      0.90858298	      0.90703751	      0.88685330	      0.88722995	      0.87967470	      0.87830678	      0.87489584	      0.88066988	      0.86575282	      0.86530229	      0.85786206	      0.86623091	
   1.9307501e+08	      0.90874478	      0.90812149	      0.88705378	      0.88403423	      0.87679769	      0.87744242	      0.87434086	      0.88049090	      0.86401816	      0.86253984	      0.85740471	      0.86365198	
   1.9315501e+08	      0.91155433	      0.90745445	      0.88417291	      0.88431406	      0.87627043	      0.87618032	      0.87299055	      0.87898696	      0.86610087	      0.86574815	      0.85435570	      0.86034607	
   1.9323501e+08	      0.91093177	      0.90222323	      0.88190522	      0.88373505	      0.87608434	      0.87416495	      0.87192980	      0.87724270	      0.86142493	      0.86684100	      0.85741684	      0.85985156	
   1.9331501e+08	      0.90661563	      0.90266381	      0.88028874	      0.88238016	      0.87533482	      0.87453068	      0.87228619	      0.87727270	      0.86520819	      0.86520215	      0.85393867	      0.85728372	
   1.9339501e+08	      0.90596741	      0.90013837	      0.87776371	      0.88247598	      0.87708288	      0.87546129	      0.87191096	      0.87967763	      0.86502011	      0.86898222	      0.85130785	      0.86040995	
   1.9347501e+08	      0.90477429	      0.89709722	      0.87866137	      0.88095081	      0.87337164	      0.87313944	      0.87313381	      0.87559858	      0.86241054	      0.86509300	      0.85257759	      0.85653224	
   1.9355501e+08	      0.90266938	      0.89468312	      0.87937492	      0.88111041	      0.87082913	      0.87413163	      0.87498299	      0.87443863	      0.86106325	      0.86365570	      0.85168080	      0.85549464	
   1.9363501e+08	      0.89973681	      0.89660329	      0.88102311	      0.88206223	      0.87177577	      0.87175736	      0.86854341	      0.87685150	      0.86413490	      0.86540034	      0.85437636	      0.85500258	
   1.9371501e+08	      0.89638265	      0.89418786	      0.87957868	      0.88235758	      0.87346573	      0.87375023	      0.86864057	      0.87546177	      0.86391546	      0.86555448	      0.84945803	      0.85604388	
   1.9379501e+08	      0.90192617	      0.89797623	      0.88540979	      0.88537716	      0.87321291	      0.87526491	      0.87583135	      0.87362035	      0.86461682	      0.86861233	      0.85115333	      0.85533339	
   1.9387501e+08	      0.89580581	      0.89815685	      0.88449400	      0.88485983	      0.86885707	      0.87114908	      0.87695278	      0.87998645	      0.85928159	      0.86724353	      0.84231809	      0.84844171	
   1.9395501e+08	       0.0000000	       0.0000000	       0.0000000	       0.0000000	       0.0000000	       0.0000000	       0.0000000	       0.0000000	       0.0000000	       0.0000000	       0.0000000	       0.0000000	
   1.9403501e+08	       0.0000000	       0.0000000	       0.0000000	       0.0000000	       0.0000000	       0.0000000	       0.0000000	       0.0000000	       0.0000000	       0.0000000	       0.0000000	       0.0000000	
   1.9411501e+08	      0.89738965	      0.90148200	      0.87948090	      0.88750259	      0.86715026	      0.86871144	      0.86791330	      0.87517231	      0.85829035	      0.86528604	      0.83872671	      0.84357208	
   1.9419501e+08	      0.90566997	      0.90691892	      0.88126543	      0.88583312	      0.87190218	      0.87968505	      0.88150443	      0.87917437	      0.86704512	      0.86769993	      0.85489296	      0.85478234	
   1.9427501e+08	      0.90075786	      0.90418141	      0.87676344	      0.88058159	      0.87259947	      0.87519332	      0.87730219	      0.87207138	      0.86040808	      0.85952685	      0.85221071	      0.85351022	
   1.9435501e+08	      0.90568529	      0.90199939	      0.87990089	      0.88384466	      0.87283773	      0.87266856	      0.87672209	      0.87568933	      0.86169781	      0.85838587	      0.84909463	      0.85207404	
   1.9443501e+08	      0.90441179	      0.90103255	      0.87880058	      0.88027673	      0.87283089	      0.87235899	      0.87676018	      0.87555391	      0.86148556	      0.85974186	      0.84680060	      0.85260111	
   1.9451501e+08	      0.90256011	      0.90111395	      0.87958932	      0.88183157	      0.86924368	      0.87304533	      0.87727257	      0.87433170	      0.85541030	      0.86073919	      0.84624655	      0.84893149	
   1.9459501e+08	      0.90278937	      0.89808459	      0.88037864	      0.88237602	      0.87129468	      0.87011872	      0.86957525	      0.87370870	      0.85739932	      0.85910200	      0.84689277	      0.84909499	
   1.9467501e+08	      0.90114671	      0.89702235	      0.87855590	      0.87872827	      0.87255096	      0.87279017	      0.87485649	      0.87966511	      0.85786358	      0.86114286	      0.84098611	      0.84887847	
   1.9475501e+08	      0.89909236	      0.89314975	      0.87910716	      0.88106861	      0.86951483	      0.87327845	      0.86998073	      0.87064123	      0.85415518	      0.85716863	      0.84365855	      0.84864805	
   1.9483501e+08	      0.89650934	      0.89455786	      0.87688366	      0.87729806	      0.86806514	      0.87287484	      0.87289211	      0.87260125	      0.85243372	      0.85830866	      0.84487124	      0.84880984	
   1.9491501e+08	      0.89568507	      0.89425675	      0.87555950	      0.87684092	      0.86854955	      0.87046265	      0.86918396	      0.87042167	      0.85467545	      0.85737062	      0.84257335	      0.84526252	
   1.9499501e+08	      0.89347484	      0.89131276	      0.87234958	      0.87426576	      0.86928643	      0.87208205	      0.86678057	      0.86593579	      0.85407383	      0.85622939	      0.84203953	      0.84447826	
   1.9507501e+08	      0.89556733	      0.89790564	      0.87873034	      0.88064645	      0.86977224	      0.87300485	      0.86710164	      0.86808105	      0.85545498	      0.85821643	      0.84235975	      0.84562879	
   1.9515501e+08	      0.89262571	      0.89474021	      0.87693276	      0.88169125	      0.86158915	      0.86823908	      0.86550160	      0.86939674	      0.85397696	      0.85670793	      0.83274794	      0.83754624	
   1.9523501e+08	       0.0000000	       0.0000000	       0.0000000	       0.0000000	       0.0000000	       0.0000000	       0.0000000	       0.0000000	       0.0000000	       0.0000000	       0.0000000	       0.0000000	
   1.9531501e+08	       0.0000000	       0.0000000	       0.0000000	       0.0000000	       0.0000000	       0.0000000	       0.0000000	       0.0000000	       0.0000000	       0.0000000	       0.0000000	       0.0000000	
   1.9539501e+08	      0.89727188	      0.89797881	      0.88052828	      0.87957395	      0.86075578	      0.86967279	      0.86338844	      0.86592214	      0.85188347	      0.85772620	      0.82814664	      0.83652930	
   1.9547501e+08	      0.90363541	      0.90626177	      0.88422189	      0.88222903	      0.86795983	      0.87361380	      0.87046525	      0.87319418	      0.85542652	      0.86005262	      0.83914841	      0.84629678	
   1.9555501e+08	      0.90050771	      0.90345733	      0.87870596	      0.87514689	      0.86657055	      0.87083673	      0.86984636	      0.87111025	      0.85490177	      0.85584970	      0.83391352	      0.84369752	
   1.9563501e+08	      0.89985128	      0.90393455	      0.87536422	      0.87624381	      0.86686604	      0.87062028	      0.86801498	      0.87145375	      0.85194692	      0.85582223	      0.83638690	      0.84226152	
   1.9571501e+08	      0.90547868	      0.90299012	      0.87367870	      0.87484073	      0.86248061	      0.86906408	      0.87126711	      0.86968390	      0.85308744	      0.85924520	      0.84098799	      0.83952584	
   1.9579501e+08	      0.90087561	      0.89975677	      0.87325123	      0.87476052	      0.86576933	      0.86816560	      0.87156598	      0.87514449	      0.85121753	      0.85632237	      0.83509626	      0.84427024	
   1.9587501e+08	      0.89992471	      0.89922735	      0.87275146	      0.87381894	      0.86419330	      0.86850100	      0.87020819	      0.87349814	      0.85389724	      0.85580274	      0.83436746	      0.83910211	
   1.9595501e+08	      0.89726448	      0.89470765	      0.87294403	      0.87551670	      0.86705668	      0.86851598	      0.87285226	      0.87684738	      0.85267618	      0.85720151	      0.83572573	      0.83883457	
   1.9603501e+08	      0.89842865	      0.89476466	      0.87300174	      0.87616365	      0.86667882	      0.86678508	      0.86390727	      0.87006452	      0.85201307	      0.85206126	      0.83481457	      0.83765384	
   1.9611501e+08	      0.89610657	      0.89041462	      0.87512247	      0.87594453	      0.86312295	      0.86750641	      0.86645361	      0.86521959	      0.84716751	      0.85288721	      0.82986114	      0.83652668	
   1.9619501e+08	      0.89441498	      0.89020474	      0.87503258	      0.87551102	      0.86230373	      0.86755414	      0.86478839	      0.86620501	      0.84726501	      0.85198891	      0.83247164	      0.83886944	
   1.9627501e+08	      0.89347719	      0.88959863	      0.87499963	      0.87564019	      0.86406792	      0.86688347	      0.86569763	      0.86653823	      0.84789560	      0.85104516	      0.82851387	      0.83880501	
   1.9635501e+08	      0.89518494	      0.89198825	      0.87600798	      0.87691082	      0.86418106	      0.86948552	      0.86650773	      0.86916868	      0.85017014	      0.85619789	      0.82728206	      0.83786106	
   1.9643501e+08	      0.88693793	      0.88695334	      0.87606865	      0.87707778	      0.85723393	      0.86502820	      0.86736597	      0.86635044	      0.84637717	      0.85188909	      0.82247077	      0.83203207	
   1.9651501e+08	       0.0000000	       0.0000000	       0.0000000	       0.0000000	       0.0000000	       0.0000000	       0.0000000	       0.0000000	       0.0000000	       0.0000000	       0.0000000	       0.0000000	
   1.9659501e+08	       0.0000000	       0.0000000	       0.0000000	       0.0000000	       0.0000000	       0.0000000	       0.0000000	       0.0000000	       0.0000000	       0.0000000	       0.0000000	       0.0000000	
   1.9667501e+08	      0.88637224	      0.89206249	      0.87149168	      0.87465328	      0.85565219	      0.86157097	      0.86236532	      0.86896623	      0.84399094	      0.84947853	      0.81917087	      0.83036153	
   1.9675501e+08	      0.89648690	      0.89631031	      0.87642875	      0.87847633	      0.86542303	      0.86718514	      0.86841571	      0.87417774	      0.85103837	      0.85619476	      0.82830075	      0.84175766	
   1.9683501e+08	      0.89232876	      0.89126175	      0.87371390	      0.87381594	      0.86273331	      0.86574086	      0.86208256	      0.86707765	      0.84692047	      0.85427809	      0.83053332	      0.83850104	
   1.9691501e+08	      0.89283797	      0.89289911	      0.87397269	      0.87568273	      0.86112749	      0.86364715	      0.86140380	      0.86425767	      0.84583979	      0.85111305	      0.82843511	      0.83487124	
   1.9699501e+08	      0.89268136	      0.89515784	      0.87632448	      0.87585912	      0.86049500	      0.86314831	      0.86084663	      0.86086582	      0.84552719	      0.85151934	      0.82312586	      0.83293107	
   1.9707501e+08	      0.89186630	      0.89283083	      0.87506072	      0.87333896	      0.86002756	      0.86410376	      0.85519209	      0.86351308	      0.84448510	      0.84936094	      0.82637768	      0.83444677	
   1.9715501e+08	      0.89180226	      0.89073522	      0.87288629	      0.87296632	      0.86213222	      0.86208889	      0.85718177	      0.86320983	      0.84211525	      0.84977775	      0.82423142	      0.83651509	
   1.9723501e+08	      0.88700452	      0.88959223	      0.87210868	      0.87437259	      0.85848665	      0.86210554	      0.86638609	      0.86180757	      0.84768577	      0.85037546	      0.82453332	      0.83506682	
   1.9731501e+08	      0.88792461	      0.88686491	      0.87180345	      0.87229870	      0.86095799	      0.85742184	      0.85952449	      0.86122001	      0.84212271	      0.84438844	      0.82400133	      0.83348010	
   1.9739501e+08	      0.88772287	      0.88421263	      0.87184772	      0.87220709	      0.86028563	      0.85903124	      0.85933277	      0.86431004	      0.83955335	      0.84214445	      0.82079626	      0.83235961	
   1.9747501e+08	      0.88436458	      0.88360437	      0.86976208	      0.87119180	      0.85896538	      0.85916526	      0.85562013	      0.86470054	      0.83939094	      0.84392288	      0.82305993	      0.82975047	
   1.9755501e+08	      0.88128343	      0.88278939	      0.86929421	      0.87178690	      0.85697018	      0.85925726	      0.86353641	      0.86662981	      0.84146794	      0.84084418	      0.82503095	      0.83198185	
   1.9763501e+08	      0.88467196	      0.88463152	      0.87452347	      0.87316527	      0.85700433	      0.86081780	      0.86231970	      0.86187233	      0.84027730	      0.84762912	      0.82130026	      0.83366287	
   1.9771501e+08	      0.87592587	      0.88124787	      0.87459183	      0.87419642	      0.85099859	      0.85172257	      0.85726484	      0.86110457	      0.83922996	      0.84462597	      0.81617749	      0.82283507	
   1.9779501e+08	       0.0000000	       0.0000000	       0.0000000	       0.0000000	       0.0000000	       0.0000000	       0.0000000	       0.0000000	       0.0000000	       0.0000000	       0.0000000	       0.0000000	
