  1.67075e+08	      0.00000	      0.00000	      0.00000	      0.00000	      0.00000	      0.00000	      0.00000	      0.00000	      0.00000	      0.00000	      0.00000	      0.00000	
  1.67155e+08	      1.05915	      1.06046	      1.09973	      1.09766	      1.13081	      1.13462	      1.12431	      1.12035	      1.14922	      1.14301	      1.17749	      1.16853	
  1.67235e+08	      1.08285	      1.07964	      1.12028	      1.11648	      1.15022	      1.15330	      1.14366	      1.14147	      1.16954	      1.16476	      1.19815	      1.19031	
  1.67315e+08	      1.08346	      1.08088	      1.11967	      1.11575	      1.15042	      1.15262	      1.14502	      1.14068	      1.16939	      1.16313	      1.19724	      1.19000	
  1.67395e+08	      1.08261	      1.07956	      1.11544	      1.11642	      1.14962	      1.15171	      1.14338	      1.14059	      1.16634	      1.16244	      1.19782	      1.19021	
  1.67475e+08	      1.08171	      1.08038	      1.11441	      1.11437	      1.14949	      1.15228	      1.14361	      1.13793	      1.16387	      1.16070	      1.19555	      1.18780	
  1.67555e+08	      1.08043	      1.07985	      1.11155	      1.11425	      1.14886	      1.15066	      1.14112	      1.14167	      1.16266	      1.16070	      1.19472	      1.18704	
  1.67635e+08	      1.08110	      1.08015	      1.11147	      1.11510	      1.14792	      1.14938	      1.14029	      1.14055	      1.16353	      1.15882	      1.19538	      1.18548	
  1.67715e+08	      1.07972	      1.08193	      1.11135	      1.11238	      1.14623	      1.14815	      1.13787	      1.13485	      1.16102	      1.15431	      1.19338	      1.18291	
  1.67795e+08	      1.08096	      1.08367	      1.11114	      1.11277	      1.14468	      1.14668	      1.13680	      1.13810	      1.16155	      1.15775	      1.19459	      1.18469	
  1.67875e+08	      1.08144	      1.08384	      1.11129	      1.11097	      1.14393	      1.14536	      1.13646	      1.13340	      1.15979	      1.15745	      1.19261	      1.18417	
  1.67955e+08	      1.08044	      1.08447	      1.11009	      1.10916	      1.14026	      1.14464	      1.13693	      1.13451	      1.16082	      1.15619	      1.19065	      1.18421	
  1.68035e+08	      1.08122	      1.08402	      1.10872	      1.10889	      1.13963	      1.14405	      1.13419	      1.13547	      1.15832	      1.15428	      1.19103	      1.18119	
  1.68115e+08	      1.08024	      1.08226	      1.10660	      1.10630	      1.13758	      1.14477	      1.13410	      1.12973	      1.15609	      1.15166	      1.18801	      1.18038	
  1.68195e+08	      1.06377	      1.06468	      1.08954	      1.09004	      1.12181	      1.12745	      1.11650	      1.11116	      1.13890	      1.13552	      1.16854	      1.16367	
  1.68275e+08	      0.00000	      0.00000	      0.00000	      0.00000	      0.00000	      0.00000	      0.00000	      0.00000	      0.00000	      0.00000	      0.00000	      0.00000	
  1.68355e+08	      0.00000	      0.00000	      0.00000	      0.00000	      0.00000	      0.00000	      0.00000	      0.00000	      0.00000	      0.00000	      0.00000	      0.00000	
  1.68435e+08	      1.05942	      1.05697	      1.08158	      1.08655	      1.11793	      1.12015	      1.11283	      1.11043	      1.13202	      1.12970	      1.16110	      1.15473	
  1.68515e+08	      1.08020	      1.07715	      1.10401	      1.10799	      1.13745	      1.14195	      1.13420	      1.12851	      1.15111	      1.14885	      1.18097	      1.17513	
  1.68595e+08	      1.08058	      1.07654	      1.10640	      1.10892	      1.13805	      1.14251	      1.13352	      1.12843	      1.15252	      1.14897	      1.18215	      1.17497	
  1.68675e+08	      1.07868	      1.07696	      1.10813	      1.10783	      1.13849	      1.14055	      1.13177	      1.12768	      1.15110	      1.14867	      1.17928	      1.17504	
  1.68755e+08	      1.07843	      1.07565	      1.10571	      1.10766	      1.13843	      1.13943	      1.13465	      1.12951	      1.15026	      1.14790	      1.17649	      1.17418	
  1.68835e+08	      1.07606	      1.07590	      1.10705	      1.10565	      1.13720	      1.13950	      1.13182	      1.12883	      1.15109	      1.14997	      1.17657	      1.17324	
  1.68915e+08	      1.07537	      1.07526	      1.10429	      1.10471	      1.13611	      1.13778	      1.13414	      1.12500	      1.14926	      1.14907	      1.17332	      1.17092	
  1.68995e+08	      1.07281	      1.07515	      1.10116	      1.10370	      1.13440	      1.13748	      1.13158	      1.12161	      1.15001	      1.14604	      1.17241	      1.16621	
  1.69075e+08	      1.07384	      1.07651	      1.10015	      1.10369	      1.13355	      1.13691	      1.12829	      1.12544	      1.14903	      1.14663	      1.17076	      1.16625	
  1.69155e+08	      1.07361	      1.07567	      1.09877	      1.10443	      1.13319	      1.13644	      1.12640	      1.12682	      1.14713	      1.14523	      1.16928	      1.16692	
  1.69235e+08	      1.07185	      1.07694	      1.09709	      1.10455	      1.13329	      1.13559	      1.12681	      1.12284	      1.14784	      1.14491	      1.16878	      1.16515	
  1.69315e+08	      1.07192	      1.07623	      1.09804	      1.10355	      1.13255	      1.13566	      1.12733	      1.12043	      1.14677	      1.14598	      1.16857	      1.16411	
  1.69395e+08	      1.07072	      1.07248	      1.09888	      1.10373	      1.13138	      1.13415	      1.12426	      1.11992	      1.14471	      1.14291	      1.16571	      1.16109	
  1.69475e+08	      1.05430	      1.05556	      1.08496	      1.08908	      1.11485	      1.11745	      1.10732	      1.10375	      1.12739	      1.12635	      1.14771	      1.14664	
  1.69555e+08	      0.00000	      0.00000	      0.00000	      0.00000	      0.00000	      0.00000	      0.00000	      0.00000	      0.00000	      0.00000	      0.00000	      0.00000	
  1.69635e+08	      0.00000	      0.00000	      0.00000	      0.00000	      0.00000	      0.00000	      0.00000	      0.00000	      0.00000	      0.00000	      0.00000	      0.00000	
  1.69715e+08	      1.05218	      1.04955	      1.08050	      1.08293	      1.10888	      1.11341	      1.09771	      1.10176	      1.12267	      1.12048	      1.14122	      1.13876	
  1.69795e+08	      1.07442	      1.06996	      1.09849	      1.10250	      1.13058	      1.13366	      1.11694	      1.11889	      1.14279	      1.14053	      1.16343	      1.16207	
  1.69875e+08	      1.07626	      1.07200	      1.09834	      1.10259	      1.12890	      1.13292	      1.12193	      1.11701	      1.14291	      1.14032	      1.16336	      1.16018	
  1.69955e+08	      1.07671	      1.07081	      1.09558	      1.10311	      1.12842	      1.13073	      1.11928	      1.11814	      1.14207	      1.13936	      1.16131	      1.15920	
  1.70035e+08	      1.07456	      1.07145	      1.09374	      1.10277	      1.12688	      1.13026	      1.11742	      1.11646	      1.14180	      1.13851	      1.15935	      1.15584	
  1.70115e+08	      1.07615	      1.07208	      1.09503	      1.10275	      1.12582	      1.13088	      1.11782	      1.11317	      1.14020	      1.13806	      1.15912	      1.15599	
  1.70195e+08	      1.07519	      1.07301	      1.09549	      1.10236	      1.12473	      1.13036	      1.11853	      1.11321	      1.13795	      1.13646	      1.15505	      1.15565	
  1.70275e+08	      1.07361	      1.07450	      1.09818	      1.10117	      1.12302	      1.13032	      1.11459	      1.11125	      1.13549	      1.13436	      1.15288	      1.15452	
  1.70355e+08	      1.07648	      1.07430	      1.09875	      1.10287	      1.12548	      1.13034	      1.11697	      1.11334	      1.13673	      1.13551	      1.15574	      1.15261	
  1.70435e+08	      1.07542	      1.07602	      1.10084	      1.10325	      1.12526	      1.12820	      1.11711	      1.11430	      1.13402	      1.13367	      1.15346	      1.15138	
  1.70515e+08	      1.07683	      1.07739	      1.09764	      1.10070	      1.12510	      1.12768	      1.11894	      1.11615	      1.13113	      1.13276	      1.15328	      1.15038	
  1.70595e+08	      1.07523	      1.07799	      1.09500	      1.09938	      1.12409	      1.12653	      1.11730	      1.11494	      1.13220	      1.13316	      1.15135	      1.15083	
  1.70675e+08	      1.07466	      1.07708	      1.09120	      1.09725	      1.12213	      1.12666	      1.11792	      1.11021	      1.13145	      1.13207	      1.14952	      1.14783	
  1.70755e+08	      1.05738	      1.05966	      1.07311	      1.08176	      1.10457	      1.11012	      1.09599	      1.09507	      1.11752	      1.11742	      1.13374	      1.13152	
  1.70835e+08	      0.00000	      0.00000	      0.00000	      0.00000	      0.00000	      0.00000	      0.00000	      0.00000	      0.00000	      0.00000	      0.00000	      0.00000	
  1.70915e+08	      0.00000	      0.00000	      0.00000	      0.00000	      0.00000	      0.00000	      0.00000	      0.00000	      0.00000	      0.00000	      0.00000	      0.00000	
  1.70995e+08	      1.05275	      1.05192	      1.07306	      1.07930	      1.09918	      1.10429	      1.09054	      1.08376	      1.10992	      1.10906	      1.12897	      1.12681	
  1.71075e+08	      1.07652	      1.07218	      1.09630	      1.10142	      1.11983	      1.12366	      1.10902	      1.10429	      1.12864	      1.12649	      1.14930	      1.14639	
  1.71155e+08	      1.07590	      1.07183	      1.09810	      1.10060	      1.12041	      1.12517	      1.11195	      1.10784	      1.13026	      1.12516	      1.15052	      1.14724	
  1.71235e+08	      1.07522	      1.07292	      1.09877	      1.09908	      1.11816	      1.12262	      1.11378	      1.10900	      1.12916	      1.12681	      1.15049	      1.14624	
  1.71315e+08	      1.07371	      1.07208	      1.09667	      1.09800	      1.11792	      1.12215	      1.11465	      1.10508	      1.12695	      1.12504	      1.14732	      1.14449	
  1.71395e+08	      1.07149	      1.07208	      1.09572	      1.09674	      1.11731	      1.12070	      1.11256	      1.10703	      1.12687	      1.12501	      1.14616	      1.14446	
  1.71475e+08	      1.07047	      1.07163	      1.09334	      1.09664	      1.11574	      1.11966	      1.11075	      1.10608	      1.12727	      1.12203	      1.14372	      1.14211	
  1.71555e+08	      1.06942	      1.07066	      1.09199	      1.09657	      1.11461	      1.11919	      1.10812	      1.10332	      1.12111	      1.12243	      1.14133	      1.14101	
  1.71635e+08	      1.06873	      1.07389	      1.09202	      1.09673	      1.11344	      1.11800	      1.10893	      1.10340	      1.12194	      1.12301	      1.14071	      1.14207	
  1.71715e+08	      1.06902	      1.07452	      1.09183	      1.09593	      1.11324	      1.11791	      1.10998	      1.10156	      1.12308	      1.12252	      1.14199	      1.14221	
  1.71795e+08	      1.07026	      1.07601	      1.09294	      1.09632	      1.11368	      1.11794	      1.10994	      1.10070	      1.12239	      1.12211	      1.13956	      1.14069	
  1.71875e+08	      1.07155	      1.07630	      1.09445	      1.09672	      1.11208	      1.11622	      1.10949	      1.10115	      1.12283	      1.12096	      1.13647	      1.13809	
  1.71955e+08	      1.07039	      1.07601	      1.09493	      1.09489	      1.11176	      1.11391	      1.10791	      1.10292	      1.11933	      1.11861	      1.13438	      1.13498	
  1.72035e+08	      1.05496	      1.05918	      1.07999	      1.07859	      1.09558	      1.09752	      1.09323	      1.08306	      1.10648	      1.10505	      1.11812	      1.11774	
  1.72115e+08	      0.00000	      0.00000	      0.00000	      0.00000	      0.00000	      0.00000	      0.00000	      0.00000	      0.00000	      0.00000	      0.00000	      0.00000	
  1.72195e+08	      0.00000	      0.00000	      0.00000	      0.00000	      0.00000	      0.00000	      0.00000	      0.00000	      0.00000	      0.00000	      0.00000	      0.00000	
  1.72275e+08	      1.05044	      1.05186	      1.07129	      1.07203	      1.08964	      1.08962	      1.08357	      1.07819	      1.09632	      1.09774	      1.11259	      1.11250	
  1.72355e+08	      1.07363	      1.07179	      1.08949	      1.09317	      1.11007	      1.11059	      1.10508	      1.10026	      1.11760	      1.11684	      1.13354	      1.13284	
  1.72435e+08	      1.07436	      1.07119	      1.08914	      1.09424	      1.11118	      1.11111	      1.10828	      1.09918	      1.11778	      1.11605	      1.13287	      1.13169	
  1.72515e+08	      1.07428	      1.07054	      1.09025	      1.09468	      1.10900	      1.10918	      1.10798	      1.09774	      1.11679	      1.11561	      1.13264	      1.13065	
  1.72595e+08	      1.07320	      1.07052	      1.09011	      1.09408	      1.10937	      1.10855	      1.10713	      1.09827	      1.11585	      1.11500	      1.13047	      1.13016	
  1.72675e+08	      1.07140	      1.07038	      1.08965	      1.09277	      1.10966	      1.10858	      1.10811	      1.09858	      1.11813	      1.11610	      1.12890	      1.12841	
  1.72755e+08	      1.07214	      1.07068	      1.09006	      1.09143	      1.10824	      1.10875	      1.10546	      1.10028	      1.11807	      1.11640	      1.12853	      1.12782	
  1.72835e+08	      1.07041	      1.07127	      1.08799	      1.08781	      1.10651	      1.10751	      1.10713	      1.09578	      1.11688	      1.11464	      1.12960	      1.12679	
  1.72915e+08	      1.06986	      1.07296	      1.08766	      1.08766	      1.10849	      1.10859	      1.10541	      1.09279	      1.11601	      1.11416	      1.12896	      1.12728	
  1.72995e+08	      1.06935	      1.07299	      1.08813	      1.08845	      1.10727	      1.10788	      1.10302	      1.09224	      1.11683	      1.11503	      1.12794	      1.12523	
  1.73075e+08	      1.07074	      1.07535	      1.08366	      1.08847	      1.10713	      1.10688	      1.10240	      1.09152	      1.11755	      1.11562	      1.12633	      1.12299	
  1.73155e+08	      1.07069	      1.07514	      1.08317	      1.08724	      1.10485	      1.10558	      1.10035	      1.09157	      1.11465	      1.11591	      1.12772	      1.12172	
  1.73235e+08	      1.07043	      1.07466	      1.08251	      1.08794	      1.10193	      1.10255	      1.09755	      1.08867	      1.11204	      1.11230	      1.12707	      1.12169	
  1.73315e+08	      1.05467	      1.05859	      1.06687	      1.07366	      1.08437	      1.08697	      1.08289	      1.07087	      1.09623	      1.09812	      1.11065	      1.10643	
  1.73395e+08	      0.00000	      0.00000	      0.00000	      0.00000	      0.00000	      0.00000	      0.00000	      0.00000	      0.00000	      0.00000	      0.00000	      0.00000	
  1.73475e+08	      0.00000	      0.00000	      0.00000	      0.00000	      0.00000	      0.00000	      0.00000	      0.00000	      0.00000	      0.00000	      0.00000	      0.00000	
  1.73555e+08	      1.05215	      1.05079	      1.06571	      1.06800	      1.07925	      1.08092	      1.08012	      1.07104	      1.09002	      1.09121	      1.10339	      1.09886	
  1.73635e+08	      1.07069	      1.07202	      1.08833	      1.08767	      1.10003	      1.10137	      1.09647	      1.08893	      1.11129	      1.10976	      1.12210	      1.11900	
  1.73715e+08	      1.07224	      1.07146	      1.08740	      1.08747	      1.10114	      1.10292	      1.09814	      1.08357	      1.11216	      1.11069	      1.12446	      1.11898	
  1.73795e+08	      1.07165	      1.06971	      1.08438	      1.08632	      1.09756	      1.10096	      1.09813	      1.08438	      1.11167	      1.10922	      1.12466	      1.11805	
  1.73875e+08	      1.06962	      1.06816	      1.08380	      1.08522	      1.09772	      1.10156	      1.09426	      1.08647	      1.11135	      1.10740	      1.12336	      1.11732	
  1.73955e+08	      1.06956	      1.06943	      1.08148	      1.08440	      1.09665	      1.09975	      1.09515	      1.08588	      1.10729	      1.10675	      1.12356	      1.11638	
  1.74035e+08	      1.06925	      1.06737	      1.07880	      1.08442	      1.09553	      1.09741	      1.09433	      1.08527	      1.10759	      1.10610	      1.12205	      1.11824	
  1.74115e+08	      1.06606	      1.07044	      1.07841	      1.08369	      1.09532	      1.09546	      1.09131	      1.07875	      1.10445	      1.10381	      1.12074	      1.11104	
  1.74195e+08	      1.06623	      1.06958	      1.07868	      1.08415	      1.09438	      1.09688	      1.09337	      1.08100	      1.10576	      1.10198	      1.12084	      1.11242	
  1.74275e+08	      1.06710	      1.07157	      1.07897	      1.08204	      1.09399	      1.09445	      1.09157	      1.08354	      1.10305	      1.10074	      1.11873	      1.11177	
  1.74355e+08	      1.06556	      1.07182	      1.07933	      1.07959	      1.09210	      1.09485	      1.08874	      1.08146	      1.10378	      1.10216	      1.11717	      1.10992	
  1.74435e+08	      1.06510	      1.07149	      1.07925	      1.07868	      1.09135	      1.09366	      1.09049	      1.08259	      1.10162	      1.09983	      1.11529	      1.10852	
  1.74515e+08	      1.06441	      1.06967	      1.07775	      1.07688	      1.09114	      1.09278	      1.09123	      1.07906	      1.09831	      1.09876	      1.11358	      1.10510	
  1.74595e+08	      1.04860	      1.05389	      1.06076	      1.06010	      1.07505	      1.07576	      1.07523	      1.06705	      1.08279	      1.08240	      1.09687	      1.08996	
  1.74675e+08	      0.00000	      0.00000	      0.00000	      0.00000	      0.00000	      0.00000	      0.00000	      0.00000	      0.00000	      0.00000	      0.00000	      0.00000	
  1.74755e+08	      0.00000	      0.00000	      0.00000	      0.00000	      0.00000	      0.00000	      0.00000	      0.00000	      0.00000	      0.00000	      0.00000	      0.00000	
  1.74835e+08	      1.04354	      1.04735	      1.05210	      1.05463	      1.06952	      1.07059	      1.07003	      1.06545	      1.07258	      1.07445	      1.08912	      1.08303	
  1.74915e+08	      1.06550	      1.06587	      1.07351	      1.07618	      1.08846	      1.08975	      1.09146	      1.08379	      1.09223	      1.09421	      1.11047	      1.10257	
  1.74995e+08	      1.06482	      1.06531	      1.07559	      1.07763	      1.09006	      1.09041	      1.09015	      1.08474	      1.09380	      1.09273	      1.10956	      1.10074	
  1.75075e+08	      1.06416	      1.06309	      1.07734	      1.07786	      1.08744	      1.08843	      1.09011	      1.08664	      1.09177	      1.09252	      1.10808	      1.10169	
  1.75155e+08	      1.06250	      1.06182	      1.07848	      1.07493	      1.08700	      1.08834	      1.09097	      1.08694	      1.09131	      1.09215	      1.10446	      1.09796	
  1.75235e+08	      1.06124	      1.05967	      1.07646	      1.07431	      1.08662	      1.08631	      1.09065	      1.08254	      1.09406	      1.09100	      1.10193	      1.09785	
  1.75315e+08	      1.06021	      1.06012	      1.07585	      1.07438	      1.08675	      1.08473	      1.08751	      1.08187	      1.09168	      1.08843	      1.10066	      1.09313	
  1.75395e+08	      1.06016	      1.06238	      1.07243	      1.07322	      1.08381	      1.08398	      1.08504	      1.08191	      1.08875	      1.08803	      1.09799	      1.09339	
  1.75475e+08	      1.05898	      1.06250	      1.07042	      1.07176	      1.08403	      1.08533	      1.08491	      1.08503	      1.08896	      1.08621	      1.09643	      1.09201	
  1.75555e+08	      1.05945	      1.06291	      1.07006	      1.07008	      1.08432	      1.08395	      1.08316	      1.08467	      1.08899	      1.08410	      1.09515	      1.08972	
  1.75635e+08	      1.05847	      1.06439	      1.06691	      1.07162	      1.08154	      1.08207	      1.08281	      1.08223	      1.08800	      1.08382	      1.09238	      1.08865	
  1.75715e+08	      1.05788	      1.06404	      1.06798	      1.07130	      1.08121	      1.07982	      1.08068	      1.07670	      1.08659	      1.08361	      1.09253	      1.08798	
  1.75795e+08	      1.05725	      1.06486	      1.06809	      1.07069	      1.07929	      1.07775	      1.07830	      1.07831	      1.08558	      1.08174	      1.08995	      1.08580	
  1.75875e+08	      1.04037	      1.04610	      1.05385	      1.05457	      1.06228	      1.06231	      1.06089	      1.06504	      1.06891	      1.06716	      1.07380	      1.07170	
  1.75955e+08	      0.00000	      0.00000	      0.00000	      0.00000	      0.00000	      0.00000	      0.00000	      0.00000	      0.00000	      0.00000	      0.00000	      0.00000	
  1.76035e+08	      0.00000	      0.00000	      0.00000	      0.00000	      0.00000	      0.00000	      0.00000	      0.00000	      0.00000	      0.00000	      0.00000	      0.00000	
  1.76115e+08	      1.03525	      1.03830	      1.04763	      1.04469	      1.05519	      1.05686	      1.05373	      1.05727	      1.06221	      1.06076	      1.06667	      1.06340	
  1.76195e+08	      1.05675	      1.05731	      1.06678	      1.06492	      1.07581	      1.07518	      1.07125	      1.07584	      1.08346	      1.07911	      1.08628	      1.08409	
  1.76275e+08	      1.05651	      1.05638	      1.06416	      1.06462	      1.07525	      1.07552	      1.07081	      1.07708	      1.08360	      1.07912	      1.08801	      1.08463	
  1.76355e+08	      1.05681	      1.05351	      1.06220	      1.06495	      1.07613	      1.07429	      1.06519	      1.07497	      1.08257	      1.07897	      1.08638	      1.08209	
  1.76435e+08	      1.05426	      1.05229	      1.06084	      1.06370	      1.07248	      1.07325	      1.06607	      1.07049	      1.07962	      1.07464	      1.08457	      1.08181	
  1.76515e+08	      1.05395	      1.05085	      1.06066	      1.06351	      1.07242	      1.07280	      1.06626	      1.06957	      1.08021	      1.07521	      1.08342	      1.08037	
  1.76595e+08	      1.04940	      1.05151	      1.06126	      1.06411	      1.06984	      1.07032	      1.06548	      1.07222	      1.07694	      1.07466	      1.08032	      1.07750	
  1.76675e+08	      1.04843	      1.05133	      1.06335	      1.06267	      1.06831	      1.06915	      1.06294	      1.06645	      1.07260	      1.07260	      1.07754	      1.07323	
  1.76755e+08	      1.04911	      1.05094	      1.06470	      1.06334	      1.06871	      1.06739	      1.06131	      1.06967	      1.07423	      1.07402	      1.07753	      1.07365	
  1.76835e+08	      1.04807	      1.05313	      1.06502	      1.06127	      1.06699	      1.06700	      1.06085	      1.06471	      1.07443	      1.07319	      1.07684	      1.07399	
  1.76915e+08	      1.04698	      1.05306	      1.06260	      1.06012	      1.06468	      1.06532	      1.06097	      1.06370	      1.07389	      1.07261	      1.07649	      1.07208	
  1.76995e+08	      1.04800	      1.05459	      1.06042	      1.05757	      1.06198	      1.06430	      1.05944	      1.06350	      1.07091	      1.07160	      1.07512	      1.06967	
  1.77075e+08	      1.04522	      1.05494	      1.05693	      1.05798	      1.06015	      1.06264	      1.05922	      1.06367	      1.06884	      1.06855	      1.07254	      1.06854	
  1.77155e+08	      1.02961	      1.03779	      1.03828	      1.04133	      1.04417	      1.04613	      1.04551	      1.04524	      1.05225	      1.05259	      1.05779	      1.05329	
  1.77235e+08	      0.00000	      0.00000	      0.00000	      0.00000	      0.00000	      0.00000	      0.00000	      0.00000	      0.00000	      0.00000	      0.00000	      0.00000	
  1.77315e+08	      0.00000	      0.00000	      0.00000	      0.00000	      0.00000	      0.00000	      0.00000	      0.00000	      0.00000	      0.00000	      0.00000	      0.00000	
  1.77395e+08	      1.02584	      1.02953	      1.03111	      1.03512	      1.03705	      1.03902	      1.03583	      1.03769	      1.04112	      1.04191	      1.05069	      1.04822	
  1.77475e+08	      1.04633	      1.04843	      1.05329	      1.05513	      1.05456	      1.05584	      1.05450	      1.05786	      1.06005	      1.05809	      1.06787	      1.06635	
  1.77555e+08	      1.04696	      1.04711	      1.05473	      1.05529	      1.05487	      1.05687	      1.05633	      1.05804	      1.05855	      1.05998	      1.06804	      1.06574	
  1.77635e+08	      1.04503	      1.04539	      1.05544	      1.05484	      1.05408	      1.05559	      1.05635	      1.05288	      1.05838	      1.05678	      1.06513	      1.06410	
  1.77715e+08	      1.04230	      1.04328	      1.05434	      1.05326	      1.05343	      1.05330	      1.05301	      1.04945	      1.05903	      1.05857	      1.06590	      1.06261	
  1.77795e+08	      1.04027	      1.04136	      1.05257	      1.05357	      1.05322	      1.05350	      1.05273	      1.05228	      1.05805	      1.05872	      1.06397	      1.06104	
  1.77875e+08	      1.03901	      1.03950	      1.04953	      1.05184	      1.05176	      1.05250	      1.05062	      1.05005	      1.05714	      1.05769	      1.06052	      1.05937	
  1.77955e+08	      1.03710	      1.03937	      1.04620	      1.05116	      1.04930	      1.05057	      1.04815	      1.04740	      1.05488	      1.05608	      1.05967	      1.05553	
  1.78035e+08	      1.03722	      1.04091	      1.04516	      1.05003	      1.05011	      1.04902	      1.04900	      1.04802	      1.05422	      1.05785	      1.05935	      1.05792	
  1.78115e+08	      1.03604	      1.04092	      1.04333	      1.05023	      1.04898	      1.04905	      1.04828	      1.04758	      1.05615	      1.05613	      1.05956	      1.05723	
  1.78195e+08	      1.03549	      1.04207	      1.04430	      1.04845	      1.04731	      1.04793	      1.04732	      1.04769	      1.05529	      1.05470	      1.05648	      1.05576	
  1.78275e+08	      1.03808	      1.04261	      1.04498	      1.04819	      1.04742	      1.04694	      1.04398	      1.04766	      1.05329	      1.05162	      1.05381	      1.05364	
  1.78355e+08	      1.03710	      1.04273	      1.04544	      1.04580	      1.04435	      1.04366	      1.04477	      1.04636	      1.05082	      1.05036	      1.05116	      1.05267	
  1.78435e+08	      1.01971	      1.02713	      1.03109	      1.02765	      1.02865	      1.02817	      1.02760	      1.03184	      1.03430	      1.03444	      1.03806	      1.03520	
  1.78515e+08	      0.00000	      0.00000	      0.00000	      0.00000	      0.00000	      0.00000	      0.00000	      0.00000	      0.00000	      0.00000	      0.00000	      0.00000	
  1.78595e+08	      0.00000	      0.00000	      0.00000	      0.00000	      0.00000	      0.00000	      0.00000	      0.00000	      0.00000	      0.00000	      0.00000	      0.00000	
  1.78675e+08	      1.01583	      1.02030	      1.01971	      1.02067	      1.02276	      1.02016	      1.02753	      1.02794	      1.02469	      1.02411	      1.02917	      1.03003	
  1.78755e+08	      1.03583	      1.04026	      1.03752	      1.03982	      1.04205	      1.03962	      1.04805	      1.04668	      1.04541	      1.04455	      1.04718	      1.04631	
  1.78835e+08	      1.03866	      1.03712	      1.03479	      1.03973	      1.04349	      1.04056	      1.04604	      1.04490	      1.04531	      1.04590	      1.04553	      1.04500	
  1.78915e+08	      1.03684	      1.03489	      1.03421	      1.04109	      1.04010	      1.03904	      1.04440	      1.04481	      1.04304	      1.04389	      1.04324	      1.04534	
  1.78995e+08	      1.03777	      1.03447	      1.03409	      1.03972	      1.03930	      1.03745	      1.04384	      1.04497	      1.04362	      1.04268	      1.04252	      1.04315	
  1.79075e+08	      1.03585	      1.03337	      1.03544	      1.03924	      1.03737	      1.03591	      1.03972	      1.04508	      1.04353	      1.04065	      1.04001	      1.04152	
  1.79155e+08	      1.03505	      1.03208	      1.03564	      1.03601	      1.03615	      1.03512	      1.03959	      1.04232	      1.04043	      1.03976	      1.03833	      1.03996	
  1.79235e+08	      1.03287	      1.03235	      1.03445	      1.03383	      1.03618	      1.03392	      1.03686	      1.03817	      1.04169	      1.03805	      1.03521	      1.03695	
  1.79315e+08	      1.03194	      1.03172	      1.03538	      1.03429	      1.03611	      1.03448	      1.03787	      1.03894	      1.04223	      1.04002	      1.03762	      1.03938	
  1.79395e+08	      1.03143	      1.03236	      1.03288	      1.03231	      1.03604	      1.03282	      1.03546	      1.04004	      1.04093	      1.03852	      1.03729	      1.03701	
  1.79475e+08	      1.03041	      1.03406	      1.02898	      1.03238	      1.03498	      1.03175	      1.03493	      1.03723	      1.03934	      1.03730	      1.03690	      1.03628	
  1.79555e+08	      1.02994	      1.03443	      1.02742	      1.03213	      1.03381	      1.03100	      1.03287	      1.03477	      1.03759	      1.03679	      1.03480	      1.03481	
  1.79635e+08	      1.02782	      1.03526	      1.02489	      1.03114	      1.03052	      1.02978	      1.03136	      1.03161	      1.03645	      1.03481	      1.03385	      1.03435	
  1.79715e+08	      1.01276	      1.01971	      1.00953	      1.01587	      1.01424	      1.01400	      1.01593	      1.01699	      1.02248	      1.01992	      1.01747	      1.01866	
  1.79795e+08	      0.00000	      0.00000	      0.00000	      0.00000	      0.00000	      0.00000	      0.00000	      0.00000	      0.00000	      0.00000	      0.00000	      0.00000	
  1.79875e+08	      0.00000	      0.00000	      0.00000	      0.00000	      0.00000	      0.00000	      0.00000	      0.00000	      0.00000	      0.00000	      0.00000	      0.00000	
  1.79955e+08	      1.00860	      1.01317	      1.00967	      1.00997	      1.00854	      1.00544	      1.00756	      1.01129	      1.01274	      1.01306	      1.00737	      1.00771	
  1.80035e+08	      1.02670	      1.03095	      1.02951	      1.02939	      1.02722	      1.02517	      1.02302	      1.03002	      1.03118	      1.02891	      1.02620	      1.02753	
  1.80115e+08	      1.02800	      1.03024	      1.02956	      1.02806	      1.02516	      1.02493	      1.02540	      1.03464	      1.03074	      1.03167	      1.02573	      1.02766	
  1.80195e+08	      1.02729	      1.02790	      1.02832	      1.02752	      1.02354	      1.02504	      1.02572	      1.03357	      1.02923	      1.03063	      1.02320	      1.02647	
  1.80275e+08	      1.02627	      1.02601	      1.02570	      1.02736	      1.02253	      1.02350	      1.02260	      1.03300	      1.02667	      1.02661	      1.02421	      1.02603	
  1.80355e+08	      1.02361	      1.02186	      1.02285	      1.02619	      1.02202	      1.02361	      1.02215	      1.02984	      1.02547	      1.02547	      1.01978	      1.02528	
  1.80435e+08	      1.02151	      1.02064	      1.02133	      1.02745	      1.02117	      1.02330	      1.02048	      1.02748	      1.02479	      1.02384	      1.01899	      1.02407	
  1.80515e+08	      1.02106	      1.02121	      1.02235	      1.02835	      1.02013	      1.02187	      1.01404	      1.02882	      1.02215	      1.02309	      1.01817	      1.02101	
  1.80595e+08	      1.02143	      1.02170	      1.02202	      1.02807	      1.01958	      1.02148	      1.02043	      1.02956	      1.02364	      1.02319	      1.01870	      1.02299	
  1.80675e+08	      1.02028	      1.02232	      1.02353	      1.02858	      1.01750	      1.02114	      1.01913	      1.02807	      1.02400	      1.02224	      1.01784	      1.02057	
  1.80755e+08	      1.02120	      1.02433	      1.02428	      1.02791	      1.01610	      1.01914	      1.01708	      1.02335	      1.02042	      1.02322	      1.01784	      1.02082	
  1.80835e+08	      1.01995	      1.02510	      1.02396	      1.02588	      1.01500	      1.01948	      1.01919	      1.01968	      1.01814	      1.02197	      1.01578	      1.01837	
  1.80915e+08	      1.01865	      1.02563	      1.02188	      1.02339	      1.01377	      1.01780	      1.02000	      1.02207	      1.01722	      1.01986	      1.01579	      1.01634	
  1.80995e+08	      1.00498	      1.01122	      1.00677	      1.00763	     0.998418	      1.00238	      1.00415	      1.00602	     0.999958	      1.00612	      1.00078	      1.00215	
  1.81075e+08	      0.00000	      0.00000	      0.00000	      0.00000	      0.00000	      0.00000	      0.00000	      0.00000	      0.00000	      0.00000	      0.00000	      0.00000	
  1.81155e+08	      0.00000	      0.00000	      0.00000	      0.00000	      0.00000	      0.00000	      0.00000	      0.00000	      0.00000	      0.00000	      0.00000	      0.00000	
  1.81235e+08	      1.00051	      1.00653	     0.995254	      1.00189	     0.989598	     0.994295	     0.997855	     0.998236	     0.993898	     0.997909	     0.993314	     0.991531	
  1.81315e+08	      1.02169	      1.02462	      1.01545	      1.02277	      1.00918	      1.01349	      1.01650	      1.01766	      1.01231	      1.01736	      1.00944	      1.00936	
  1.81395e+08	      1.02210	      1.02332	      1.01781	      1.02480	      1.00962	      1.01396	      1.01986	      1.01986	      1.01222	      1.01674	      1.00940	      1.00932	
  1.81475e+08	      1.02137	      1.02036	      1.01967	      1.02429	      1.00994	      1.01224	      1.01872	      1.01644	      1.01212	      1.01727	      1.00801	      1.00901	
  1.81555e+08	      1.01999	      1.02001	      1.02173	      1.02457	      1.00886	      1.01058	      1.01612	      1.01356	      1.01262	      1.01650	      1.00604	      1.00839	
  1.81635e+08	      1.01947	      1.01738	      1.02249	      1.02279	      1.00775	      1.01075	      1.01212	      1.01155	      1.01250	      1.01474	      1.00561	      1.00710	
  1.81715e+08	      1.01847	      1.01627	      1.02140	      1.02226	      1.00619	      1.00976	      1.01140	      1.01320	      1.01110	      1.01380	      1.00421	      1.00541	
  1.81795e+08	      1.01728	      1.01565	      1.01936	      1.01973	      1.00529	      1.00834	      1.00834	      1.00994	      1.00703	      1.01250	      1.00303	      1.00344	
  1.81875e+08	      1.01833	      1.01486	      1.01717	      1.02044	      1.00618	      1.00887	      1.00610	      1.00878	      1.00911	      1.01558	      1.00372	      1.00369	
  1.81955e+08	      1.01732	      1.01580	      1.01501	      1.02025	      1.00501	      1.00827	      1.00573	      1.00488	      1.00967	      1.01505	      1.00181	      1.00150	
  1.82035e+08	      1.01738	      1.01579	      1.01396	      1.01929	      1.00422	      1.00843	      1.00204	      1.00547	      1.00704	      1.01175	     0.999753	      1.00050	
  1.82115e+08	      1.01587	      1.01834	      1.01421	      1.01953	      1.00265	      1.00667	      1.00486	      1.00779	      1.00705	      1.01027	      1.00018	     0.999398	
  1.82195e+08	      1.01435	      1.01805	      1.01406	      1.02058	      1.00223	      1.00496	      1.00284	      1.00824	      1.00618	      1.00886	     0.998379	     0.997722	
  1.82275e+08	     0.997994	      1.00329	      1.00046	      1.00511	     0.987060	     0.988806	     0.991311	     0.991355	     0.990796	     0.994325	     0.983291	     0.984208	
  1.82355e+08	      0.00000	      0.00000	      0.00000	      0.00000	      0.00000	      0.00000	      0.00000	      0.00000	      0.00000	      0.00000	      0.00000	      0.00000	
  1.82435e+08	      0.00000	      0.00000	      0.00000	      0.00000	      0.00000	      0.00000	      0.00000	      0.00000	      0.00000	      0.00000	      0.00000	      0.00000	
  1.82515e+08	     0.996791	     0.999726	     0.998099	     0.996566	     0.980825	     0.982646	     0.987106	     0.988744	     0.983029	     0.989594	     0.976038	     0.976611	
  1.82595e+08	      1.01772	      1.01955	      1.01532	      1.01362	     0.999012	      1.00019	      1.00755	      1.00410	      1.00287	      1.00534	     0.992571	     0.992662	
  1.82675e+08	      1.02085	      1.02095	      1.01290	      1.01403	      1.00067	      1.00283	      1.00706	      1.00209	      1.00070	      1.00584	     0.991354	     0.994034	
  1.82755e+08	      1.01892	      1.01757	      1.00952	      1.01323	     0.999828	      1.00114	      1.00454	      1.00143	      1.00087	      1.00516	     0.991046	     0.991722	
  1.82835e+08	      1.01741	      1.01544	      1.00814	      1.01294	     0.998634	      1.00117	      1.00604	      1.00163	      1.00055	      1.00362	     0.991406	     0.991520	
  1.82915e+08	      1.01736	      1.01386	      1.00696	      1.01259	     0.999598	      1.00070	      1.00574	      1.00469	     0.998876	      1.00198	     0.990387	     0.991050	
  1.82995e+08	      1.01629	      1.01315	      1.00908	      1.01392	     0.997981	     0.999222	      1.00345	      1.00429	     0.999081	      1.00303	     0.989345	     0.990083	
  1.83075e+08	      1.01557	      1.01237	      1.01046	      1.01062	     0.996293	     0.998469	      1.00476	      1.00211	     0.998497	      1.00216	     0.988906	     0.988084	
  1.83155e+08	      1.01664	      1.01344	      1.01078	      1.01187	     0.997824	     0.998242	      1.00423	      1.00300	      1.00121	      1.00440	     0.989583	     0.991104	
  1.83235e+08	      1.01589	      1.01508	      1.01213	      1.01175	     0.996389	     0.997314	      1.00081	      1.00349	     0.998926	      1.00502	     0.988970	     0.989836	
  1.83315e+08	      1.01629	      1.01622	      1.01125	      1.01083	     0.994729	     0.995999	     0.999816	      1.00416	     0.996595	      1.00477	     0.987915	     0.989497	
  1.83395e+08	      1.01507	      1.01652	      1.01009	      1.01014	     0.994339	     0.995797	     0.999381	      1.00111	     0.996833	      1.00338	     0.987163	     0.988203	
  1.83475e+08	      1.01415	      1.01760	      1.00908	      1.00769	     0.993345	     0.994849	     0.998324	      1.00063	     0.994244	      1.00177	     0.985325	     0.987180	
  1.83555e+08	     0.997828	      1.00401	     0.991262	     0.994490	     0.978849	     0.979089	     0.983837	     0.983265	     0.979185	     0.988244	     0.971709	     0.972557	
  1.83635e+08	      0.00000	      0.00000	      0.00000	      0.00000	      0.00000	      0.00000	      0.00000	      0.00000	      0.00000	      0.00000	      0.00000	      0.00000	
  1.83715e+08	      0.00000	      0.00000	      0.00000	      0.00000	      0.00000	      0.00000	      0.00000	      0.00000	      0.00000	      0.00000	      0.00000	      0.00000	
  1.83795e+08	     0.994303	     0.998747	     0.986351	     0.990003	     0.972560	     0.971854	     0.974389	     0.978872	     0.973658	     0.980200	     0.964199	     0.965941	
  1.83875e+08	      1.01406	      1.01823	      1.00761	      1.01054	     0.992191	     0.991356	     0.996355	     0.996239	     0.991160	     0.998350	     0.980701	     0.983634	
  1.83955e+08	      1.01423	      1.01838	      1.01165	      1.01101	     0.992605	     0.992067	     0.996713	     0.995092	     0.991059	     0.999956	     0.981922	     0.983970	
  1.84035e+08	      1.01405	      1.01399	      1.01227	      1.01035	     0.991500	     0.991831	     0.997255	     0.995897	     0.990256	     0.999184	     0.982799	     0.983306	
  1.84115e+08	      1.01281	      1.01169	      1.00960	      1.00959	     0.991255	     0.990823	     0.995884	     0.998206	     0.989336	     0.996134	     0.982206	     0.983893	
  1.84195e+08	      1.01184	      1.00929	      1.00950	      1.00891	     0.990795	     0.989110	     0.993960	     0.998747	     0.988480	     0.995576	     0.981951	     0.983407	
  1.84275e+08	      1.01147	      1.00684	      1.00731	      1.00811	     0.989620	     0.989285	     0.993466	     0.994703	     0.986951	     0.993257	     0.979658	     0.982672	
  1.84355e+08	      1.00989	      1.00501	      1.00422	      1.00762	     0.989477	     0.988577	     0.988755	     0.991001	     0.982968	     0.988695	     0.976511	     0.980450	
  1.84435e+08	      1.00995	      1.00593	      1.00320	      1.00804	     0.989033	     0.988352	     0.991568	     0.994069	     0.984511	     0.991424	     0.977737	     0.981989	
  1.84515e+08	      1.00889	      1.00724	      1.00080	      1.00776	     0.988260	     0.987727	     0.991544	     0.998214	     0.984836	     0.990833	     0.976388	     0.980086	
  1.84595e+08	      1.00820	      1.00732	      1.00119	      1.00792	     0.986933	     0.987090	     0.991117	     0.993499	     0.984901	     0.991335	     0.975814	     0.979197	
  1.84675e+08	      1.00877	      1.01043	      1.00256	      1.00628	     0.986918	     0.985119	     0.991152	     0.989106	     0.984034	     0.988352	     0.974525	     0.976120	
  1.84755e+08	      1.00845	      1.01020	      1.00425	      1.00652	     0.984550	     0.983846	     0.987490	     0.987609	     0.981851	     0.986540	     0.972185	     0.974061	
  1.84835e+08	     0.992591	     0.995905	     0.990496	     0.989242	     0.969808	     0.969494	     0.974168	     0.974509	     0.966176	     0.972915	     0.958814	     0.960135	
  1.84915e+08	      0.00000	      0.00000	      0.00000	      0.00000	      0.00000	      0.00000	      0.00000	      0.00000	      0.00000	      0.00000	      0.00000	      0.00000	
  1.84995e+08	      0.00000	      0.00000	      0.00000	      0.00000	      0.00000	      0.00000	      0.00000	      0.00000	      0.00000	      0.00000	      0.00000	      0.00000	
  1.85075e+08	     0.987795	     0.992721	     0.984356	     0.982864	     0.961947	     0.962543	     0.964839	     0.968913	     0.961703	     0.966211	     0.948491	     0.950782	
  1.85155e+08	      1.00722	      1.01135	      1.00103	      1.00226	     0.980111	     0.980470	     0.982051	     0.987012	     0.978718	     0.984036	     0.966803	     0.970210	
  1.85235e+08	      1.00769	      1.01064	      1.00071	      1.00296	     0.979625	     0.980288	     0.984529	     0.989510	     0.978186	     0.984075	     0.965624	     0.969397	
  1.85315e+08	      1.00675	      1.00928	     0.999974	      1.00204	     0.978862	     0.978729	     0.984457	     0.991490	     0.977626	     0.983290	     0.966077	     0.969412	
  1.85395e+08	      1.00592	      1.00649	      1.00062	      1.00192	     0.977522	     0.976539	     0.983604	     0.988367	     0.974973	     0.981991	     0.965028	     0.968959	
  1.85475e+08	      1.00536	      1.00357	      1.00176	      1.00349	     0.976623	     0.976536	     0.982989	     0.985343	     0.974367	     0.982138	     0.964770	     0.968276	
  1.85555e+08	      1.00372	      1.00020	      1.00386	      1.00192	     0.976382	     0.976758	     0.980216	     0.984284	     0.970455	     0.980802	     0.963071	     0.965834	
  1.85635e+08	      1.00079	     0.996742	      1.00460	      1.00004	     0.975149	     0.976122	     0.980228	     0.984378	     0.971392	     0.978592	     0.960780	     0.963062	
  1.85715e+08	      1.00056	     0.996059	      1.00287	     0.998817	     0.976285	     0.975761	     0.981309	     0.987103	     0.973002	     0.977582	     0.962523	     0.963532	
  1.85795e+08	     0.999006	     0.996980	      1.00084	     0.998328	     0.975906	     0.975999	     0.978930	     0.982640	     0.971209	     0.977887	     0.961617	     0.962696	
  1.85875e+08	     0.996795	     0.995749	     0.997509	     0.996419	     0.974145	     0.974976	     0.977779	     0.981281	     0.970252	     0.975115	     0.958226	     0.963392	
  1.85955e+08	     0.996312	     0.996928	     0.997031	     0.995434	     0.974506	     0.974517	     0.978094	     0.979852	     0.969896	     0.973575	     0.959440	     0.962228	
  1.86035e+08	     0.995373	     0.998053	     0.991300	     0.993435	     0.972682	     0.973112	     0.973347	     0.980899	     0.969647	     0.974791	     0.958471	     0.961382	
  1.86115e+08	     0.980933	     0.983080	     0.976395	     0.979580	     0.958292	     0.958923	     0.961116	     0.968317	     0.954473	     0.960690	     0.946906	     0.946387	
  1.86195e+08	      0.00000	      0.00000	      0.00000	      0.00000	      0.00000	      0.00000	      0.00000	      0.00000	      0.00000	      0.00000	      0.00000	      0.00000	
  1.86275e+08	      0.00000	      0.00000	      0.00000	      0.00000	      0.00000	      0.00000	      0.00000	      0.00000	      0.00000	      0.00000	      0.00000	      0.00000	
  1.86355e+08	     0.975668	     0.982278	     0.975225	     0.975134	     0.953214	     0.952357	     0.955548	     0.960397	     0.949912	     0.956060	     0.938162	     0.940141	
  1.86435e+08	     0.995906	      1.00288	     0.994734	     0.992991	     0.971253	     0.969699	     0.974093	     0.978689	     0.967944	     0.972867	     0.954282	     0.955956	
  1.86515e+08	     0.996699	      1.00253	     0.995577	     0.992980	     0.970268	     0.970761	     0.976802	     0.982373	     0.969481	     0.974321	     0.953449	     0.956203	
  1.86595e+08	     0.995520	      1.00099	     0.994696	     0.991342	     0.969089	     0.968118	     0.975054	     0.979976	     0.968278	     0.970457	     0.952542	     0.955051	
  1.86675e+08	     0.996008	     0.998335	     0.993044	     0.991152	     0.968805	     0.968226	     0.973877	     0.977918	     0.967314	     0.970115	     0.951767	     0.953673	
  1.86755e+08	     0.994322	     0.996150	     0.989067	     0.991158	     0.968462	     0.966776	     0.972305	     0.979491	     0.964808	     0.969885	     0.950497	     0.953360	
  1.86835e+08	     0.992608	     0.993480	     0.986501	     0.990790	     0.966283	     0.965220	     0.971717	     0.979715	     0.964445	     0.968385	     0.947297	     0.950899	
  1.86915e+08	     0.989282	     0.989583	     0.986020	     0.990691	     0.965461	     0.963767	     0.970928	     0.978995	     0.959544	     0.963425	     0.944576	     0.948180	
  1.86995e+08	     0.990983	     0.988487	     0.985386	     0.988169	     0.965479	     0.963385	     0.971629	     0.979135	     0.960556	     0.964427	     0.945598	     0.949062	
  1.87075e+08	     0.990441	     0.987109	     0.985927	     0.989294	     0.964118	     0.963993	     0.972421	     0.976021	     0.959922	     0.963665	     0.945305	     0.948074	
  1.87155e+08	     0.989246	     0.988222	     0.986362	     0.986307	     0.963108	     0.961836	     0.971284	     0.976757	     0.959165	     0.962411	     0.945063	     0.945024	
  1.87235e+08	     0.987831	     0.988603	     0.987021	     0.985820	     0.962127	     0.962206	     0.972717	     0.978195	     0.959334	     0.961973	     0.944112	     0.945284	
  1.87315e+08	     0.986565	     0.988192	     0.985264	     0.983061	     0.961033	     0.959527	     0.968861	     0.977253	     0.958179	     0.962079	     0.943663	     0.944273	
  1.87395e+08	     0.970600	     0.974226	     0.968163	     0.967105	     0.946076	     0.945688	     0.954715	     0.960306	     0.945708	     0.947742	     0.931751	     0.932320	
  1.87475e+08	      0.00000	      0.00000	      0.00000	      0.00000	      0.00000	      0.00000	      0.00000	      0.00000	      0.00000	      0.00000	      0.00000	      0.00000	
  1.87555e+08	      0.00000	      0.00000	      0.00000	      0.00000	      0.00000	      0.00000	      0.00000	      0.00000	      0.00000	      0.00000	      0.00000	      0.00000	
  1.87635e+08	     0.946392	     0.945359	     0.923545	     0.920837	     0.921639	     0.917817	     0.924880	     0.926035	     0.919364	     0.911833	     0.914011	     0.915220	
  1.87715e+08	     0.953414	     0.951028	     0.926593	     0.920248	     0.930067	     0.924758	     0.930897	     0.930565	     0.924432	     0.914599	     0.925534	     0.924860	
  1.87795e+08	     0.950293	     0.943871	     0.920703	     0.914741	     0.926331	     0.920371	     0.927234	     0.922427	     0.918957	     0.907192	     0.923554	     0.923942	
  1.87875e+08	     0.949984	     0.941799	     0.922264	     0.914490	     0.925466	     0.918855	     0.924136	     0.920875	     0.917281	     0.906858	     0.920740	     0.920910	
  1.87955e+08	     0.948468	     0.940144	     0.922377	     0.913241	     0.925660	     0.918518	     0.923971	     0.923848	     0.915860	     0.905033	     0.920760	     0.919949	
  1.88035e+08	     0.946939	     0.937508	     0.923050	     0.912804	     0.923164	     0.916414	     0.923884	     0.925397	     0.913690	     0.905647	     0.919655	     0.919272	
  1.88115e+08	     0.947193	     0.935031	     0.921891	     0.912991	     0.922179	     0.916199	     0.923397	     0.923395	     0.912671	     0.903755	     0.917811	     0.919247	
  1.88195e+08	     0.944288	     0.931997	     0.919910	     0.911676	     0.920458	     0.914676	     0.920853	     0.920287	     0.910185	     0.901889	     0.916265	     0.919269	
  1.88275e+08	     0.942232	     0.931706	     0.919749	     0.911690	     0.921083	     0.914521	     0.920341	     0.918128	     0.910234	     0.901243	     0.914788	     0.916974	
  1.88355e+08	     0.941196	     0.930450	     0.916770	     0.911194	     0.919756	     0.914949	     0.922893	     0.917956	     0.910106	     0.901940	     0.913706	     0.916977	
  1.88435e+08	     0.939857	     0.929281	     0.915799	     0.911409	     0.919238	     0.913553	     0.921468	     0.919856	     0.909268	     0.903176	     0.912491	     0.914585	
  1.88515e+08	     0.938920	     0.928498	     0.915024	     0.910768	     0.917735	     0.913130	     0.923186	     0.918683	     0.908701	     0.900895	     0.911714	     0.913561	
  1.88595e+08	     0.941025	     0.933449	     0.918856	     0.915718	     0.919223	     0.915003	     0.923768	     0.920252	     0.909935	     0.903462	     0.912106	     0.913173	
  1.88675e+08	     0.936046	     0.932001	     0.920212	     0.916634	     0.912797	     0.910645	     0.919733	     0.916665	     0.906584	     0.902268	     0.900649	     0.905519	
  1.88755e+08	      0.00000	      0.00000	      0.00000	      0.00000	      0.00000	      0.00000	      0.00000	      0.00000	      0.00000	      0.00000	      0.00000	      0.00000	
  1.88835e+08	      0.00000	      0.00000	      0.00000	      0.00000	      0.00000	      0.00000	      0.00000	      0.00000	      0.00000	      0.00000	      0.00000	      0.00000	
  1.88915e+08	     0.932851	     0.935680	     0.920634	     0.914854	     0.909905	     0.909086	     0.917347	     0.916745	     0.901018	     0.901246	     0.892499	     0.896862	
  1.88995e+08	     0.941339	     0.939985	     0.923723	     0.916097	     0.918733	     0.915213	     0.921641	     0.918254	     0.909199	     0.905972	     0.905926	     0.907750	
  1.89075e+08	     0.937689	     0.935726	     0.916436	     0.910624	     0.914955	     0.911326	     0.916307	     0.913069	     0.907069	     0.901049	     0.904513	     0.905384	
  1.89155e+08	     0.937586	     0.933764	     0.913890	     0.908715	     0.913915	     0.911277	     0.915104	     0.911373	     0.907390	     0.899911	     0.904863	     0.905673	
  1.89235e+08	     0.935698	     0.932282	     0.912734	     0.908949	     0.914080	     0.910042	     0.914767	     0.915145	     0.904984	     0.899540	     0.903246	     0.903598	
  1.89315e+08	     0.935915	     0.929868	     0.911407	     0.907932	     0.913324	     0.909954	     0.913053	     0.911745	     0.905873	     0.898591	     0.902653	     0.902305	
  1.89395e+08	     0.935849	     0.927552	     0.910088	     0.907938	     0.912428	     0.910216	     0.911380	     0.908736	     0.905054	     0.897469	     0.902158	     0.902194	
  1.89475e+08	     0.934508	     0.924507	     0.910271	     0.905246	     0.910684	     0.907743	     0.908298	     0.907925	     0.902787	     0.894996	     0.898544	     0.899152	
  1.89555e+08	     0.931631	     0.922906	     0.911653	     0.904815	     0.910761	     0.907259	     0.908444	     0.909363	     0.901260	     0.895401	     0.899060	     0.898917	
  1.89635e+08	     0.931535	     0.922448	     0.911503	     0.904652	     0.910104	     0.906120	     0.905517	     0.910943	     0.902044	     0.894344	     0.897773	     0.898768	
  1.89715e+08	     0.930253	     0.921012	     0.912128	     0.904210	     0.907997	     0.905480	     0.905069	     0.907988	     0.900846	     0.892713	     0.895913	     0.898809	
  1.89795e+08	     0.928760	     0.920769	     0.910921	     0.901688	     0.907265	     0.904977	     0.903382	     0.906988	     0.900692	     0.892432	     0.896337	     0.897016	
  1.89875e+08	     0.930767	     0.924813	     0.913231	     0.906326	     0.908577	     0.907372	     0.907468	     0.907718	     0.901764	     0.895141	     0.896317	     0.898436	
  1.89955e+08	     0.924668	     0.921186	     0.908657	     0.905705	     0.903507	     0.902145	     0.903367	     0.907415	     0.896162	     0.893556	     0.885874	     0.889985	
  1.90035e+08	      0.00000	      0.00000	      0.00000	      0.00000	      0.00000	      0.00000	      0.00000	      0.00000	      0.00000	      0.00000	      0.00000	      0.00000	
  1.90115e+08	      0.00000	      0.00000	      0.00000	      0.00000	      0.00000	      0.00000	      0.00000	      0.00000	      0.00000	      0.00000	      0.00000	      0.00000	
  1.90195e+08	     0.922503	     0.924560	     0.906047	     0.906850	     0.897302	     0.898168	     0.902475	     0.906993	     0.890783	     0.888837	     0.880162	     0.883412	
  1.90275e+08	     0.931768	     0.932567	     0.911289	     0.908331	     0.907154	     0.905800	     0.909611	     0.911507	     0.896743	     0.894348	     0.892503	     0.895276	
  1.90355e+08	     0.928739	     0.928121	     0.908299	     0.903955	     0.903870	     0.902523	     0.905189	     0.908681	     0.895080	     0.889412	     0.890232	     0.891292	
  1.90435e+08	     0.928610	     0.926801	     0.908813	     0.903917	     0.903881	     0.900287	     0.903496	     0.906293	     0.892705	     0.888231	     0.888714	     0.890606	
  1.90515e+08	     0.927759	     0.925278	     0.908236	     0.902350	     0.903033	     0.900629	     0.902577	     0.906363	     0.892949	     0.888801	     0.886941	     0.889600	
  1.90595e+08	     0.926394	     0.923567	     0.906674	     0.902137	     0.902471	     0.900049	     0.902641	     0.902435	     0.891228	     0.888891	     0.887065	     0.888313	
  1.90675e+08	     0.926834	     0.920521	     0.905963	     0.902379	     0.901255	     0.898782	     0.902836	     0.901113	     0.890710	     0.886403	     0.885100	     0.887512	
  1.90755e+08	     0.924553	     0.918492	     0.903665	     0.900499	     0.901280	     0.896658	     0.898859	     0.899641	     0.888405	     0.884754	     0.882124	     0.885567	
  1.90835e+08	     0.923095	     0.915999	     0.902014	     0.901565	     0.899860	     0.896616	     0.898954	     0.902078	     0.888064	     0.884863	     0.883134	     0.885637	
  1.90915e+08	     0.922084	     0.914183	     0.901278	     0.901759	     0.899776	     0.896173	     0.899436	     0.900833	     0.887020	     0.884343	     0.881220	     0.883351	
  1.90995e+08	     0.921907	     0.912961	     0.900752	     0.901820	     0.898773	     0.896038	     0.897631	     0.897609	     0.885943	     0.883526	     0.880817	     0.882670	
  1.91075e+08	     0.919831	     0.912703	     0.900800	     0.901115	     0.898695	     0.895133	     0.899380	     0.897687	     0.884600	     0.881971	     0.879461	     0.881662	
  1.91155e+08	     0.921278	     0.916101	     0.904999	     0.904781	     0.899681	     0.896748	     0.899633	     0.900991	     0.887828	     0.883839	     0.878453	     0.881201	
  1.91235e+08	     0.915455	     0.912793	     0.904189	     0.903591	     0.891870	     0.890439	     0.894479	     0.897811	     0.881227	     0.883199	     0.869012	     0.872852	
  1.91315e+08	      0.00000	      0.00000	      0.00000	      0.00000	      0.00000	      0.00000	      0.00000	      0.00000	      0.00000	      0.00000	      0.00000	      0.00000	
  1.91395e+08	      0.00000	      0.00000	      0.00000	      0.00000	      0.00000	      0.00000	      0.00000	      0.00000	      0.00000	      0.00000	      0.00000	      0.00000	
  1.91475e+08	     0.911139	     0.914646	     0.901357	     0.899819	     0.886380	     0.887185	     0.889577	     0.890823	     0.879730	     0.880897	     0.863157	     0.869638	
  1.91555e+08	     0.922084	     0.922879	     0.904406	     0.903691	     0.896972	     0.896085	     0.895215	     0.900598	     0.886744	     0.885097	     0.876949	     0.879692	
  1.91635e+08	     0.918203	     0.919109	     0.898954	     0.897827	     0.894625	     0.892070	     0.893585	     0.895299	     0.885226	     0.882970	     0.875326	     0.879521	
  1.91715e+08	     0.916804	     0.917822	     0.897343	     0.897676	     0.893027	     0.891858	     0.891289	     0.893017	     0.885391	     0.881565	     0.874568	     0.877911	
  1.91795e+08	     0.918136	     0.916715	     0.897095	     0.897478	     0.892750	     0.891733	     0.888193	     0.891602	     0.883823	     0.881060	     0.871836	     0.876353	
  1.91875e+08	     0.917895	     0.914641	     0.897318	     0.897042	     0.891891	     0.891324	     0.884882	     0.890639	     0.882028	     0.880961	     0.871509	     0.875281	
  1.91955e+08	     0.916756	     0.912837	     0.897523	     0.896064	     0.891717	     0.891234	     0.886962	     0.892691	     0.882305	     0.877686	     0.869173	     0.874256	
  1.92035e+08	     0.915735	     0.908460	     0.897245	     0.894347	     0.890389	     0.889171	     0.885793	     0.892391	     0.879079	     0.878201	     0.867173	     0.871975	
  1.92115e+08	     0.914182	     0.907656	     0.897807	     0.893029	     0.891016	     0.888860	     0.888235	     0.889881	     0.878453	     0.877999	     0.868979	     0.873654	
  1.92195e+08	     0.914732	     0.906076	     0.896691	     0.892712	     0.890468	     0.888151	     0.887381	     0.889160	     0.878124	     0.875750	     0.868266	     0.873954	
  1.92275e+08	     0.913029	     0.903267	     0.894759	     0.892871	     0.888378	     0.886961	     0.884257	     0.891014	     0.877570	     0.875386	     0.869170	     0.872706	
  1.92355e+08	     0.912158	     0.903926	     0.893969	     0.891488	     0.888088	     0.886859	     0.888814	     0.889858	     0.875690	     0.874237	     0.866996	     0.872064	
  1.92435e+08	     0.913186	     0.906333	     0.895362	     0.895515	     0.888684	     0.887109	     0.887557	     0.893645	     0.876190	     0.877025	     0.866039	     0.872001	
  1.92515e+08	     0.905450	     0.902274	     0.891473	     0.894113	     0.882149	     0.880264	     0.881858	     0.888276	     0.871534	     0.873934	     0.857378	     0.863405	
  1.92595e+08	      0.00000	      0.00000	      0.00000	      0.00000	      0.00000	      0.00000	      0.00000	      0.00000	      0.00000	      0.00000	      0.00000	      0.00000	
  1.92675e+08	      0.00000	      0.00000	      0.00000	      0.00000	      0.00000	      0.00000	      0.00000	      0.00000	      0.00000	      0.00000	      0.00000	      0.00000	
  1.92755e+08	     0.903646	     0.904391	     0.894572	     0.893557	     0.876864	     0.875561	     0.880363	     0.886918	     0.865990	     0.869200	     0.850769	     0.858101	
  1.92835e+08	     0.914249	     0.914307	     0.900344	     0.898198	     0.887616	     0.884878	     0.890845	     0.897789	     0.875180	     0.876222	     0.863968	     0.869740	
  1.92915e+08	     0.911146	     0.910848	     0.897481	     0.892868	     0.885776	     0.882197	     0.886650	     0.889515	     0.873898	     0.872562	     0.864196	     0.867551	
  1.92995e+08	     0.912378	     0.911176	     0.897231	     0.891295	     0.885189	     0.882520	     0.886292	     0.890629	     0.871879	     0.872566	     0.862556	     0.868103	
  1.93075e+08	     0.911616	     0.911664	     0.894378	     0.890781	     0.885229	     0.881840	     0.885373	     0.890060	     0.871301	     0.871534	     0.862204	     0.866379	
  1.93155e+08	     0.911223	     0.909179	     0.892087	     0.890198	     0.885366	     0.881174	     0.882849	     0.889023	     0.870243	     0.870885	     0.863288	     0.865408	
  1.93235e+08	     0.910845	     0.906413	     0.889673	     0.889895	     0.884518	     0.880827	     0.882195	     0.886822	     0.870469	     0.870795	     0.862538	     0.865094	
  1.93315e+08	     0.909429	     0.903451	     0.888099	     0.888053	     0.883323	     0.879744	     0.881276	     0.880188	     0.868221	     0.868765	     0.859699	     0.863409	
  1.93395e+08	     0.909652	     0.901766	     0.888831	     0.888973	     0.882871	     0.878411	     0.880547	     0.881181	     0.869305	     0.870459	     0.860133	     0.862288	
  1.93475e+08	     0.908039	     0.900069	     0.889939	     0.888723	     0.881283	     0.878477	     0.878937	     0.880653	     0.869899	     0.868559	     0.859554	     0.861905	
  1.93555e+08	     0.906479	     0.899067	     0.890625	     0.889066	     0.880596	     0.878745	     0.879633	     0.882367	     0.869095	     0.868902	     0.859875	     0.860466	
  1.93635e+08	     0.904302	     0.898150	     0.891497	     0.888380	     0.880211	     0.878583	     0.877420	     0.882006	     0.867920	     0.868999	     0.858319	     0.859716	
  1.93715e+08	     0.905340	     0.899420	     0.897649	     0.892652	     0.881900	     0.879918	     0.881867	     0.885008	     0.870426	     0.871686	     0.858977	     0.858859	
  1.93795e+08	     0.897720	     0.895504	     0.895121	     0.890738	     0.874454	     0.873558	     0.876138	     0.878719	     0.862878	     0.867107	     0.847635	     0.850165	
  1.93875e+08	      0.00000	      0.00000	      0.00000	      0.00000	      0.00000	      0.00000	      0.00000	      0.00000	      0.00000	      0.00000	      0.00000	      0.00000	
  1.93955e+08	      0.00000	      0.00000	      0.00000	      0.00000	      0.00000	      0.00000	      0.00000	      0.00000	      0.00000	      0.00000	      0.00000	      0.00000	
  1.94035e+08	     0.897764	     0.899268	     0.888613	     0.890521	     0.871684	     0.872404	     0.874098	     0.876958	     0.859576	     0.865520	     0.844185	     0.845476	
  1.94115e+08	     0.909032	     0.911257	     0.893021	     0.894620	     0.882220	     0.883224	     0.882123	     0.881920	     0.869972	     0.873654	     0.857987	     0.858862	
  1.94195e+08	     0.907778	     0.908483	     0.889121	     0.889677	     0.881056	     0.880590	     0.878841	     0.877961	     0.868935	     0.869577	     0.857543	     0.856549	
  1.94275e+08	     0.908052	     0.909265	     0.889791	     0.889627	     0.879803	     0.879276	     0.879870	     0.880530	     0.867261	     0.867896	     0.855622	     0.855343	
  1.94355e+08	     0.908260	     0.909852	     0.889929	     0.889599	     0.879098	     0.877909	     0.881699	     0.880835	     0.865725	     0.868008	     0.853742	     0.854996	
  1.94435e+08	     0.907952	     0.907562	     0.890381	     0.887374	     0.878401	     0.876708	     0.879928	     0.880933	     0.865162	     0.866378	     0.852014	     0.851846	
  1.94515e+08	     0.906682	     0.905633	     0.891953	     0.887408	     0.878387	     0.877148	     0.880538	     0.879675	     0.864579	     0.865926	     0.849891	     0.851768	
  1.94595e+08	     0.905918	     0.901828	     0.891297	     0.887188	     0.876824	     0.875311	     0.877734	     0.879667	     0.864535	     0.864466	     0.847926	     0.848980	
  1.94675e+08	     0.904795	     0.900142	     0.890888	     0.886236	     0.878477	     0.876669	     0.879380	     0.880637	     0.861917	     0.863373	     0.847054	     0.849183	
  1.94755e+08	     0.904224	     0.896371	     0.888656	     0.886375	     0.877837	     0.875515	     0.877084	     0.879451	     0.863231	     0.863177	     0.847057	     0.848696	
  1.94835e+08	     0.902438	     0.895002	     0.887911	     0.885394	     0.877189	     0.873879	     0.876228	     0.875885	     0.862619	     0.863489	     0.846236	     0.847558	
  1.94915e+08	     0.901827	     0.894440	     0.887429	     0.885138	     0.876454	     0.874302	     0.875264	     0.875065	     0.862237	     0.863698	     0.846083	     0.846677	
  1.94995e+08	     0.902276	     0.896758	     0.890091	     0.888632	     0.877952	     0.876025	     0.877374	     0.876313	     0.863160	     0.865315	     0.844057	     0.846978	
  1.95075e+08	     0.896429	     0.891097	     0.888239	     0.887457	     0.868917	     0.869217	     0.869483	     0.873557	     0.857055	     0.861981	     0.833566	     0.837534	
  1.95155e+08	      0.00000	      0.00000	      0.00000	      0.00000	      0.00000	      0.00000	      0.00000	      0.00000	      0.00000	      0.00000	      0.00000	      0.00000	
  1.95235e+08	      0.00000	      0.00000	      0.00000	      0.00000	      0.00000	      0.00000	      0.00000	      0.00000	      0.00000	      0.00000	      0.00000	      0.00000	
  1.95315e+08	     0.894144	     0.896813	     0.888423	     0.883985	     0.865109	     0.866299	     0.868920	     0.869271	     0.854183	     0.860371	     0.830162	     0.833542	
  1.95395e+08	     0.904984	     0.907853	     0.893187	     0.888574	     0.876599	     0.876025	     0.875482	     0.877037	     0.863200	     0.865903	     0.840907	     0.845959	
  1.95475e+08	     0.903662	     0.905266	     0.888298	     0.883100	     0.874453	     0.872657	     0.874948	     0.874794	     0.862123	     0.863640	     0.841495	     0.845588	
  1.95555e+08	     0.904002	     0.905570	     0.886875	     0.883427	     0.873109	     0.871635	     0.875206	     0.877452	     0.858901	     0.863738	     0.840812	     0.844863	
  1.95635e+08	     0.903973	     0.906495	     0.884613	     0.882595	     0.872153	     0.872501	     0.873480	     0.874960	     0.859071	     0.861573	     0.840864	     0.844554	
  1.95715e+08	     0.903409	     0.904225	     0.884012	     0.882013	     0.872980	     0.871274	     0.873945	     0.873271	     0.859804	     0.860145	     0.840340	     0.845155	
  1.95795e+08	     0.901888	     0.903330	     0.884353	     0.882774	     0.873089	     0.871363	     0.873829	     0.872915	     0.859069	     0.859514	     0.838845	     0.844377	
  1.95875e+08	     0.901527	     0.899074	     0.884472	     0.881860	     0.873209	     0.868630	     0.874213	     0.874782	     0.858201	     0.856791	     0.838237	     0.843087	
  1.95955e+08	     0.901032	     0.897999	     0.885148	     0.881876	     0.871293	     0.868787	     0.873773	     0.874559	     0.857266	     0.858386	     0.839122	     0.842403	
  1.96035e+08	     0.898695	     0.895241	     0.885399	     0.881999	     0.870451	     0.867733	     0.874256	     0.873817	     0.857109	     0.857615	     0.837935	     0.841397	
  1.96115e+08	     0.898329	     0.893564	     0.885279	     0.882277	     0.869697	     0.867334	     0.873677	     0.873069	     0.857236	     0.857082	     0.837418	     0.840507	
  1.96195e+08	     0.896747	     0.892143	     0.885192	     0.881306	     0.869717	     0.866726	     0.873185	     0.873761	     0.853546	     0.857749	     0.836583	     0.840057	
  1.96275e+08	     0.897930	     0.893400	     0.887387	     0.884158	     0.870624	     0.868037	     0.876068	     0.878307	     0.855030	     0.859647	     0.836016	     0.840674	
  1.96355e+08	     0.888652	     0.887821	     0.882979	     0.881387	     0.862393	     0.861156	     0.871111	     0.872571	     0.850713	     0.854046	     0.826242	     0.830246	
  1.96435e+08	      0.00000	      0.00000	      0.00000	      0.00000	      0.00000	      0.00000	      0.00000	      0.00000	      0.00000	      0.00000	      0.00000	      0.00000	
  1.96515e+08	      0.00000	      0.00000	      0.00000	      0.00000	      0.00000	      0.00000	      0.00000	      0.00000	      0.00000	      0.00000	      0.00000	      0.00000	
  1.96595e+08	     0.887490	     0.891037	     0.879878	     0.880323	     0.858800	     0.859561	     0.866436	     0.869920	     0.844776	     0.851453	     0.823777	     0.828851	
  1.96675e+08	     0.898126	     0.901016	     0.885867	     0.886220	     0.869633	     0.869473	     0.874863	     0.878254	     0.854881	     0.859401	     0.835428	     0.840552	
  1.96755e+08	     0.896427	     0.898541	     0.883952	     0.881878	     0.867962	     0.867050	     0.871836	     0.873244	     0.852990	     0.855754	     0.836055	     0.839333	
  1.96835e+08	     0.896315	     0.899230	     0.884491	     0.882507	     0.867502	     0.865795	     0.871612	     0.871757	     0.851076	     0.857717	     0.833418	     0.838204	
  1.96915e+08	     0.896970	     0.898840	     0.885091	     0.881230	     0.868150	     0.865239	     0.869740	     0.867985	     0.852329	     0.855984	     0.832847	     0.836673	
  1.96995e+08	     0.895706	     0.897859	     0.883808	     0.880618	     0.867519	     0.864881	     0.867275	     0.868830	     0.850816	     0.855393	     0.832426	     0.837101	
  1.97075e+08	     0.895063	     0.896443	     0.883905	     0.880164	     0.866726	     0.864001	     0.867264	     0.867729	     0.849426	     0.853306	     0.830508	     0.835167	
  1.97155e+08	     0.893584	     0.892614	     0.882115	     0.879413	     0.864721	     0.862542	     0.865297	     0.868144	     0.847435	     0.851829	     0.828843	     0.833152	
  1.97235e+08	     0.892682	     0.891294	     0.880784	     0.879166	     0.865148	     0.861101	     0.869473	     0.869181	     0.848427	     0.851020	     0.830036	     0.833478	
  1.97315e+08	     0.892222	     0.889192	     0.880287	     0.880117	     0.864035	     0.861297	     0.870173	     0.868648	     0.848331	     0.850689	     0.826997	     0.831203	
  1.97395e+08	     0.890035	     0.886900	     0.878904	     0.879550	     0.864284	     0.860335	     0.869113	     0.869122	     0.847071	     0.849083	     0.827948	     0.832816	
  1.97475e+08	     0.889725	     0.884832	     0.879226	     0.878677	     0.862313	     0.859836	     0.867959	     0.868947	     0.846292	     0.849650	     0.827421	     0.831221	
  1.97555e+08	     0.889570	     0.885425	     0.882662	     0.882751	     0.864419	     0.860357	     0.869178	     0.868640	     0.848316	     0.850968	     0.825734	     0.830058	
  1.97635e+08	     0.881888	     0.880581	     0.879979	     0.879908	     0.855076	     0.852238	     0.863738	     0.862693	     0.841966	     0.845606	     0.815938	     0.819886	
  1.97715e+08	      0.00000	      0.00000	      0.00000	      0.00000	      0.00000	      0.00000	      0.00000	      0.00000	      0.00000	      0.00000	      0.00000	      0.00000	
