  1.67075e+08	      0.00000	      0.00000	      0.00000	      0.00000	      0.00000	      0.00000	      0.00000	      0.00000	      0.00000	      0.00000	      0.00000	      0.00000	
  1.67155e+08	      1.06037	      1.05777	      1.09353	      1.09321	      1.12766	      1.13369	      1.11995	      1.12642	      1.14339	      1.14399	      1.17157	      1.16953	
  1.67235e+08	      1.07918	      1.07918	      1.11546	      1.11308	      1.14909	      1.15468	      1.13948	      1.14381	      1.16181	      1.16157	      1.19170	      1.18965	
  1.67315e+08	      1.08045	      1.07772	      1.11482	      1.11357	      1.14827	      1.15330	      1.13809	      1.13972	      1.16545	      1.16402	      1.19213	      1.19065	
  1.67395e+08	      1.07997	      1.07868	      1.11271	      1.11300	      1.14699	      1.15174	      1.13717	      1.13850	      1.16332	      1.16175	      1.19243	      1.18944	
  1.67475e+08	      1.08022	      1.07996	      1.10992	      1.11119	      1.14513	      1.15182	      1.13563	      1.13706	      1.16291	      1.15970	      1.19098	      1.18755	
  1.67555e+08	      1.07713	      1.07919	      1.10694	      1.11117	      1.14494	      1.15015	      1.13374	      1.13599	      1.15928	      1.15846	      1.18936	      1.18634	
  1.67635e+08	      1.07762	      1.07908	      1.10534	      1.10936	      1.14309	      1.14888	      1.13571	      1.14084	      1.15962	      1.15813	      1.19044	      1.18651	
  1.67715e+08	      1.07545	      1.07958	      1.10464	      1.10949	      1.14271	      1.14666	      1.13220	      1.13144	      1.15555	      1.15478	      1.18584	      1.18185	
  1.67795e+08	      1.07452	      1.08070	      1.10593	      1.10969	      1.14261	      1.14677	      1.12986	      1.12979	      1.15646	      1.15847	      1.18816	      1.18311	
  1.67875e+08	      1.07591	      1.08133	      1.10718	      1.10899	      1.14121	      1.14521	      1.12985	      1.13199	      1.15535	      1.15553	      1.18665	      1.18184	
  1.67955e+08	      1.07531	      1.08021	      1.10750	      1.10787	      1.14109	      1.14417	      1.12836	      1.13274	      1.15481	      1.15532	      1.18450	      1.17954	
  1.68035e+08	      1.07428	      1.07962	      1.10749	      1.10788	      1.13955	      1.14529	      1.12891	      1.13257	      1.15451	      1.15375	      1.18074	      1.17791	
  1.68115e+08	      1.07306	      1.07799	      1.10693	      1.10694	      1.13790	      1.14360	      1.12789	      1.13183	      1.15324	      1.15090	      1.17757	      1.17585	
  1.68195e+08	      1.05753	      1.06119	      1.08770	      1.08787	      1.12104	      1.12738	      1.11504	      1.11122	      1.13597	      1.13619	      1.16034	      1.15845	
  1.68275e+08	      0.00000	      0.00000	      0.00000	      0.00000	      0.00000	      0.00000	      0.00000	      0.00000	      0.00000	      0.00000	      0.00000	      0.00000	
  1.68355e+08	      0.00000	      0.00000	      0.00000	      0.00000	      0.00000	      0.00000	      0.00000	      0.00000	      0.00000	      0.00000	      0.00000	      0.00000	
  1.68435e+08	      1.05167	      1.05010	      1.07796	      1.08353	      1.11399	      1.11952	      1.10816	      1.10718	      1.12790	      1.12729	      1.15231	      1.15217	
  1.68515e+08	      1.07349	      1.07220	      1.10034	      1.10530	      1.13463	      1.13990	      1.12721	      1.12602	      1.14910	      1.14709	      1.17376	      1.17307	
  1.68595e+08	      1.07419	      1.07356	      1.10368	      1.10741	      1.13408	      1.14011	      1.12745	      1.12421	      1.14942	      1.14620	      1.17280	      1.17188	
  1.68675e+08	      1.07519	      1.07402	      1.10453	      1.10608	      1.13406	      1.13875	      1.12642	      1.12762	      1.14668	      1.14705	      1.17247	      1.17162	
  1.68755e+08	      1.07663	      1.07533	      1.10441	      1.10614	      1.13307	      1.13879	      1.12808	      1.12719	      1.14625	      1.14571	      1.17092	      1.17207	
  1.68835e+08	      1.07515	      1.07519	      1.10530	      1.10478	      1.13396	      1.13762	      1.12534	      1.12517	      1.14533	      1.14630	      1.17074	      1.17092	
  1.68915e+08	      1.07398	      1.07642	      1.10344	      1.10443	      1.13181	      1.13587	      1.12748	      1.12526	      1.14537	      1.14835	      1.16966	      1.17053	
  1.68995e+08	      1.07314	      1.07614	      1.09870	      1.10400	      1.13199	      1.13697	      1.12593	      1.12303	      1.14493	      1.14488	      1.16788	      1.16614	
  1.69075e+08	      1.07206	      1.07632	      1.09825	      1.10382	      1.13142	      1.13576	      1.12389	      1.12579	      1.14433	      1.14461	      1.16904	      1.16682	
  1.69155e+08	      1.07208	      1.07698	      1.09665	      1.10253	      1.13079	      1.13696	      1.12643	      1.12884	      1.14553	      1.14525	      1.16816	      1.16492	
  1.69235e+08	      1.07138	      1.07827	      1.09606	      1.10320	      1.13085	      1.13406	      1.12316	      1.12700	      1.14584	      1.14457	      1.16797	      1.16436	
  1.69315e+08	      1.07256	      1.07695	      1.09557	      1.10389	      1.13009	      1.13377	      1.12309	      1.12229	      1.14606	      1.14417	      1.16733	      1.16316	
  1.69395e+08	      1.07391	      1.07713	      1.09748	      1.10463	      1.12820	      1.13290	      1.12315	      1.12285	      1.14399	      1.14231	      1.16618	      1.16214	
  1.69475e+08	      1.05703	      1.06063	      1.08491	      1.08902	      1.11161	      1.11668	      1.10673	      1.10991	      1.12715	      1.12870	      1.15083	      1.14829	
  1.69555e+08	      0.00000	      0.00000	      0.00000	      0.00000	      0.00000	      0.00000	      0.00000	      0.00000	      0.00000	      0.00000	      0.00000	      0.00000	
  1.69635e+08	      0.00000	      0.00000	      0.00000	      0.00000	      0.00000	      0.00000	      0.00000	      0.00000	      0.00000	      0.00000	      0.00000	      0.00000	
  1.69715e+08	      1.05444	      1.05396	      1.08113	      1.08078	      1.10528	      1.11030	      1.10031	      1.10670	      1.12054	      1.11881	      1.14503	      1.14345	
  1.69795e+08	      1.07290	      1.07379	      1.10079	      1.10250	      1.12671	      1.13186	      1.12053	      1.12363	      1.14066	      1.14006	      1.16513	      1.16177	
  1.69875e+08	      1.07366	      1.07531	      1.10041	      1.10453	      1.12639	      1.13091	      1.12449	      1.12554	      1.14387	      1.13834	      1.16571	      1.16203	
  1.69955e+08	      1.07471	      1.07313	      1.09947	      1.10431	      1.12578	      1.12949	      1.12481	      1.12613	      1.14227	      1.14024	      1.16504	      1.16359	
  1.70035e+08	      1.07394	      1.07378	      1.09800	      1.10431	      1.12474	      1.13055	      1.12424	      1.12714	      1.14381	      1.13944	      1.16606	      1.16317	
  1.70115e+08	      1.07455	      1.07461	      1.09817	      1.10393	      1.12476	      1.13092	      1.12228	      1.12388	      1.14459	      1.14070	      1.16419	      1.16100	
  1.70195e+08	      1.07244	      1.07401	      1.10094	      1.10561	      1.12478	      1.13139	      1.12217	      1.12058	      1.14414	      1.14003	      1.16209	      1.15894	
  1.70275e+08	      1.07302	      1.07542	      1.10005	      1.10225	      1.12469	      1.12983	      1.12130	      1.11811	      1.14384	      1.14055	      1.15877	      1.15751	
  1.70355e+08	      1.07355	      1.07838	      1.10341	      1.10361	      1.12595	      1.13115	      1.12093	      1.12226	      1.14193	      1.14170	      1.16194	      1.15948	
  1.70435e+08	      1.07436	      1.07807	      1.10451	      1.10333	      1.12506	      1.12926	      1.12324	      1.11813	      1.14220	      1.14224	      1.16053	      1.15992	
  1.70515e+08	      1.07519	      1.07868	      1.10283	      1.10157	      1.12396	      1.12890	      1.12119	      1.11746	      1.14239	      1.14115	      1.16053	      1.15936	
  1.70595e+08	      1.07543	      1.07930	      1.10092	      1.10269	      1.12326	      1.12921	      1.11942	      1.11536	      1.14008	      1.14071	      1.15765	      1.15764	
  1.70675e+08	      1.07628	      1.08116	      1.09731	      1.10045	      1.12355	      1.12897	      1.11513	      1.11352	      1.14060	      1.13986	      1.15751	      1.15494	
  1.70755e+08	      1.06081	      1.06404	      1.07805	      1.08464	      1.10647	      1.11429	      1.10085	      1.09841	      1.12479	      1.12585	      1.14094	      1.14064	
  1.70835e+08	      0.00000	      0.00000	      0.00000	      0.00000	      0.00000	      0.00000	      0.00000	      0.00000	      0.00000	      0.00000	      0.00000	      0.00000	
  1.70915e+08	      0.00000	      0.00000	      0.00000	      0.00000	      0.00000	      0.00000	      0.00000	      0.00000	      0.00000	      0.00000	      0.00000	      0.00000	
  1.70995e+08	      1.06093	      1.05943	      1.07844	      1.08220	      1.10409	      1.10914	      1.09553	      1.09121	      1.11680	      1.11718	      1.13100	      1.12954	
  1.71075e+08	      1.08158	      1.08043	      1.10281	      1.10523	      1.12636	      1.13030	      1.11795	      1.11174	      1.13733	      1.13605	      1.15402	      1.15156	
  1.71155e+08	      1.08287	      1.07977	      1.10610	      1.10552	      1.12730	      1.13079	      1.12155	      1.11655	      1.13676	      1.13762	      1.15328	      1.15283	
  1.71235e+08	      1.08211	      1.08045	      1.10756	      1.10565	      1.12872	      1.13188	      1.12150	      1.11720	      1.13743	      1.13727	      1.15375	      1.15371	
  1.71315e+08	      1.08338	      1.08095	      1.10734	      1.10431	      1.12738	      1.13143	      1.12309	      1.11354	      1.13744	      1.13645	      1.15287	      1.15249	
  1.71395e+08	      1.08114	      1.08105	      1.10523	      1.10267	      1.12857	      1.13246	      1.12451	      1.11449	      1.13583	      1.13607	      1.15177	      1.15224	
  1.71475e+08	      1.08126	      1.08151	      1.10376	      1.10339	      1.12885	      1.13219	      1.12187	      1.11724	      1.13666	      1.13732	      1.15108	      1.15332	
  1.71555e+08	      1.08121	      1.08320	      1.10115	      1.10536	      1.12929	      1.13185	      1.12308	      1.11187	      1.13563	      1.13660	      1.15166	      1.15185	
  1.71635e+08	      1.08156	      1.08539	      1.09971	      1.10418	      1.12718	      1.13041	      1.12368	      1.11520	      1.13767	      1.13529	      1.15352	      1.15203	
  1.71715e+08	      1.08351	      1.08824	      1.10234	      1.10669	      1.12794	      1.13250	      1.12310	      1.11523	      1.13648	      1.13501	      1.15135	      1.15137	
  1.71795e+08	      1.08157	      1.08959	      1.10270	      1.10604	      1.12722	      1.13119	      1.12656	      1.11351	      1.13611	      1.13461	      1.15189	      1.15227	
  1.71875e+08	      1.08397	      1.08899	      1.10439	      1.10619	      1.12801	      1.13134	      1.12416	      1.11477	      1.13640	      1.13592	      1.14942	      1.15045	
  1.71955e+08	      1.08224	      1.08951	      1.10513	      1.10404	      1.12825	      1.12906	      1.12358	      1.11399	      1.13690	      1.13352	      1.14969	      1.14792	
  1.72035e+08	      1.06627	      1.07226	      1.09016	      1.08835	      1.11177	      1.11211	      1.10760	      1.09690	      1.11975	      1.12197	      1.13383	      1.12967	
  1.72115e+08	      0.00000	      0.00000	      0.00000	      0.00000	      0.00000	      0.00000	      0.00000	      0.00000	      0.00000	      0.00000	      0.00000	      0.00000	
  1.72195e+08	      0.00000	      0.00000	      0.00000	      0.00000	      0.00000	      0.00000	      0.00000	      0.00000	      0.00000	      0.00000	      0.00000	      0.00000	
  1.72275e+08	      1.06299	      1.06337	      1.08026	      1.08116	      1.10588	      1.10737	      1.10319	      1.09379	      1.11233	      1.11442	      1.12697	      1.12718	
  1.72355e+08	      1.08614	      1.08499	      1.10180	      1.10428	      1.12807	      1.12814	      1.12276	      1.11661	      1.13189	      1.13323	      1.14665	      1.14735	
  1.72435e+08	      1.08583	      1.08527	      1.10160	      1.10688	      1.12991	      1.12842	      1.12488	      1.11525	      1.13410	      1.13343	      1.14994	      1.14925	
  1.72515e+08	      1.08509	      1.08378	      1.10329	      1.10724	      1.12976	      1.12630	      1.12417	      1.11607	      1.13519	      1.13355	      1.15011	      1.14731	
  1.72595e+08	      1.08450	      1.08321	      1.10519	      1.10804	      1.12876	      1.12702	      1.12403	      1.11510	      1.13362	      1.13430	      1.14865	      1.14832	
  1.72675e+08	      1.08348	      1.08479	      1.10860	      1.10889	      1.12737	      1.12559	      1.12349	      1.11538	      1.13422	      1.13106	      1.14958	      1.14733	
  1.72755e+08	      1.08433	      1.08557	      1.10927	      1.10794	      1.12548	      1.12708	      1.12431	      1.11743	      1.13488	      1.13415	      1.14888	      1.14587	
  1.72835e+08	      1.08326	      1.08579	      1.10967	      1.10558	      1.12423	      1.12646	      1.12497	      1.10787	      1.13159	      1.13115	      1.14586	      1.14229	
  1.72915e+08	      1.08408	      1.08755	      1.10920	      1.10637	      1.12480	      1.12622	      1.12430	      1.11114	      1.13265	      1.13297	      1.14854	      1.14267	
  1.72995e+08	      1.08449	      1.08921	      1.11092	      1.10547	      1.12529	      1.12672	      1.12453	      1.11338	      1.13275	      1.13194	      1.14652	      1.14205	
  1.73075e+08	      1.08277	      1.09040	      1.10728	      1.10458	      1.12500	      1.12578	      1.12331	      1.11719	      1.13373	      1.13231	      1.14644	      1.14268	
  1.73155e+08	      1.08248	      1.09134	      1.10433	      1.10322	      1.12628	      1.12548	      1.12263	      1.11565	      1.13128	      1.13405	      1.14781	      1.14065	
  1.73235e+08	      1.08213	      1.08931	      1.10237	      1.10454	      1.12226	      1.12315	      1.12061	      1.11073	      1.13096	      1.13186	      1.14493	      1.13849	
  1.73315e+08	      1.06625	      1.07276	      1.08307	      1.08767	      1.10552	      1.10885	      1.10685	      1.09806	      1.11596	      1.11704	      1.12743	      1.12248	
  1.73395e+08	      0.00000	      0.00000	      0.00000	      0.00000	      0.00000	      0.00000	      0.00000	      0.00000	      0.00000	      0.00000	      0.00000	      0.00000	
  1.73475e+08	      0.00000	      0.00000	      0.00000	      0.00000	      0.00000	      0.00000	      0.00000	      0.00000	      0.00000	      0.00000	      0.00000	      0.00000	
  1.73555e+08	      1.06004	      1.06370	      1.08122	      1.08213	      1.09755	      1.10004	      1.09655	      1.09415	      1.11332	      1.11261	      1.12106	      1.11404	
  1.73635e+08	      1.08156	      1.08497	      1.10499	      1.10401	      1.11957	      1.12196	      1.11931	      1.11265	      1.12979	      1.12945	      1.13963	      1.13492	
  1.73715e+08	      1.08168	      1.08566	      1.10506	      1.10242	      1.11972	      1.12300	      1.11734	      1.10918	      1.13223	      1.13048	      1.14094	      1.13543	
  1.73795e+08	      1.08166	      1.08396	      1.10412	      1.10309	      1.11770	      1.12089	      1.11938	      1.10747	      1.13054	      1.12790	      1.14094	      1.13389	
  1.73875e+08	      1.08146	      1.08246	      1.10158	      1.10349	      1.11633	      1.12030	      1.11452	      1.10861	      1.12986	      1.12852	      1.14026	      1.13369	
  1.73955e+08	      1.07970	      1.08282	      1.09984	      1.10418	      1.11628	      1.12124	      1.11437	      1.10610	      1.12774	      1.12757	      1.14014	      1.13175	
  1.74035e+08	      1.08055	      1.08239	      1.09700	      1.10335	      1.11494	      1.11849	      1.11240	      1.10439	      1.12673	      1.12749	      1.13924	      1.13189	
  1.74115e+08	      1.07887	      1.08376	      1.09874	      1.10205	      1.11411	      1.11549	      1.11089	      1.10068	      1.12758	      1.12206	      1.13749	      1.12742	
  1.74195e+08	      1.07779	      1.08495	      1.09955	      1.10295	      1.11636	      1.11616	      1.11526	      1.10355	      1.12576	      1.12406	      1.13817	      1.13156	
  1.74275e+08	      1.07686	      1.08631	      1.10058	      1.10352	      1.11437	      1.11457	      1.11140	      1.10587	      1.12496	      1.12195	      1.13668	      1.12920	
  1.74355e+08	      1.07665	      1.08664	      1.10378	      1.10176	      1.11226	      1.11456	      1.11491	      1.10620	      1.12334	      1.12135	      1.13524	      1.12831	
  1.74435e+08	      1.07793	      1.08809	      1.10413	      1.10118	      1.11241	      1.11333	      1.11378	      1.10422	      1.11966	      1.11991	      1.13405	      1.12767	
  1.74515e+08	      1.07674	      1.08574	      1.10214	      1.10024	      1.11150	      1.11198	      1.11236	      1.10168	      1.11730	      1.11994	      1.12962	      1.12724	
  1.74595e+08	      1.06164	      1.06897	      1.08294	      1.08245	      1.09420	      1.09564	      1.09665	      1.08730	      1.10285	      1.10490	      1.11313	      1.10959	
  1.74675e+08	      0.00000	      0.00000	      0.00000	      0.00000	      0.00000	      0.00000	      0.00000	      0.00000	      0.00000	      0.00000	      0.00000	      0.00000	
  1.74755e+08	      0.00000	      0.00000	      0.00000	      0.00000	      0.00000	      0.00000	      0.00000	      0.00000	      0.00000	      0.00000	      0.00000	      0.00000	
  1.74835e+08	      1.05468	      1.06009	      1.07149	      1.07491	      1.08446	      1.08573	      1.08842	      1.07952	      1.09713	      1.09738	      1.10470	      1.10196	
  1.74915e+08	      1.07752	      1.08137	      1.09338	      1.09738	      1.10539	      1.10618	      1.10972	      1.09848	      1.11382	      1.11437	      1.12594	      1.11844	
  1.74995e+08	      1.07885	      1.08156	      1.09474	      1.09806	      1.10528	      1.10647	      1.10750	      1.10119	      1.11372	      1.11362	      1.12570	      1.11776	
  1.75075e+08	      1.07910	      1.07913	      1.09493	      1.09843	      1.10427	      1.10489	      1.10652	      1.10090	      1.11139	      1.11084	      1.12481	      1.11795	
  1.75155e+08	      1.07601	      1.07650	      1.09532	      1.09679	      1.10368	      1.10375	      1.10481	      1.09902	      1.11155	      1.10986	      1.12180	      1.11746	
  1.75235e+08	      1.07407	      1.07460	      1.09682	      1.09598	      1.10340	      1.10159	      1.10461	      1.09646	      1.11083	      1.10787	      1.11876	      1.11557	
  1.75315e+08	      1.07441	      1.07584	      1.09347	      1.09496	      1.10124	      1.10077	      1.10288	      1.09347	      1.10987	      1.10768	      1.11783	      1.11347	
  1.75395e+08	      1.07397	      1.07607	      1.08904	      1.09280	      1.09817	      1.09867	      1.09878	      1.09522	      1.10775	      1.10525	      1.11491	      1.10871	
  1.75475e+08	      1.07366	      1.07674	      1.08673	      1.09104	      1.09680	      1.09852	      1.10048	      1.09886	      1.10914	      1.10687	      1.11123	      1.10790	
  1.75555e+08	      1.07259	      1.07770	      1.08555	      1.09123	      1.09678	      1.09736	      1.10083	      1.09669	      1.10670	      1.10572	      1.10884	      1.10597	
  1.75635e+08	      1.07357	      1.07991	      1.08438	      1.09050	      1.09447	      1.09585	      1.10147	      1.09618	      1.10681	      1.10278	      1.10699	      1.10390	
  1.75715e+08	      1.07306	      1.08086	      1.08348	      1.08862	      1.09544	      1.09606	      1.09763	      1.09237	      1.10382	      1.10277	      1.10349	      1.10340	
  1.75795e+08	      1.07119	      1.07923	      1.08511	      1.08841	      1.09277	      1.09290	      1.09532	      1.09337	      1.10252	      1.09912	      1.10151	      1.10231	
  1.75875e+08	      1.05422	      1.06252	      1.06692	      1.07071	      1.07506	      1.07693	      1.07888	      1.07863	      1.08569	      1.08473	      1.08554	      1.08491	
  1.75955e+08	      0.00000	      0.00000	      0.00000	      0.00000	      0.00000	      0.00000	      0.00000	      0.00000	      0.00000	      0.00000	      0.00000	      0.00000	
  1.76035e+08	      0.00000	      0.00000	      0.00000	      0.00000	      0.00000	      0.00000	      0.00000	      0.00000	      0.00000	      0.00000	      0.00000	      0.00000	
  1.76115e+08	      1.04712	      1.05044	      1.06175	      1.06152	      1.06938	      1.06865	      1.06418	      1.06931	      1.07479	      1.07618	      1.07901	      1.07950	
  1.76195e+08	      1.06766	      1.06982	      1.08097	      1.08365	      1.08778	      1.08849	      1.08267	      1.09180	      1.09464	      1.09285	      1.09778	      1.09760	
  1.76275e+08	      1.06702	      1.06604	      1.07963	      1.08305	      1.08771	      1.08739	      1.08433	      1.09094	      1.09449	      1.09111	      1.09733	      1.09606	
  1.76355e+08	      1.06390	      1.06515	      1.07794	      1.08309	      1.08548	      1.08743	      1.08242	      1.08891	      1.09367	      1.09137	      1.09511	      1.09436	
  1.76435e+08	      1.06479	      1.06291	      1.07572	      1.08190	      1.08359	      1.08454	      1.07891	      1.08479	      1.09165	      1.08926	      1.09237	      1.09035	
  1.76515e+08	      1.06144	      1.06048	      1.07601	      1.08180	      1.08100	      1.08298	      1.07660	      1.08370	      1.08930	      1.08760	      1.09082	      1.08905	
  1.76595e+08	      1.06055	      1.05969	      1.07627	      1.08039	      1.07863	      1.08066	      1.07143	      1.08381	      1.08741	      1.08653	      1.08684	      1.08771	
  1.76675e+08	      1.05997	      1.05976	      1.07577	      1.07930	      1.07541	      1.07607	      1.07173	      1.07915	      1.07986	      1.08211	      1.08286	      1.08454	
  1.76755e+08	      1.05936	      1.06104	      1.07631	      1.07616	      1.07598	      1.07762	      1.07064	      1.08006	      1.08198	      1.08279	      1.08726	      1.08495	
  1.76835e+08	      1.05967	      1.06193	      1.07486	      1.07535	      1.07470	      1.07595	      1.06968	      1.07656	      1.07906	      1.08177	      1.08531	      1.08437	
  1.76915e+08	      1.05791	      1.06308	      1.07327	      1.07161	      1.07339	      1.07351	      1.06814	      1.07513	      1.08149	      1.08167	      1.08424	      1.08384	
  1.76995e+08	      1.05701	      1.06277	      1.07030	      1.07128	      1.07075	      1.07260	      1.07012	      1.07631	      1.07726	      1.07961	      1.08398	      1.08270	
  1.77075e+08	      1.05614	      1.06289	      1.06616	      1.06911	      1.06991	      1.07090	      1.06637	      1.07234	      1.07375	      1.07626	      1.08042	      1.07893	
  1.77155e+08	      1.04001	      1.04473	      1.04614	      1.05154	      1.05243	      1.05411	      1.05188	      1.05604	      1.05960	      1.06163	      1.06483	      1.06355	
  1.77235e+08	      0.00000	      0.00000	      0.00000	      0.00000	      0.00000	      0.00000	      0.00000	      0.00000	      0.00000	      0.00000	      0.00000	      0.00000	
  1.77315e+08	      0.00000	      0.00000	      0.00000	      0.00000	      0.00000	      0.00000	      0.00000	      0.00000	      0.00000	      0.00000	      0.00000	      0.00000	
  1.77395e+08	      1.03156	      1.03671	      1.03693	      1.04497	      1.04124	      1.04417	      1.03952	      1.04483	      1.04955	      1.05044	      1.05218	      1.05165	
  1.77475e+08	      1.05113	      1.05596	      1.06056	      1.06561	      1.06132	      1.06441	      1.06019	      1.06470	      1.06914	      1.06890	      1.07030	      1.07160	
  1.77555e+08	      1.05218	      1.05340	      1.06169	      1.06448	      1.06150	      1.06334	      1.05826	      1.06272	      1.06754	      1.06863	      1.06971	      1.07106	
  1.77635e+08	      1.05152	      1.05099	      1.06137	      1.06169	      1.05964	      1.06239	      1.05813	      1.05987	      1.06623	      1.06720	      1.06708	      1.06913	
  1.77715e+08	      1.05047	      1.04860	      1.05857	      1.06039	      1.05885	      1.06129	      1.05776	      1.05863	      1.06362	      1.06599	      1.06797	      1.06806	
  1.77795e+08	      1.04674	      1.04601	      1.05617	      1.05770	      1.05632	      1.05863	      1.05931	      1.05950	      1.06209	      1.06455	      1.06455	      1.06672	
  1.77875e+08	      1.04572	      1.04538	      1.05374	      1.05508	      1.05654	      1.05791	      1.05496	      1.05838	      1.05994	      1.06108	      1.06308	      1.06407	
  1.77955e+08	      1.04164	      1.04276	      1.04655	      1.05359	      1.05406	      1.05578	      1.05742	      1.05440	      1.05662	      1.05660	      1.06131	      1.06013	
  1.78035e+08	      1.04136	      1.04376	      1.04657	      1.05338	      1.05202	      1.05472	      1.05332	      1.05357	      1.05665	      1.05776	      1.06223	      1.06139	
  1.78115e+08	      1.04028	      1.04362	      1.04467	      1.05256	      1.05048	      1.05377	      1.05347	      1.05499	      1.05576	      1.05648	      1.06089	      1.06012	
  1.78195e+08	      1.03916	      1.04380	      1.04637	      1.05250	      1.05107	      1.05095	      1.05299	      1.05507	      1.05442	      1.05599	      1.05537	      1.05646	
  1.78275e+08	      1.03844	      1.04511	      1.04776	      1.05061	      1.04841	      1.04834	      1.05368	      1.05429	      1.05298	      1.05476	      1.05171	      1.05468	
  1.78355e+08	      1.03869	      1.04461	      1.04830	      1.04960	      1.04676	      1.04615	      1.05084	      1.04995	      1.05220	      1.05146	      1.05102	      1.05118	
  1.78435e+08	      1.02380	      1.02896	      1.03302	      1.03253	      1.02954	      1.02919	      1.03551	      1.03371	      1.03671	      1.03775	      1.03549	      1.03748	
  1.78515e+08	      0.00000	      0.00000	      0.00000	      0.00000	      0.00000	      0.00000	      0.00000	      0.00000	      0.00000	      0.00000	      0.00000	      0.00000	
  1.78595e+08	      0.00000	      0.00000	      0.00000	      0.00000	      0.00000	      0.00000	      0.00000	      0.00000	      0.00000	      0.00000	      0.00000	      0.00000	
  1.78675e+08	      1.01771	      1.02252	      1.02042	      1.02196	      1.02231	      1.02263	      1.02555	      1.02757	      1.02675	      1.02896	      1.02717	      1.02728	
  1.78755e+08	      1.03572	      1.04029	      1.04004	      1.04252	      1.04145	      1.04188	      1.04375	      1.04352	      1.04525	      1.04673	      1.04275	      1.04460	
  1.78835e+08	      1.03645	      1.03888	      1.03837	      1.04267	      1.04191	      1.04198	      1.04667	      1.04570	      1.04322	      1.04440	      1.04460	      1.04588	
  1.78915e+08	      1.03736	      1.03618	      1.03985	      1.04352	      1.04130	      1.04119	      1.04467	      1.05037	      1.04208	      1.04470	      1.04356	      1.04517	
  1.78995e+08	      1.03618	      1.03493	      1.03951	      1.04317	      1.04107	      1.03930	      1.04456	      1.05019	      1.04235	      1.04210	      1.04117	      1.04185	
  1.79075e+08	      1.03361	      1.03255	      1.04032	      1.04248	      1.03810	      1.03772	      1.04222	      1.04498	      1.04164	      1.04337	      1.03892	      1.04091	
  1.79155e+08	      1.03259	      1.03205	      1.04045	      1.04087	      1.03642	      1.03623	      1.03775	      1.04360	      1.04090	      1.04170	      1.03783	      1.03989	
  1.79235e+08	      1.03234	      1.03017	      1.04063	      1.03820	      1.03401	      1.03386	      1.03516	      1.03922	      1.03853	      1.03903	      1.03334	      1.03463	
  1.79315e+08	      1.02940	      1.03042	      1.03940	      1.03727	      1.03464	      1.03441	      1.03563	      1.03751	      1.03983	      1.04032	      1.03488	      1.03695	
  1.79395e+08	      1.02760	      1.03129	      1.03715	      1.03409	      1.03450	      1.03235	      1.03613	      1.03879	      1.03923	      1.03866	      1.03510	      1.03549	
  1.79475e+08	      1.02601	      1.03098	      1.03336	      1.03287	      1.03118	      1.02940	      1.03481	      1.03613	      1.03554	      1.03755	      1.03276	      1.03435	
  1.79555e+08	      1.02623	      1.03136	      1.02970	      1.03272	      1.03055	      1.02886	      1.03209	      1.03329	      1.03503	      1.03712	      1.03203	      1.03221	
  1.79635e+08	      1.02315	      1.03055	      1.02741	      1.03220	      1.02762	      1.02745	      1.02895	      1.03001	      1.03560	      1.03605	      1.03051	      1.02884	
  1.79715e+08	      1.00955	      1.01587	      1.01111	      1.01445	      1.01235	      1.01075	      1.01581	      1.01631	      1.01928	      1.02054	      1.01347	      1.01418	
  1.79795e+08	      0.00000	      0.00000	      0.00000	      0.00000	      0.00000	      0.00000	      0.00000	      0.00000	      0.00000	      0.00000	      0.00000	      0.00000	
  1.79875e+08	      0.00000	      0.00000	      0.00000	      0.00000	      0.00000	      0.00000	      0.00000	      0.00000	      0.00000	      0.00000	      0.00000	      0.00000	
  1.79955e+08	      1.00285	      1.00960	      1.00909	      1.00963	      1.00441	      1.00294	      1.00751	      1.01109	      1.01139	      1.01368	      1.00497	      1.00370	
  1.80035e+08	      1.02215	      1.02855	      1.02916	      1.02861	      1.02276	      1.02235	      1.02503	      1.02615	      1.02913	      1.03246	      1.02400	      1.02155	
  1.80115e+08	      1.02289	      1.02585	      1.03095	      1.02789	      1.02314	      1.02245	      1.02253	      1.03034	      1.02970	      1.03310	      1.02359	      1.02385	
  1.80195e+08	      1.02142	      1.02379	      1.02812	      1.02681	      1.02266	      1.02287	      1.02344	      1.03219	      1.02800	      1.03120	      1.02190	      1.02223	
  1.80275e+08	      1.02134	      1.02178	      1.02431	      1.02634	      1.02101	      1.02334	      1.02327	      1.03000	      1.02770	      1.02869	      1.02049	      1.02075	
  1.80355e+08	      1.02139	      1.01976	      1.02332	      1.02592	      1.01935	      1.02168	      1.02132	      1.02718	      1.02746	      1.02773	      1.01821	      1.02156	
  1.80435e+08	      1.01829	      1.01830	      1.02099	      1.02544	      1.01789	      1.01840	      1.02201	      1.02741	      1.02383	      1.02628	      1.01813	      1.01876	
  1.80515e+08	      1.01875	      1.01848	      1.02082	      1.02596	      1.01661	      1.01673	      1.01914	      1.02679	      1.02017	      1.02089	      1.01622	      1.01818	
  1.80595e+08	      1.01909	      1.01783	      1.02140	      1.02598	      1.01739	      1.01693	      1.01879	      1.02531	      1.02054	      1.02288	      1.01618	      1.01952	
  1.80675e+08	      1.01905	      1.01946	      1.02010	      1.02518	      1.01498	      1.01727	      1.02050	      1.02526	      1.01757	      1.02225	      1.01493	      1.01905	
  1.80755e+08	      1.01818	      1.02044	      1.02371	      1.02299	      1.01491	      1.01586	      1.01950	      1.02299	      1.01527	      1.02253	      1.01608	      1.01894	
  1.80835e+08	      1.01829	      1.02203	      1.02370	      1.02250	      1.01314	      1.01600	      1.02078	      1.02236	      1.01528	      1.02173	      1.01391	      1.01613	
  1.80915e+08	      1.01629	      1.02064	      1.02054	      1.01931	      1.01337	      1.01510	      1.01762	      1.02166	      1.01503	      1.01795	      1.01392	      1.01344	
  1.80995e+08	      1.00140	      1.00711	      1.00380	      1.00311	     0.997898	      1.00018	      1.00644	      1.01028	      1.00027	      1.00533	     0.998277	     0.998247	
  1.81075e+08	      0.00000	      0.00000	      0.00000	      0.00000	      0.00000	      0.00000	      0.00000	      0.00000	      0.00000	      0.00000	      0.00000	      0.00000	
  1.81155e+08	      0.00000	      0.00000	      0.00000	      0.00000	      0.00000	      0.00000	      0.00000	      0.00000	      0.00000	      0.00000	      0.00000	      0.00000	
  1.81235e+08	     0.997519	      1.00229	     0.992640	     0.997411	     0.989786	     0.993562	     0.999711	     0.999563	     0.996329	     0.999313	     0.988478	     0.990235	
  1.81315e+08	      1.01790	      1.02280	      1.01405	      1.01906	      1.00874	      1.01245	      1.01614	      1.01884	      1.01423	      1.01698	      1.00430	      1.00841	
  1.81395e+08	      1.01765	      1.02070	      1.01534	      1.02116	      1.01015	      1.01325	      1.01658	      1.01968	      1.01477	      1.01750	      1.00511	      1.00776	
  1.81475e+08	      1.01684	      1.01799	      1.01712	      1.02080	      1.00867	      1.01140	      1.01620	      1.01640	      1.01514	      1.01661	      1.00453	      1.00705	
  1.81555e+08	      1.01578	      1.01633	      1.01907	      1.02040	      1.00806	      1.01185	      1.01514	      1.01322	      1.01325	      1.01616	      1.00357	      1.00532	
  1.81635e+08	      1.01390	      1.01378	      1.02006	      1.02061	      1.00715	      1.00975	      1.01187	      1.01177	      1.01266	      1.01535	      1.00256	      1.00519	
  1.81715e+08	      1.01449	      1.01243	      1.02013	      1.01885	      1.00518	      1.00945	      1.00857	      1.01331	      1.01259	      1.01386	      1.00268	      1.00407	
  1.81795e+08	      1.01387	      1.01088	      1.01758	      1.01710	      1.00414	      1.00725	      1.00820	      1.01366	      1.00844	      1.01224	      1.00167	      1.00241	
  1.81875e+08	      1.01297	      1.01140	      1.01649	      1.01827	      1.00433	      1.00779	      1.00834	      1.01404	      1.00961	      1.01071	      1.00247	      1.00286	
  1.81955e+08	      1.01393	      1.01345	      1.01458	      1.01641	      1.00344	      1.00599	      1.00723	      1.01078	      1.00771	      1.00997	      1.00133	      1.00124	
  1.82035e+08	      1.01438	      1.01352	      1.01368	      1.01757	      1.00286	      1.00527	      1.00837	      1.01117	      1.00526	      1.00965	      1.00114	      1.00042	
  1.82115e+08	      1.01259	      1.01616	      1.01335	      1.01739	      1.00136	      1.00455	      1.00751	      1.00931	      1.00638	      1.00715	     0.999745	     0.999727	
  1.82195e+08	      1.01294	      1.01646	      1.01343	      1.01750	     0.999920	      1.00386	      1.00720	      1.00970	      1.00336	      1.00655	     0.998612	     0.997785	
  1.82275e+08	     0.996808	      1.00137	     0.999756	      1.00101	     0.985771	     0.988731	     0.990182	     0.995372	     0.989295	     0.993466	     0.986777	     0.985501	
  1.82355e+08	      0.00000	      0.00000	      0.00000	      0.00000	      0.00000	      0.00000	      0.00000	      0.00000	      0.00000	      0.00000	      0.00000	      0.00000	
  1.82435e+08	      0.00000	      0.00000	      0.00000	      0.00000	      0.00000	      0.00000	      0.00000	      0.00000	      0.00000	      0.00000	      0.00000	      0.00000	
  1.82515e+08	     0.992426	     0.997697	     0.999013	     0.995731	     0.980876	     0.983498	     0.987921	     0.991508	     0.983740	     0.986662	     0.978167	     0.978410	
  1.82595e+08	      1.01218	      1.01652	      1.01745	      1.01601	     0.999496	      1.00199	      1.00574	      1.00661	      1.00144	      1.00610	     0.994840	     0.997471	
  1.82675e+08	      1.01169	      1.01635	      1.01467	      1.01578	      1.00078	      1.00318	      1.00908	      1.00568	      1.00203	      1.00539	     0.995486	     0.997583	
  1.82755e+08	      1.01109	      1.01528	      1.01312	      1.01477	     0.999458	      1.00254	      1.00763	      1.00574	      1.00321	      1.00421	     0.995494	     0.995991	
  1.82835e+08	      1.01221	      1.01249	      1.01083	      1.01409	     0.998801	      1.00158	      1.00821	      1.00478	      1.00235	      1.00436	     0.994363	     0.994513	
  1.82915e+08	      1.01164	      1.01157	      1.01092	      1.01372	     0.998226	      1.00082	      1.00746	      1.00858	      1.00300	      1.00552	     0.994528	     0.993924	
  1.82995e+08	      1.01267	      1.00949	      1.01077	      1.01582	     0.998221	     0.999053	      1.00336	      1.00581	      1.00185	      1.00407	     0.989600	     0.991876	
  1.83075e+08	      1.01120	      1.00928	      1.01348	      1.01205	     0.996188	     0.998097	      1.00325	      1.00299	      1.00081	      1.00444	     0.990333	     0.990349	
  1.83155e+08	      1.01149	      1.01032	      1.01430	      1.01447	     0.997373	     0.997736	      1.00553	      1.00455	      1.00173	      1.00486	     0.990270	     0.990773	
  1.83235e+08	      1.01167	      1.01177	      1.01563	      1.01356	     0.996175	     0.996522	      1.00218	      1.00378	      1.00114	      1.00503	     0.992521	     0.989459	
  1.83315e+08	      1.01190	      1.01223	      1.01714	      1.01293	     0.995516	     0.996408	      1.00328	      1.00449	     0.999816	      1.00326	     0.991745	     0.989843	
  1.83395e+08	      1.01161	      1.01319	      1.01469	      1.01151	     0.996177	     0.996391	      1.00144	      1.00488	     0.998265	      1.00372	     0.991568	     0.990785	
  1.83475e+08	      1.01101	      1.01419	      1.00998	      1.00894	     0.994807	     0.995796	      1.00170	      1.00476	     0.996121	      1.00458	     0.992355	     0.989280	
  1.83555e+08	     0.994767	     0.999505	     0.993093	     0.993882	     0.980570	     0.982234	     0.989395	     0.987986	     0.981835	     0.988811	     0.975059	     0.975848	
  1.83635e+08	      0.00000	      0.00000	      0.00000	      0.00000	      0.00000	      0.00000	      0.00000	      0.00000	      0.00000	      0.00000	      0.00000	      0.00000	
  1.83715e+08	      0.00000	      0.00000	      0.00000	      0.00000	      0.00000	      0.00000	      0.00000	      0.00000	      0.00000	      0.00000	      0.00000	      0.00000	
  1.83795e+08	     0.991089	     0.997206	     0.986419	     0.990973	     0.976065	     0.976960	     0.983122	     0.987958	     0.973747	     0.983952	     0.969734	     0.967426	
  1.83875e+08	      1.01181	      1.01693	      1.01006	      1.01240	     0.995154	     0.995965	     0.998982	      1.00316	     0.992857	      1.00188	     0.985858	     0.987792	
  1.83955e+08	      1.01235	      1.01663	      1.01288	      1.01448	     0.994893	     0.997380	      1.00110	      1.00060	     0.994150	      1.00278	     0.987041	     0.986828	
  1.84035e+08	      1.01200	      1.01542	      1.01534	      1.01403	     0.995605	     0.997390	      1.00123	      1.00341	     0.994650	      1.00209	     0.987112	     0.988220	
  1.84115e+08	      1.01064	      1.01098	      1.01601	      1.01255	     0.994778	     0.995687	      1.00063	      1.00512	     0.993687	      1.00004	     0.984355	     0.986821	
  1.84195e+08	      1.01059	      1.01041	      1.01236	      1.01127	     0.994816	     0.995466	      1.00200	      1.00776	     0.992229	     0.999895	     0.985956	     0.986961	
  1.84275e+08	      1.01091	      1.00848	      1.01005	      1.01049	     0.993278	     0.993739	      1.00011	      1.00424	     0.990717	     0.998504	     0.982904	     0.985140	
  1.84355e+08	      1.00857	      1.00635	      1.00677	      1.00996	     0.993142	     0.991626	      1.00111	      1.00310	     0.988945	     0.993905	     0.982289	     0.983319	
  1.84435e+08	      1.00773	      1.00675	      1.00631	      1.01001	     0.991710	     0.993315	     0.999998	      1.00507	     0.991080	     0.995089	     0.983728	     0.983466	
  1.84515e+08	      1.00776	      1.00622	      1.00516	      1.01079	     0.991406	     0.992521	     0.998338	      1.00331	     0.988967	     0.994974	     0.982937	     0.980998	
  1.84595e+08	      1.00722	      1.00750	      1.00681	      1.01038	     0.991488	     0.991192	     0.998330	      1.00082	     0.990140	     0.994506	     0.981149	     0.979786	
  1.84675e+08	      1.00645	      1.00875	      1.00956	      1.01138	     0.991369	     0.989652	     0.997285	     0.999992	     0.990071	     0.992991	     0.979865	     0.979369	
  1.84755e+08	      1.00564	      1.00962	      1.01022	      1.01031	     0.989320	     0.987434	     0.996370	     0.997791	     0.991480	     0.993957	     0.977603	     0.975999	
  1.84835e+08	     0.990115	     0.994767	     0.995363	     0.995588	     0.975151	     0.971772	     0.981747	     0.985792	     0.976428	     0.980548	     0.963071	     0.961854	
  1.84915e+08	      0.00000	      0.00000	      0.00000	      0.00000	      0.00000	      0.00000	      0.00000	      0.00000	      0.00000	      0.00000	      0.00000	      0.00000	
  1.84995e+08	      0.00000	      0.00000	      0.00000	      0.00000	      0.00000	      0.00000	      0.00000	      0.00000	      0.00000	      0.00000	      0.00000	      0.00000	
  1.85075e+08	     0.988174	     0.994185	     0.986329	     0.986880	     0.967526	     0.968074	     0.972747	     0.975415	     0.969046	     0.975818	     0.956884	     0.957826	
  1.85155e+08	      1.00912	      1.01583	      1.00413	      1.00643	     0.986675	     0.986631	     0.988784	     0.992963	     0.988604	     0.992874	     0.973929	     0.975236	
  1.85235e+08	      1.00828	      1.01395	      1.00333	      1.00841	     0.987036	     0.986930	     0.990037	     0.992282	     0.986734	     0.992417	     0.974617	     0.975769	
  1.85315e+08	      1.00981	      1.01152	      1.00349	      1.00736	     0.985625	     0.986511	     0.990715	     0.994021	     0.987471	     0.991615	     0.971316	     0.974279	
  1.85395e+08	      1.00765	      1.00972	      1.00351	      1.00797	     0.986769	     0.984481	     0.989587	     0.993057	     0.985503	     0.991359	     0.972596	     0.974144	
  1.85475e+08	      1.00693	      1.00575	      1.00615	      1.00849	     0.984754	     0.985248	     0.989350	     0.989139	     0.984638	     0.991189	     0.970474	     0.974208	
  1.85555e+08	      1.00547	      1.00515	      1.00882	      1.00781	     0.983757	     0.983914	     0.988593	     0.989812	     0.981816	     0.988811	     0.970017	     0.971427	
  1.85635e+08	      1.00563	      1.00164	      1.00866	      1.00732	     0.982951	     0.983665	     0.984593	     0.991820	     0.982341	     0.986096	     0.969991	     0.968409	
  1.85715e+08	      1.00556	      1.00147	      1.00908	      1.00703	     0.984263	     0.981742	     0.990946	     0.991759	     0.983019	     0.985601	     0.968489	     0.968024	
  1.85795e+08	      1.00289	      1.00186	      1.00704	      1.00521	     0.982743	     0.981325	     0.989275	     0.991133	     0.980097	     0.985091	     0.968321	     0.967272	
  1.85875e+08	      1.00298	      1.00166	      1.00478	      1.00235	     0.981665	     0.981572	     0.987233	     0.990301	     0.978796	     0.983082	     0.965527	     0.966197	
  1.85955e+08	      1.00261	      1.00415	      1.00072	      1.00248	     0.981419	     0.981954	     0.987966	     0.988320	     0.978737	     0.979717	     0.965267	     0.963105	
  1.86035e+08	      1.00194	      1.00455	     0.996812	      1.00120	     0.980559	     0.979291	     0.985877	     0.989113	     0.976531	     0.978110	     0.962436	     0.961221	
  1.86115e+08	     0.986200	     0.989242	     0.982443	     0.985817	     0.965622	     0.964808	     0.972897	     0.980091	     0.961501	     0.965881	     0.946563	     0.946790	
  1.86195e+08	      0.00000	      0.00000	      0.00000	      0.00000	      0.00000	      0.00000	      0.00000	      0.00000	      0.00000	      0.00000	      0.00000	      0.00000	
  1.86275e+08	      0.00000	      0.00000	      0.00000	      0.00000	      0.00000	      0.00000	      0.00000	      0.00000	      0.00000	      0.00000	      0.00000	      0.00000	
  1.86355e+08	     0.985775	     0.992870	     0.982322	     0.983449	     0.961286	     0.958913	     0.966130	     0.971169	     0.956269	     0.961209	     0.938549	     0.943180	
  1.86435e+08	      1.00443	      1.01322	      1.00326	      1.00305	     0.977930	     0.976598	     0.986515	     0.991968	     0.974075	     0.978246	     0.957828	     0.958067	
  1.86515e+08	      1.00564	      1.01253	      1.00512	      1.00267	     0.977189	     0.977123	     0.985631	     0.992327	     0.974648	     0.979171	     0.959389	     0.959910	
  1.86595e+08	      1.00349	      1.00926	      1.00322	      1.00045	     0.976777	     0.976449	     0.984718	     0.988817	     0.975025	     0.978620	     0.955878	     0.958902	
  1.86675e+08	      1.00276	      1.00792	      1.00018	      1.00115	     0.975163	     0.975038	     0.983301	     0.984469	     0.973068	     0.977087	     0.955746	     0.958007	
  1.86755e+08	      1.00200	      1.00477	     0.996488	     0.999241	     0.975706	     0.974624	     0.981481	     0.981952	     0.970864	     0.976453	     0.954802	     0.955395	
  1.86835e+08	     0.999153	      1.00114	     0.993400	     0.998289	     0.975064	     0.972968	     0.979011	     0.981502	     0.969388	     0.973410	     0.952313	     0.955927	
  1.86915e+08	     0.998062	     0.994905	     0.990124	     0.997148	     0.975028	     0.972822	     0.977696	     0.979713	     0.967890	     0.969363	     0.951189	     0.953175	
  1.86995e+08	     0.998511	     0.998199	     0.991110	     0.995419	     0.975005	     0.973099	     0.974946	     0.978672	     0.967584	     0.972459	     0.952680	     0.954544	
  1.87075e+08	     0.997877	     0.995639	     0.991562	     0.993771	     0.975029	     0.971723	     0.975436	     0.976542	     0.964889	     0.970662	     0.951672	     0.953456	
  1.87155e+08	     0.996335	     0.996152	     0.992917	     0.993686	     0.973874	     0.971053	     0.974915	     0.977456	     0.963369	     0.969344	     0.948887	     0.951980	
  1.87235e+08	     0.995697	     0.996239	     0.992986	     0.991683	     0.972634	     0.969403	     0.975187	     0.978999	     0.963187	     0.967712	     0.949086	     0.951084	
  1.87315e+08	     0.993708	     0.996158	     0.990783	     0.989202	     0.970060	     0.966433	     0.973847	     0.976483	     0.962105	     0.965121	     0.946646	     0.948403	
  1.87395e+08	     0.977412	     0.981010	     0.974248	     0.971789	     0.954782	     0.951806	     0.957766	     0.960071	     0.947124	     0.952108	     0.931605	     0.935007	
  1.87475e+08	      0.00000	      0.00000	      0.00000	      0.00000	      0.00000	      0.00000	      0.00000	      0.00000	      0.00000	      0.00000	      0.00000	      0.00000	
  1.87555e+08	      0.00000	      0.00000	      0.00000	      0.00000	      0.00000	      0.00000	      0.00000	      0.00000	      0.00000	      0.00000	      0.00000	      0.00000	
  1.87635e+08	     0.947268	     0.945064	     0.922704	     0.919282	     0.927321	     0.922597	     0.920368	     0.920631	     0.918673	     0.912365	     0.914358	     0.918488	
  1.87715e+08	     0.953271	     0.948784	     0.922801	     0.918605	     0.933010	     0.924932	     0.925285	     0.920029	     0.922040	     0.913412	     0.925492	     0.926775	
  1.87795e+08	     0.947953	     0.940542	     0.917706	     0.910124	     0.929090	     0.919699	     0.917281	     0.913500	     0.916776	     0.906933	     0.920710	     0.922831	
  1.87875e+08	     0.947528	     0.937795	     0.917273	     0.910446	     0.927711	     0.918882	     0.915178	     0.910311	     0.915098	     0.906345	     0.920491	     0.920872	
  1.87955e+08	     0.945952	     0.935649	     0.917755	     0.909570	     0.925796	     0.917540	     0.917485	     0.910599	     0.912943	     0.903818	     0.917784	     0.918882	
  1.88035e+08	     0.944400	     0.932768	     0.917576	     0.908088	     0.925333	     0.915711	     0.914514	     0.906963	     0.911581	     0.903515	     0.917692	     0.917365	
  1.88115e+08	     0.942603	     0.929085	     0.919059	     0.906663	     0.922966	     0.914978	     0.912720	     0.908027	     0.909330	     0.901296	     0.916798	     0.916253	
  1.88195e+08	     0.940763	     0.925223	     0.917836	     0.906382	     0.920108	     0.911868	     0.912879	     0.904073	     0.906777	     0.900626	     0.914702	     0.914171	
  1.88275e+08	     0.939545	     0.923844	     0.915056	     0.905073	     0.920507	     0.912093	     0.910986	     0.905273	     0.906767	     0.899068	     0.913223	     0.913276	
  1.88355e+08	     0.938435	     0.924026	     0.913619	     0.904199	     0.918445	     0.910530	     0.909960	     0.904748	     0.904414	     0.897479	     0.911815	     0.911129	
  1.88435e+08	     0.935462	     0.922281	     0.910614	     0.905369	     0.919201	     0.909168	     0.911976	     0.904134	     0.903389	     0.894497	     0.908851	     0.909689	
  1.88515e+08	     0.935565	     0.922637	     0.909832	     0.902964	     0.917913	     0.907483	     0.911326	     0.904248	     0.901844	     0.892693	     0.907001	     0.908539	
  1.88595e+08	     0.938826	     0.927288	     0.913913	     0.907540	     0.918319	     0.909920	     0.915295	     0.906463	     0.904626	     0.895633	     0.908250	     0.908846	
  1.88675e+08	     0.935761	     0.927887	     0.915148	     0.908793	     0.911995	     0.907666	     0.910574	     0.905602	     0.901044	     0.894599	     0.898709	     0.900003	
  1.88755e+08	      0.00000	      0.00000	      0.00000	      0.00000	      0.00000	      0.00000	      0.00000	      0.00000	      0.00000	      0.00000	      0.00000	      0.00000	
  1.88835e+08	      0.00000	      0.00000	      0.00000	      0.00000	      0.00000	      0.00000	      0.00000	      0.00000	      0.00000	      0.00000	      0.00000	      0.00000	
  1.88915e+08	     0.932327	     0.932082	     0.915662	     0.910429	     0.907437	     0.905236	     0.908887	     0.908561	     0.896455	     0.896076	     0.891689	     0.895625	
  1.88995e+08	     0.941374	     0.937036	     0.918493	     0.910030	     0.913994	     0.909910	     0.914046	     0.907841	     0.903431	     0.897524	     0.902999	     0.904078	
  1.89075e+08	     0.936839	     0.931235	     0.910050	     0.903647	     0.908982	     0.904308	     0.906601	     0.903905	     0.897289	     0.892604	     0.898674	     0.900419	
  1.89155e+08	     0.934974	     0.928608	     0.907376	     0.901533	     0.907845	     0.903670	     0.902725	     0.903140	     0.897948	     0.891913	     0.899009	     0.897772	
  1.89235e+08	     0.934102	     0.925994	     0.905479	     0.900390	     0.905863	     0.901694	     0.905122	     0.903701	     0.896034	     0.889839	     0.897835	     0.897932	
  1.89315e+08	     0.934559	     0.922588	     0.902346	     0.899574	     0.905012	     0.900531	     0.904877	     0.901057	     0.896353	     0.888923	     0.895597	     0.897453	
  1.89395e+08	     0.932640	     0.920014	     0.901957	     0.897949	     0.905125	     0.899832	     0.904102	     0.899126	     0.895152	     0.887349	     0.896560	     0.895105	
  1.89475e+08	     0.930844	     0.917058	     0.902087	     0.896550	     0.902833	     0.897273	     0.900025	     0.897878	     0.891594	     0.887149	     0.892918	     0.893629	
  1.89555e+08	     0.928379	     0.915960	     0.902128	     0.894945	     0.901211	     0.897916	     0.899522	     0.897006	     0.892240	     0.886577	     0.892679	     0.892177	
  1.89635e+08	     0.927707	     0.915029	     0.903400	     0.894620	     0.900494	     0.895695	     0.898159	     0.899244	     0.891418	     0.885489	     0.893326	     0.890724	
  1.89715e+08	     0.926794	     0.912068	     0.902672	     0.893556	     0.899171	     0.894970	     0.900912	     0.896415	     0.892050	     0.884167	     0.892476	     0.890155	
  1.89795e+08	     0.924372	     0.910938	     0.901278	     0.891939	     0.898080	     0.893998	     0.898081	     0.894685	     0.891026	     0.881433	     0.891133	     0.889044	
  1.89875e+08	     0.927364	     0.916180	     0.902998	     0.895091	     0.899066	     0.896312	     0.900845	     0.897091	     0.891602	     0.884655	     0.889234	     0.887581	
  1.89955e+08	     0.922008	     0.913784	     0.900919	     0.894761	     0.894359	     0.893327	     0.899457	     0.897251	     0.888177	     0.882654	     0.880594	     0.879360	
  1.90035e+08	      0.00000	      0.00000	      0.00000	      0.00000	      0.00000	      0.00000	      0.00000	      0.00000	      0.00000	      0.00000	      0.00000	      0.00000	
  1.90115e+08	      0.00000	      0.00000	      0.00000	      0.00000	      0.00000	      0.00000	      0.00000	      0.00000	      0.00000	      0.00000	      0.00000	      0.00000	
  1.90195e+08	     0.920288	     0.917545	     0.895828	     0.897012	     0.889756	     0.889424	     0.895441	     0.896009	     0.880154	     0.879306	     0.873196	     0.874463	
  1.90275e+08	     0.928009	     0.923941	     0.900449	     0.899442	     0.897143	     0.896572	     0.900492	     0.901359	     0.886420	     0.882819	     0.883224	     0.884793	
  1.90355e+08	     0.924167	     0.918820	     0.896416	     0.892871	     0.893283	     0.891285	     0.898594	     0.895985	     0.883028	     0.880111	     0.882981	     0.880365	
  1.90435e+08	     0.923608	     0.918208	     0.897083	     0.892051	     0.892264	     0.890265	     0.898754	     0.897007	     0.882100	     0.877574	     0.880725	     0.878363	
  1.90515e+08	     0.923107	     0.916151	     0.898026	     0.890536	     0.891127	     0.888996	     0.894871	     0.896286	     0.880359	     0.874911	     0.878743	     0.876347	
  1.90595e+08	     0.920693	     0.913588	     0.895322	     0.889682	     0.891559	     0.887397	     0.894753	     0.892109	     0.880378	     0.874213	     0.877166	     0.875546	
  1.90675e+08	     0.918909	     0.910267	     0.891841	     0.889936	     0.888691	     0.886440	     0.892885	     0.889750	     0.878306	     0.873239	     0.874769	     0.874604	
  1.90755e+08	     0.916875	     0.905704	     0.889771	     0.888230	     0.887467	     0.884828	     0.890277	     0.889971	     0.877047	     0.871267	     0.872259	     0.871582	
  1.90835e+08	     0.915406	     0.903913	     0.888778	     0.888539	     0.886069	     0.882677	     0.889179	     0.887887	     0.875767	     0.870633	     0.869950	     0.869913	
  1.90915e+08	     0.913534	     0.902038	     0.888734	     0.886873	     0.886461	     0.882461	     0.886324	     0.886642	     0.874655	     0.869473	     0.870164	     0.869043	
  1.90995e+08	     0.911674	     0.900343	     0.888156	     0.886346	     0.885132	     0.881646	     0.885962	     0.881637	     0.875178	     0.868556	     0.868281	     0.868229	
  1.91075e+08	     0.910705	     0.899812	     0.889163	     0.886202	     0.883545	     0.880546	     0.885166	     0.881050	     0.872488	     0.866791	     0.867865	     0.868963	
  1.91155e+08	     0.914060	     0.902520	     0.892558	     0.889976	     0.886199	     0.881463	     0.887412	     0.885683	     0.873876	     0.869397	     0.866855	     0.869550	
  1.91235e+08	     0.908078	     0.900892	     0.891653	     0.889322	     0.880432	     0.877793	     0.885934	     0.883568	     0.869938	     0.866052	     0.856857	     0.859910	
  1.91315e+08	      0.00000	      0.00000	      0.00000	      0.00000	      0.00000	      0.00000	      0.00000	      0.00000	      0.00000	      0.00000	      0.00000	      0.00000	
  1.91395e+08	      0.00000	      0.00000	      0.00000	      0.00000	      0.00000	      0.00000	      0.00000	      0.00000	      0.00000	      0.00000	      0.00000	      0.00000	
  1.91475e+08	     0.905983	     0.906894	     0.887384	     0.886658	     0.875463	     0.876730	     0.876788	     0.878720	     0.867058	     0.866371	     0.850419	     0.856596	
  1.91555e+08	     0.915532	     0.914230	     0.888753	     0.888124	     0.884550	     0.883486	     0.883108	     0.884699	     0.872561	     0.870983	     0.861932	     0.866833	
  1.91635e+08	     0.910459	     0.909226	     0.882489	     0.881985	     0.881655	     0.879230	     0.878340	     0.877848	     0.869873	     0.865793	     0.861686	     0.864560	
  1.91715e+08	     0.912014	     0.908210	     0.880090	     0.880539	     0.879386	     0.879128	     0.879364	     0.878346	     0.869954	     0.865485	     0.860359	     0.861670	
  1.91795e+08	     0.910860	     0.906103	     0.879193	     0.880145	     0.879027	     0.878132	     0.878576	     0.875644	     0.868670	     0.864429	     0.859518	     0.862422	
  1.91875e+08	     0.909253	     0.904854	     0.879104	     0.879536	     0.878020	     0.876849	     0.876705	     0.878975	     0.868067	     0.863787	     0.858797	     0.860160	
  1.91955e+08	     0.907488	     0.901009	     0.880016	     0.878822	     0.876964	     0.875522	     0.876674	     0.879029	     0.868262	     0.862894	     0.857773	     0.859415	
  1.92035e+08	     0.907080	     0.896206	     0.881986	     0.877742	     0.874714	     0.873897	     0.877012	     0.873561	     0.865952	     0.860397	     0.854175	     0.857532	
  1.92115e+08	     0.904035	     0.894801	     0.881545	     0.877839	     0.874725	     0.871781	     0.875549	     0.876826	     0.865987	     0.859959	     0.856087	     0.856835	
  1.92195e+08	     0.903723	     0.893322	     0.881879	     0.876630	     0.873455	     0.870291	     0.874216	     0.873057	     0.864565	     0.858663	     0.856051	     0.856931	
  1.92275e+08	     0.901353	     0.891464	     0.878885	     0.875461	     0.873440	     0.868773	     0.872125	     0.873300	     0.863626	     0.857044	     0.854435	     0.853730	
  1.92355e+08	     0.901480	     0.889533	     0.877778	     0.876328	     0.872250	     0.868462	     0.871983	     0.871496	     0.862173	     0.856491	     0.852420	     0.854587	
  1.92435e+08	     0.903423	     0.892229	     0.877533	     0.877166	     0.873350	     0.870278	     0.873372	     0.872979	     0.864062	     0.859983	     0.852702	     0.855477	
  1.92515e+08	     0.897429	     0.890613	     0.876623	     0.877958	     0.866474	     0.864802	     0.869107	     0.867915	     0.860311	     0.856233	     0.843157	     0.845963	
  1.92595e+08	      0.00000	      0.00000	      0.00000	      0.00000	      0.00000	      0.00000	      0.00000	      0.00000	      0.00000	      0.00000	      0.00000	      0.00000	
  1.92675e+08	      0.00000	      0.00000	      0.00000	      0.00000	      0.00000	      0.00000	      0.00000	      0.00000	      0.00000	      0.00000	      0.00000	      0.00000	
  1.92755e+08	     0.893958	     0.895004	     0.876593	     0.878450	     0.864740	     0.864678	     0.865089	     0.869533	     0.855384	     0.855622	     0.838718	     0.843331	
  1.92835e+08	     0.904062	     0.904148	     0.881235	     0.880953	     0.874720	     0.871693	     0.871542	     0.875564	     0.863475	     0.859643	     0.850887	     0.855685	
  1.92915e+08	     0.901794	     0.900501	     0.877471	     0.875113	     0.870822	     0.867588	     0.868286	     0.870389	     0.860089	     0.855930	     0.849939	     0.852517	
  1.92995e+08	     0.900975	     0.900361	     0.876736	     0.874773	     0.870632	     0.866612	     0.868251	     0.869625	     0.857545	     0.854831	     0.848239	     0.850868	
  1.93075e+08	     0.899211	     0.898842	     0.874626	     0.873157	     0.869884	     0.865944	     0.868435	     0.870678	     0.858192	     0.855407	     0.848435	     0.851048	
  1.93155e+08	     0.899346	     0.896524	     0.873129	     0.873079	     0.869043	     0.865707	     0.865582	     0.871536	     0.855446	     0.853617	     0.848789	     0.849116	
  1.93235e+08	     0.898306	     0.894008	     0.871523	     0.872560	     0.868140	     0.863797	     0.865182	     0.868850	     0.856043	     0.854077	     0.846241	     0.847367	
  1.93315e+08	     0.896822	     0.890706	     0.870573	     0.873205	     0.866845	     0.862035	     0.862507	     0.866678	     0.853450	     0.850306	     0.844840	     0.846679	
  1.93395e+08	     0.897363	     0.887729	     0.869512	     0.871903	     0.865787	     0.861591	     0.861636	     0.865877	     0.852461	     0.849460	     0.843707	     0.844390	
  1.93475e+08	     0.895952	     0.886504	     0.870575	     0.870602	     0.865740	     0.861797	     0.864635	     0.864578	     0.853540	     0.850091	     0.844425	     0.843288	
  1.93555e+08	     0.895256	     0.885163	     0.871627	     0.870603	     0.864609	     0.861518	     0.864792	     0.865585	     0.851858	     0.848444	     0.842553	     0.840901	
  1.93635e+08	     0.892706	     0.883164	     0.872057	     0.870431	     0.865474	     0.861369	     0.863750	     0.864983	     0.851228	     0.847705	     0.841327	     0.839844	
  1.93715e+08	     0.894632	     0.886801	     0.877221	     0.873488	     0.867940	     0.862766	     0.867092	     0.863943	     0.849961	     0.850482	     0.840824	     0.838717	
  1.93795e+08	     0.888121	     0.881914	     0.873862	     0.872832	     0.861720	     0.857835	     0.860957	     0.864310	     0.847945	     0.846812	     0.831152	     0.830341	
  1.93875e+08	      0.00000	      0.00000	      0.00000	      0.00000	      0.00000	      0.00000	      0.00000	      0.00000	      0.00000	      0.00000	      0.00000	      0.00000	
  1.93955e+08	      0.00000	      0.00000	      0.00000	      0.00000	      0.00000	      0.00000	      0.00000	      0.00000	      0.00000	      0.00000	      0.00000	      0.00000	
  1.94035e+08	     0.886738	     0.889641	     0.870228	     0.875443	     0.858567	     0.859268	     0.858103	     0.864490	     0.847235	     0.852017	     0.829397	     0.830885	
  1.94115e+08	     0.896393	     0.898690	     0.875921	     0.879310	     0.869170	     0.866726	     0.864137	     0.869648	     0.854182	     0.856221	     0.840444	     0.841131	
  1.94195e+08	     0.894422	     0.894736	     0.871149	     0.874819	     0.864705	     0.861904	     0.863561	     0.864150	     0.850292	     0.852526	     0.840128	     0.841158	
  1.94275e+08	     0.893509	     0.893460	     0.870944	     0.872635	     0.865057	     0.861179	     0.860478	     0.863488	     0.850294	     0.851248	     0.840127	     0.840214	
  1.94355e+08	     0.893372	     0.892134	     0.871269	     0.873035	     0.863440	     0.861967	     0.860075	     0.863972	     0.849161	     0.849576	     0.838655	     0.837854	
  1.94435e+08	     0.894633	     0.891170	     0.872490	     0.873322	     0.861678	     0.859015	     0.860920	     0.863877	     0.849975	     0.848396	     0.836774	     0.837076	
  1.94515e+08	     0.893543	     0.888434	     0.874764	     0.872543	     0.861978	     0.859528	     0.859770	     0.864795	     0.850255	     0.848217	     0.834188	     0.836254	
  1.94595e+08	     0.892976	     0.886699	     0.873143	     0.871600	     0.861267	     0.857365	     0.862246	     0.864274	     0.848282	     0.845439	     0.835058	     0.833710	
  1.94675e+08	     0.892232	     0.885830	     0.872688	     0.870740	     0.861246	     0.856905	     0.860182	     0.862825	     0.848393	     0.846494	     0.833461	     0.833073	
  1.94755e+08	     0.891033	     0.882063	     0.871529	     0.870969	     0.859957	     0.856287	     0.860631	     0.864783	     0.847008	     0.844786	     0.834106	     0.832873	
  1.94835e+08	     0.890029	     0.881411	     0.868916	     0.870481	     0.860141	     0.855425	     0.860593	     0.862771	     0.846597	     0.844723	     0.832337	     0.834234	
  1.94915e+08	     0.887552	     0.879013	     0.867661	     0.869518	     0.860120	     0.853802	     0.860744	     0.861867	     0.843805	     0.843405	     0.833408	     0.832438	
  1.94995e+08	     0.889979	     0.881571	     0.870548	     0.873216	     0.861444	     0.856106	     0.864037	     0.863940	     0.845996	     0.845297	     0.832013	     0.833503	
  1.95075e+08	     0.883330	     0.877460	     0.871361	     0.872189	     0.855116	     0.851781	     0.857041	     0.859183	     0.841982	     0.843644	     0.821991	     0.824479	
  1.95155e+08	      0.00000	      0.00000	      0.00000	      0.00000	      0.00000	      0.00000	      0.00000	      0.00000	      0.00000	      0.00000	      0.00000	      0.00000	
  1.95235e+08	      0.00000	      0.00000	      0.00000	      0.00000	      0.00000	      0.00000	      0.00000	      0.00000	      0.00000	      0.00000	      0.00000	      0.00000	
  1.95315e+08	     0.882843	     0.885890	     0.873463	     0.873396	     0.854098	     0.854312	     0.857037	     0.861747	     0.839952	     0.846634	     0.819219	     0.824894	
  1.95395e+08	     0.891665	     0.895082	     0.877957	     0.877317	     0.863505	     0.860304	     0.863753	     0.867288	     0.849508	     0.850264	     0.831658	     0.834822	
  1.95475e+08	     0.889737	     0.892373	     0.872319	     0.870944	     0.860498	     0.857353	     0.857369	     0.862219	     0.844929	     0.848098	     0.830714	     0.834630	
  1.95555e+08	     0.888891	     0.891021	     0.870477	     0.868879	     0.858541	     0.856687	     0.855410	     0.864996	     0.843843	     0.846587	     0.829883	     0.834888	
  1.95635e+08	     0.887596	     0.890491	     0.868440	     0.869359	     0.858737	     0.856051	     0.854452	     0.860267	     0.843506	     0.846777	     0.829055	     0.833774	
  1.95715e+08	     0.888347	     0.889065	     0.865468	     0.868858	     0.858404	     0.854539	     0.854647	     0.858599	     0.843319	     0.845484	     0.828609	     0.832984	
  1.95795e+08	     0.886485	     0.887904	     0.866766	     0.867744	     0.858421	     0.854693	     0.853425	     0.855946	     0.844221	     0.844463	     0.827842	     0.832059	
  1.95875e+08	     0.885133	     0.882385	     0.866950	     0.868125	     0.858689	     0.853990	     0.853729	     0.856579	     0.841469	     0.841106	     0.826351	     0.830911	
  1.95955e+08	     0.884150	     0.881308	     0.867427	     0.867135	     0.858284	     0.852628	     0.853362	     0.858867	     0.842797	     0.842262	     0.827110	     0.830158	
  1.96035e+08	     0.883039	     0.878380	     0.867964	     0.867551	     0.856472	     0.851397	     0.854276	     0.856938	     0.842429	     0.841612	     0.827213	     0.829307	
  1.96115e+08	     0.882461	     0.876065	     0.867896	     0.867469	     0.855945	     0.851914	     0.853510	     0.855395	     0.840967	     0.841350	     0.824371	     0.828596	
  1.96195e+08	     0.880392	     0.874565	     0.868288	     0.866291	     0.855488	     0.851438	     0.852400	     0.855649	     0.838897	     0.840219	     0.824304	     0.827308	
  1.96275e+08	     0.881572	     0.877296	     0.870555	     0.869159	     0.857566	     0.852253	     0.857071	     0.860112	     0.841314	     0.842272	     0.824172	     0.826784	
  1.96355e+08	     0.874966	     0.872304	     0.866935	     0.868829	     0.850035	     0.847012	     0.853416	     0.855576	     0.835016	     0.839363	     0.812809	     0.819471	
  1.96435e+08	      0.00000	      0.00000	      0.00000	      0.00000	      0.00000	      0.00000	      0.00000	      0.00000	      0.00000	      0.00000	      0.00000	      0.00000	
  1.96515e+08	      0.00000	      0.00000	      0.00000	      0.00000	      0.00000	      0.00000	      0.00000	      0.00000	      0.00000	      0.00000	      0.00000	      0.00000	
  1.96595e+08	     0.875611	     0.881103	     0.864698	     0.872016	     0.848642	     0.849526	     0.849567	     0.851989	     0.836506	     0.842019	     0.811111	     0.818039	
  1.96675e+08	     0.884852	     0.888975	     0.873058	     0.877110	     0.856095	     0.856902	     0.857046	     0.862730	     0.843436	     0.846946	     0.822718	     0.830699	
  1.96755e+08	     0.882527	     0.887628	     0.869108	     0.871408	     0.855065	     0.853870	     0.855601	     0.859185	     0.841528	     0.842694	     0.822529	     0.828518	
  1.96835e+08	     0.883296	     0.889487	     0.868445	     0.870129	     0.854194	     0.852598	     0.854745	     0.857327	     0.839062	     0.842169	     0.820482	     0.826214	
  1.96915e+08	     0.883121	     0.888160	     0.868102	     0.868859	     0.854323	     0.852477	     0.852670	     0.855112	     0.837812	     0.839502	     0.820233	     0.823826	
  1.96995e+08	     0.883153	     0.888460	     0.868336	     0.868926	     0.852271	     0.851183	     0.852604	     0.854557	     0.837031	     0.838544	     0.820022	     0.824211	
  1.97075e+08	     0.882806	     0.885862	     0.866931	     0.867863	     0.851660	     0.849489	     0.851677	     0.857400	     0.836357	     0.836981	     0.819586	     0.823801	
  1.97155e+08	     0.881849	     0.881802	     0.864279	     0.867186	     0.851880	     0.850080	     0.850751	     0.854936	     0.834199	     0.835991	     0.818149	     0.823047	
  1.97235e+08	     0.881438	     0.879058	     0.862843	     0.867211	     0.850462	     0.849430	     0.849691	     0.852005	     0.835120	     0.836948	     0.816889	     0.822819	
  1.97315e+08	     0.879447	     0.874791	     0.861501	     0.866550	     0.850713	     0.848027	     0.851367	     0.852056	     0.835722	     0.836106	     0.816465	     0.819676	
  1.97395e+08	     0.878186	     0.873693	     0.860906	     0.866277	     0.851240	     0.848191	     0.851087	     0.850543	     0.836322	     0.836329	     0.815364	     0.819521	
  1.97475e+08	     0.877146	     0.871759	     0.861199	     0.865638	     0.850892	     0.846839	     0.846890	     0.851063	     0.833248	     0.834663	     0.814206	     0.817089	
  1.97555e+08	     0.877653	     0.872828	     0.865865	     0.869396	     0.849419	     0.847535	     0.848488	     0.851730	     0.834799	     0.836173	     0.814346	     0.819123	
  1.97635e+08	     0.871067	     0.866682	     0.863563	     0.867459	     0.843382	     0.842372	     0.844990	     0.846547	     0.829215	     0.832757	     0.805782	     0.809974	
  1.97715e+08	      0.00000	      0.00000	      0.00000	      0.00000	      0.00000	      0.00000	      0.00000	      0.00000	      0.00000	      0.00000	      0.00000	      0.00000	
