   1.6715501e+08	       0.0000000	       0.0000000	       0.0000000	       0.0000000	       0.0000000	       0.0000000	       0.0000000	       0.0000000	       0.0000000	       0.0000000	       0.0000000	       0.0000000	
   1.6723501e+08	       1.0625895	       1.0576716	       1.0972638	       1.0972254	       1.1322098	       1.1346416	       1.1310067	       1.1277732	       1.1449307	       1.1441960	       1.1772089	       1.1764944	
   1.6731501e+08	       1.0783327	       1.0786724	       1.1189695	       1.1201386	       1.1507542	       1.1546262	       1.1442022	       1.1472426	       1.1635883	       1.1591415	       1.1977453	       1.1906525	
   1.6739501e+08	       1.0823548	       1.0752853	       1.1181119	       1.1158596	       1.1499778	       1.1520883	       1.1431693	       1.1416802	       1.1639006	       1.1604401	       1.1957812	       1.1948827	
   1.6747501e+08	       1.0814920	       1.0757874	       1.1141650	       1.1124559	       1.1474529	       1.1497973	       1.1391923	       1.1442083	       1.1612179	       1.1574578	       1.1962846	       1.1908547	
   1.6755501e+08	       1.0794621	       1.0758777	       1.1118435	       1.1111724	       1.1466119	       1.1482888	       1.1368543	       1.1410880	       1.1609141	       1.1540402	       1.2026189	       1.1951553	
   1.6763501e+08	       1.0829285	       1.0751751	       1.1094948	       1.1119190	       1.1440586	       1.1492040	       1.1380707	       1.1388543	       1.1604494	       1.1564241	       1.1966884	       1.1883981	
   1.6771501e+08	       1.0774896	       1.0755971	       1.1054388	       1.1093468	       1.1444055	       1.1473281	       1.1405986	       1.1343884	       1.1622406	       1.1606471	       1.1989556	       1.1923817	
   1.6779501e+08	       1.0812926	       1.0758718	       1.1095810	       1.1130282	       1.1442105	       1.1475766	       1.1405985	       1.1358800	       1.1674324	       1.1626735	       1.1989347	       1.1854661	
   1.6787501e+08	       1.0785985	       1.0795695	       1.1119675	       1.1113655	       1.1428291	       1.1425262	       1.1348200	       1.1330095	       1.1638212	       1.1591665	       1.1909217	       1.1834649	
   1.6795501e+08	       1.0781928	       1.0790583	       1.1101634	       1.1138251	       1.1396222	       1.1417225	       1.1406701	       1.1378262	       1.1645210	       1.1587777	       1.1858014	       1.1797670	
   1.6803501e+08	       1.0810786	       1.0764156	       1.1133532	       1.1097154	       1.1391729	       1.1392109	       1.1372058	       1.1377609	       1.1625072	       1.1630216	       1.1831314	       1.1807991	
   1.6811501e+08	       1.0822849	       1.0751599	       1.1082920	       1.1085160	       1.1379207	       1.1404866	       1.1350936	       1.1340973	       1.1632113	       1.1594077	       1.1824320	       1.1788935	
   1.6819501e+08	       1.0804989	       1.0726526	       1.1110850	       1.1087064	       1.1345125	       1.1382816	       1.1361379	       1.1293688	       1.1637120	       1.1615563	       1.1784723	       1.1763035	
   1.6827501e+08	       1.0603945	       1.0578951	       1.0906949	       1.0922774	       1.1199968	       1.1223579	       1.1191568	       1.1145216	       1.1481046	       1.1445218	       1.1613995	       1.1583309	
   1.6835501e+08	       0.0000000	       0.0000000	       0.0000000	       0.0000000	       0.0000000	       0.0000000	       0.0000000	       0.0000000	       0.0000000	       0.0000000	       0.0000000	       0.0000000	
   1.6843501e+08	       0.0000000	       0.0000000	       0.0000000	       0.0000000	       0.0000000	       0.0000000	       0.0000000	       0.0000000	       0.0000000	       0.0000000	       0.0000000	       0.0000000	
   1.6851501e+08	       1.0574037	       1.0517675	       1.0809140	       1.0868588	       1.1165681	       1.1174349	       1.1075757	       1.1025049	       1.1420876	       1.1369238	       1.1583341	       1.1577476	
   1.6859501e+08	       1.0769216	       1.0728071	       1.1032568	       1.1078916	       1.1387580	       1.1375077	       1.1239079	       1.1150679	       1.1559381	       1.1528049	       1.1746979	       1.1770892	
   1.6867501e+08	       1.0805629	       1.0749010	       1.1088086	       1.1090463	       1.1356264	       1.1397747	       1.1236151	       1.1181929	       1.1566198	       1.1526692	       1.1775267	       1.1705083	
   1.6875501e+08	       1.0779802	       1.0771740	       1.1095051	       1.1112321	       1.1378328	       1.1368002	       1.1225512	       1.1179855	       1.1540898	       1.1526345	       1.1788252	       1.1721362	
   1.6883501e+08	       1.0800161	       1.0755835	       1.1091891	       1.1092558	       1.1385370	       1.1386813	       1.1275634	       1.1182743	       1.1473143	       1.1479275	       1.1758150	       1.1720054	
   1.6891501e+08	       1.0803172	       1.0769072	       1.1137058	       1.1107442	       1.1376671	       1.1357693	       1.1222987	       1.1206637	       1.1487222	       1.1508916	       1.1752875	       1.1697320	
   1.6899501e+08	       1.0780405	       1.0788913	       1.1082677	       1.1079127	       1.1386351	       1.1374235	       1.1262309	       1.1197298	       1.1469487	       1.1494686	       1.1730953	       1.1669642	
   1.6907501e+08	       1.0785144	       1.0768340	       1.1042848	       1.1121241	       1.1375030	       1.1378536	       1.1250535	       1.1227510	       1.1522322	       1.1493991	       1.1764683	       1.1710680	
   1.6915501e+08	       1.0743858	       1.0769187	       1.1066430	       1.1109541	       1.1325247	       1.1351398	       1.1292587	       1.1273425	       1.1464044	       1.1475306	       1.1765376	       1.1694148	
   1.6923501e+08	       1.0785444	       1.0785500	       1.1043295	       1.1049097	       1.1336861	       1.1347229	       1.1279514	       1.1279291	       1.1486902	       1.1498488	       1.1729000	       1.1689844	
   1.6931501e+08	       1.0758197	       1.0778970	       1.1042484	       1.1067816	       1.1341620	       1.1337264	       1.1263902	       1.1234619	       1.1475483	       1.1492684	       1.1755454	       1.1714421	
   1.6939501e+08	       1.0765794	       1.0739237	       1.1065641	       1.1079852	       1.1327406	       1.1313232	       1.1313476	       1.1235571	       1.1515841	       1.1494712	       1.1760451	       1.1700818	
   1.6947501e+08	       1.0762425	       1.0754330	       1.1052635	       1.1101041	       1.1327487	       1.1321247	       1.1305629	       1.1282703	       1.1476718	       1.1478234	       1.1731916	       1.1719556	
   1.6955501e+08	       1.0614812	       1.0593824	       1.0916733	       1.0943589	       1.1164166	       1.1174242	       1.1125904	       1.1136886	       1.1320034	       1.1321367	       1.1534562	       1.1513977	
   1.6963501e+08	       0.0000000	       0.0000000	       0.0000000	       0.0000000	       0.0000000	       0.0000000	       0.0000000	       0.0000000	       0.0000000	       0.0000000	       0.0000000	       0.0000000	
   1.6971501e+08	       0.0000000	       0.0000000	       0.0000000	       0.0000000	       0.0000000	       0.0000000	       0.0000000	       0.0000000	       0.0000000	       0.0000000	       0.0000000	       0.0000000	
   1.6979501e+08	       1.0583243	       1.0529690	       1.0890069	       1.0878967	       1.1081220	       1.1132451	       1.1019305	       1.1072566	       1.1294243	       1.1274625	       1.1480923	       1.1449915	
   1.6987501e+08	       1.0815464	       1.0757878	       1.1083612	       1.1121059	       1.1291857	       1.1329923	       1.1268158	       1.1275115	       1.1484466	       1.1462396	       1.1632716	       1.1638702	
   1.6995501e+08	       1.0828223	       1.0746749	       1.1067444	       1.1098601	       1.1334251	       1.1291530	       1.1292190	       1.1299225	       1.1528926	       1.1459940	       1.1651938	       1.1648285	
   1.7003501e+08	       1.0814111	       1.0769267	       1.1066705	       1.1113777	       1.1307508	       1.1322546	       1.1289986	       1.1260141	       1.1501083	       1.1425786	       1.1618586	       1.1630708	
   1.7011501e+08	       1.0774605	       1.0762315	       1.1042778	       1.1135036	       1.1280130	       1.1295940	       1.1281229	       1.1230700	       1.1460321	       1.1440221	       1.1677877	       1.1617635	
   1.7019501e+08	       1.0813010	       1.0774129	       1.1053234	       1.1082355	       1.1321534	       1.1332534	       1.1265983	       1.1239028	       1.1477901	       1.1456230	       1.1636084	       1.1617181	
   1.7027501e+08	       1.0811580	       1.0787321	       1.1078439	       1.1095687	       1.1325994	       1.1312193	       1.1204787	       1.1276733	       1.1484955	       1.1436684	       1.1638074	       1.1648026	
   1.7035501e+08	       1.0822924	       1.0771145	       1.1127530	       1.1073559	       1.1313327	       1.1313938	       1.1291446	       1.1330956	       1.1551686	       1.1515934	       1.1652786	       1.1660726	
   1.7043501e+08	       1.0801430	       1.0804518	       1.1132096	       1.1109647	       1.1326013	       1.1309658	       1.1278869	       1.1229945	       1.1451881	       1.1445914	       1.1579099	       1.1578905	
   1.7051501e+08	       1.0840748	       1.0797043	       1.1123611	       1.1057443	       1.1338782	       1.1282785	       1.1261284	       1.1295455	       1.1467165	       1.1454510	       1.1588507	       1.1602433	
   1.7059501e+08	       1.0818982	       1.0819633	       1.1130645	       1.1072187	       1.1290497	       1.1293899	       1.1329365	       1.1229086	       1.1438212	       1.1476578	       1.1628137	       1.1570661	
   1.7067501e+08	       1.0876893	       1.0809551	       1.1075113	       1.1052751	       1.1271645	       1.1265914	       1.1234379	       1.1279812	       1.1481117	       1.1465982	       1.1624236	       1.1604424	
   1.7075501e+08	       1.0848178	       1.0813536	       1.1018142	       1.1015744	       1.1280078	       1.1278653	       1.1252470	       1.1336870	       1.1438303	       1.1458895	       1.1617826	       1.1589736	
   1.7083501e+08	       1.0718961	       1.0676223	       1.0889746	       1.0886687	       1.1159581	       1.1105881	       1.1122335	       1.1076644	       1.1277885	       1.1318132	       1.1447210	       1.1395179	
   1.7091501e+08	       0.0000000	       0.0000000	       0.0000000	       0.0000000	       0.0000000	       0.0000000	       0.0000000	       0.0000000	       0.0000000	       0.0000000	       0.0000000	       0.0000000	
   1.7099501e+08	       0.0000000	       0.0000000	       0.0000000	       0.0000000	       0.0000000	       0.0000000	       0.0000000	       0.0000000	       0.0000000	       0.0000000	       0.0000000	       0.0000000	
   1.7107501e+08	       1.0690500	       1.0584456	       1.0869063	       1.0821952	       1.1064102	       1.1086455	       1.1030654	       1.1012502	       1.1245733	       1.1291522	       1.1388245	       1.1373419	
   1.7115501e+08	       1.0876416	       1.0826609	       1.1075356	       1.1069196	       1.1293701	       1.1277068	       1.1244387	       1.1235692	       1.1443900	       1.1503440	       1.1620867	       1.1553506	
   1.7123501e+08	       1.0894840	       1.0853114	       1.1119332	       1.1079449	       1.1275276	       1.1280697	       1.1276137	       1.1213791	       1.1430704	       1.1455193	       1.1620267	       1.1551163	
   1.7131501e+08	       1.0870479	       1.0834670	       1.1123154	       1.1063576	       1.1276533	       1.1264152	       1.1268138	       1.1217622	       1.1413543	       1.1452525	       1.1618517	       1.1530359	
   1.7139501e+08	       1.0880078	       1.0819262	       1.1100491	       1.1060786	       1.1292536	       1.1295573	       1.1252001	       1.1209983	       1.1446762	       1.1475146	       1.1654531	       1.1587757	
   1.7147501e+08	       1.0892283	       1.0818068	       1.1063145	       1.1078063	       1.1292372	       1.1305989	       1.1268002	       1.1202667	       1.1396265	       1.1436760	       1.1626739	       1.1561052	
   1.7155501e+08	       1.0893095	       1.0833128	       1.1055585	       1.1018419	       1.1294112	       1.1249257	       1.1273894	       1.1301951	       1.1437515	       1.1431531	       1.1597852	       1.1561348	
   1.7163501e+08	       1.0889095	       1.0856941	       1.1078684	       1.1048962	       1.1262034	       1.1296278	       1.1254593	       1.1291110	       1.1460682	       1.1523658	       1.1646901	       1.1569068	
   1.7171501e+08	       1.0855131	       1.0889911	       1.1038998	       1.1018462	       1.1288552	       1.1284213	       1.1274025	       1.1220440	       1.1408434	       1.1440743	       1.1597299	       1.1587762	
   1.7179501e+08	       1.0876079	       1.0885536	       1.1082042	       1.1078070	       1.1301813	       1.1296346	       1.1280613	       1.1208144	       1.1398855	       1.1424297	       1.1606692	       1.1542565	
   1.7187501e+08	       1.0851315	       1.0916378	       1.1091957	       1.1076270	       1.1287849	       1.1268765	       1.1280950	       1.1184648	       1.1421276	       1.1423213	       1.1595329	       1.1575414	
   1.7195501e+08	       1.0878029	       1.0881114	       1.1138582	       1.1065922	       1.1292077	       1.1288787	       1.1208394	       1.1211353	       1.1437884	       1.1470878	       1.1599502	       1.1575910	
   1.7203501e+08	       1.0862863	       1.0862437	       1.1165887	       1.1064509	       1.1317709	       1.1278177	       1.1256215	       1.1165445	       1.1444101	       1.1473716	       1.1574945	       1.1568536	
   1.7211501e+08	       1.0724573	       1.0712423	       1.0983956	       1.0932393	       1.1172969	       1.1107213	       1.1057512	       1.1018567	       1.1237389	       1.1278826	       1.1430553	       1.1381212	
   1.7219501e+08	       0.0000000	       0.0000000	       0.0000000	       0.0000000	       0.0000000	       0.0000000	       0.0000000	       0.0000000	       0.0000000	       0.0000000	       0.0000000	       0.0000000	
   1.7227501e+08	       0.0000000	       0.0000000	       0.0000000	       0.0000000	       0.0000000	       0.0000000	       0.0000000	       0.0000000	       0.0000000	       0.0000000	       0.0000000	       0.0000000	
   1.7235501e+08	       1.0659178	       1.0658223	       1.0892986	       1.0886324	       1.1106984	       1.1047326	       1.1116813	       1.0999745	       1.1228058	       1.1259275	       1.1352446	       1.1340031	
   1.7243501e+08	       1.0877558	       1.0849302	       1.1095677	       1.1075875	       1.1295418	       1.1288892	       1.1312054	       1.1219923	       1.1412240	       1.1413851	       1.1541264	       1.1514710	
   1.7251501e+08	       1.0877042	       1.0857724	       1.1069361	       1.1094582	       1.1310167	       1.1288179	       1.1295682	       1.1207930	       1.1434789	       1.1393637	       1.1570294	       1.1514808	
   1.7259501e+08	       1.0909097	       1.0820950	       1.1113664	       1.1111973	       1.1310873	       1.1297432	       1.1274487	       1.1221916	       1.1427780	       1.1420907	       1.1524772	       1.1498938	
   1.7267501e+08	       1.0879927	       1.0855866	       1.1138204	       1.1114271	       1.1290734	       1.1279869	       1.1244482	       1.1175420	       1.1391942	       1.1379249	       1.1564838	       1.1502069	
   1.7275501e+08	       1.0839691	       1.0870904	       1.1179109	       1.1130475	       1.1313174	       1.1266472	       1.1255696	       1.1186665	       1.1395773	       1.1369938	       1.1520009	       1.1460793	
   1.7283501e+08	       1.0881235	       1.0858209	       1.1187685	       1.1151676	       1.1297148	       1.1252843	       1.1239325	       1.1132572	       1.1397976	       1.1371916	       1.1531737	       1.1484838	
   1.7291501e+08	       1.0911639	       1.0935195	       1.1228166	       1.1123698	       1.1260514	       1.1266212	       1.1269213	       1.1157300	       1.1418275	       1.1424711	       1.1555620	       1.1476832	
   1.7299501e+08	       1.0882997	       1.0875358	       1.1143494	       1.1130488	       1.1324477	       1.1259346	       1.1289571	       1.1122517	       1.1400076	       1.1381696	       1.1529733	       1.1451267	
   1.7307501e+08	       1.0856084	       1.0893180	       1.1140303	       1.1102194	       1.1309801	       1.1225132	       1.1261748	       1.1127882	       1.1397982	       1.1346192	       1.1523734	       1.1459858	
   1.7315501e+08	       1.0912882	       1.0960746	       1.1109961	       1.1086707	       1.1301183	       1.1253558	       1.1274774	       1.1181660	       1.1385509	       1.1388784	       1.1505970	       1.1462971	
   1.7323501e+08	       1.0905268	       1.0934247	       1.1086532	       1.1091090	       1.1262555	       1.1254380	       1.1189042	       1.1191024	       1.1353124	       1.1379865	       1.1567273	       1.1439362	
   1.7331501e+08	       1.0893037	       1.0945691	       1.1070841	       1.1112674	       1.1236192	       1.1237364	       1.1226779	       1.1184582	       1.1375213	       1.1384244	       1.1544203	       1.1431221	
   1.7339501e+08	       1.0771941	       1.0740373	       1.0918146	       1.0962244	       1.1101881	       1.1078486	       1.1101558	       1.1012609	       1.1217308	       1.1245334	       1.1337301	       1.1292098	
   1.7347501e+08	       0.0000000	       0.0000000	       0.0000000	       0.0000000	       0.0000000	       0.0000000	       0.0000000	       0.0000000	       0.0000000	       0.0000000	       0.0000000	       0.0000000	
   1.7355501e+08	       0.0000000	       0.0000000	       0.0000000	       0.0000000	       0.0000000	       0.0000000	       0.0000000	       0.0000000	       0.0000000	       0.0000000	       0.0000000	       0.0000000	
   1.7363501e+08	       1.0674603	       1.0714566	       1.0911187	       1.0908102	       1.1040182	       1.1012962	       1.1027545	       1.0984284	       1.1207303	       1.1172063	       1.1284012	       1.1206574	
   1.7371501e+08	       1.0895972	       1.0859771	       1.1123227	       1.1084789	       1.1269890	       1.1255855	       1.1290628	       1.1215735	       1.1381245	       1.1373949	       1.1450270	       1.1365547	
   1.7379501e+08	       1.0910674	       1.0862174	       1.1138234	       1.1105173	       1.1253575	       1.1238284	       1.1226087	       1.1224381	       1.1382196	       1.1345721	       1.1445924	       1.1336851	
   1.7387501e+08	       1.0874687	       1.0864909	       1.1100009	       1.1096206	       1.1233262	       1.1225533	       1.1289291	       1.1214535	       1.1384023	       1.1373167	       1.1469841	       1.1369068	
   1.7395501e+08	       1.0868203	       1.0840192	       1.1081030	       1.1094739	       1.1241407	       1.1223919	       1.1212119	       1.1165212	       1.1362022	       1.1337578	       1.1439608	       1.1345990	
   1.7403501e+08	       1.0826609	       1.0856440	       1.1055175	       1.1113248	       1.1244171	       1.1218422	       1.1186891	       1.1113911	       1.1354954	       1.1306315	       1.1472902	       1.1358168	
   1.7411501e+08	       1.0810536	       1.0852368	       1.1067430	       1.1084846	       1.1246278	       1.1206755	       1.1203175	       1.1136274	       1.1349699	       1.1319324	       1.1490766	       1.1364512	
   1.7419501e+08	       1.0822622	       1.0886825	       1.1057375	       1.1092914	       1.1249709	       1.1202145	       1.1199424	       1.1151395	       1.1395055	       1.1303035	       1.1483209	       1.1317528	
   1.7427501e+08	       1.0809498	       1.0880910	       1.1074026	       1.1094598	       1.1232086	       1.1186038	       1.1191642	       1.1105445	       1.1304190	       1.1253613	       1.1440373	       1.1311144	
   1.7435501e+08	       1.0798525	       1.0860048	       1.1043074	       1.1100608	       1.1184547	       1.1183516	       1.1151031	       1.1059136	       1.1312394	       1.1240092	       1.1419384	       1.1333406	
   1.7443501e+08	       1.0823783	       1.0896410	       1.1095654	       1.1099431	       1.1190125	       1.1179373	       1.1130990	       1.1084459	       1.1241162	       1.1248922	       1.1418613	       1.1313161	
   1.7451501e+08	       1.0830772	       1.0896180	       1.1092237	       1.1075988	       1.1166629	       1.1152099	       1.1177358	       1.1055562	       1.1254207	       1.1217274	       1.1398464	       1.1267026	
   1.7459501e+08	       1.0830575	       1.0892805	       1.1081976	       1.1067065	       1.1164513	       1.1122874	       1.1153143	       1.1028760	       1.1224167	       1.1198122	       1.1358152	       1.1271604	
   1.7467501e+08	       1.0666689	       1.0710047	       1.0871746	       1.0869923	       1.1000869	       1.0971759	       1.1017985	       1.0949873	       1.1050681	       1.1076012	       1.1153145	       1.1112354	
   1.7475501e+08	       0.0000000	       0.0000000	       0.0000000	       0.0000000	       0.0000000	       0.0000000	       0.0000000	       0.0000000	       0.0000000	       0.0000000	       0.0000000	       0.0000000	
   1.7483501e+08	       0.0000000	       0.0000000	       0.0000000	       0.0000000	       0.0000000	       0.0000000	       0.0000000	       0.0000000	       0.0000000	       0.0000000	       0.0000000	       0.0000000	
   1.7491501e+08	       1.0625975	       1.0678900	       1.0742028	       1.0794167	       1.0932386	       1.0909982	       1.0984247	       1.0870659	       1.1023375	       1.1003637	       1.1117686	       1.0998422	
   1.7499501e+08	       1.0821412	       1.0870061	       1.0968896	       1.0994048	       1.1096043	       1.1125188	       1.1174209	       1.1109941	       1.1218708	       1.1194364	       1.1300313	       1.1160563	
   1.7507501e+08	       1.0841968	       1.0871451	       1.1015149	       1.0994893	       1.1110701	       1.1111170	       1.1136465	       1.1098551	       1.1170848	       1.1191055	       1.1300708	       1.1181896	
   1.7515501e+08	       1.0801404	       1.0809154	       1.0994976	       1.0998901	       1.1120194	       1.1087638	       1.1117244	       1.1106065	       1.1188159	       1.1179945	       1.1286122	       1.1146135	
   1.7523501e+08	       1.0791222	       1.0809996	       1.1027724	       1.1027639	       1.1096214	       1.1085446	       1.1103030	       1.0999062	       1.1155282	       1.1164387	       1.1283795	       1.1169896	
   1.7531501e+08	       1.0771912	       1.0801137	       1.1007288	       1.1016630	       1.1080339	       1.1102705	       1.1068864	       1.1004436	       1.1151456	       1.1153989	       1.1250345	       1.1131492	
   1.7539501e+08	       1.0751105	       1.0795526	       1.0993849	       1.0996758	       1.1073584	       1.1075251	       1.1087334	       1.1035574	       1.1159623	       1.1118399	       1.1193479	       1.1120222	
   1.7547501e+08	       1.0794899	       1.0814653	       1.0976662	       1.1009977	       1.1019910	       1.1038719	       1.1068610	       1.1103726	       1.1156900	       1.1131752	       1.1162515	       1.1144034	
   1.7555501e+08	       1.0762654	       1.0797071	       1.0934853	       1.0971250	       1.1025479	       1.1054999	       1.1028564	       1.1000573	       1.1128386	       1.1104668	       1.1174993	       1.1104769	
   1.7563501e+08	       1.0744887	       1.0776089	       1.0903878	       1.0966865	       1.1041099	       1.1035844	       1.0986112	       1.1026372	       1.1114447	       1.1071814	       1.1149113	       1.1094317	
   1.7571501e+08	       1.0739462	       1.0817854	       1.0918394	       1.0937285	       1.0991412	       1.1024533	       1.1012288	       1.1013820	       1.1099082	       1.1103718	       1.1125969	       1.1062543	
   1.7579501e+08	       1.0724922	       1.0795617	       1.0884041	       1.0943004	       1.0997320	       1.1013721	       1.0973518	       1.0966789	       1.1065700	       1.1071410	       1.1096968	       1.1080260	
   1.7587501e+08	       1.0739725	       1.0812942	       1.0896075	       1.0953509	       1.0952855	       1.0956095	       1.1001139	       1.0943235	       1.1076071	       1.1063878	       1.1059600	       1.1043508	
   1.7595501e+08	       1.0573172	       1.0644061	       1.0737823	       1.0788684	       1.0795384	       1.0818171	       1.0807827	       1.0743380	       1.0902363	       1.0865701	       1.0915986	       1.0903824	
   1.7603501e+08	       0.0000000	       0.0000000	       0.0000000	       0.0000000	       0.0000000	       0.0000000	       0.0000000	       0.0000000	       0.0000000	       0.0000000	       0.0000000	       0.0000000	
   1.7611501e+08	       0.0000000	       0.0000000	       0.0000000	       0.0000000	       0.0000000	       0.0000000	       0.0000000	       0.0000000	       0.0000000	       0.0000000	       0.0000000	       0.0000000	
   1.7619501e+08	       1.0535546	       1.0536408	       1.0718373	       1.0710596	       1.0701314	       1.0715395	       1.0653881	       1.0685553	       1.0775916	       1.0780179	       1.0871434	       1.0824224	
   1.7627501e+08	       1.0781051	       1.0739160	       1.0879806	       1.0939850	       1.0906961	       1.0880574	       1.0817987	       1.0897978	       1.0991824	       1.0971087	       1.1092420	       1.1010391	
   1.7635501e+08	       1.0747257	       1.0752203	       1.0855879	       1.0900118	       1.0887905	       1.0921772	       1.0844395	       1.0872996	       1.0953479	       1.0942802	       1.1041385	       1.0992963	
   1.7643501e+08	       1.0707665	       1.0718783	       1.0835419	       1.0890808	       1.0877427	       1.0920645	       1.0834871	       1.0803548	       1.0964789	       1.0928900	       1.1023870	       1.0927514	
   1.7651501e+08	       1.0730058	       1.0704211	       1.0799775	       1.0877776	       1.0826391	       1.0853717	       1.0820361	       1.0848376	       1.0944178	       1.0920663	       1.1046124	       1.0942791	
   1.7659501e+08	       1.0707454	       1.0699724	       1.0815833	       1.0888058	       1.0829453	       1.0851580	       1.0799498	       1.0827888	       1.0952939	       1.0882116	       1.0949181	       1.0926664	
   1.7667501e+08	       1.0713303	       1.0674875	       1.0837613	       1.0870617	       1.0813421	       1.0839067	       1.0792037	       1.0780383	       1.0892939	       1.0894084	       1.0935876	       1.0890794	
   1.7675501e+08	       1.0669411	       1.0670842	       1.0830005	       1.0841493	       1.0799909	       1.0824236	       1.0790977	       1.0810812	       1.0909911	       1.0899172	       1.0963097	       1.0932094	
   1.7683501e+08	       1.0661761	       1.0673542	       1.0839421	       1.0837387	       1.0806728	       1.0828331	       1.0735371	       1.0783149	       1.0842826	       1.0873294	       1.0907552	       1.0886586	
   1.7691501e+08	       1.0640266	       1.0686985	       1.0820840	       1.0805556	       1.0800067	       1.0825974	       1.0764579	       1.0801416	       1.0867285	       1.0826808	       1.0913836	       1.0840308	
   1.7699501e+08	       1.0660750	       1.0686789	       1.0772244	       1.0789012	       1.0785588	       1.0799083	       1.0728275	       1.0760396	       1.0834109	       1.0845987	       1.0909440	       1.0847803	
   1.7707501e+08	       1.0638300	       1.0718048	       1.0720974	       1.0764590	       1.0765870	       1.0773357	       1.0746159	       1.0754362	       1.0788088	       1.0794928	       1.0868114	       1.0838900	
   1.7715501e+08	       1.0639712	       1.0667810	       1.0709434	       1.0730152	       1.0749310	       1.0782991	       1.0684588	       1.0729604	       1.0758918	       1.0770775	       1.0862645	       1.0812751	
   1.7723501e+08	       1.0496587	       1.0485498	       1.0505735	       1.0573569	       1.0574505	       1.0601641	       1.0557064	       1.0514515	       1.0623419	       1.0601323	       1.0686734	       1.0624561	
   1.7731501e+08	       0.0000000	       0.0000000	       0.0000000	       0.0000000	       0.0000000	       0.0000000	       0.0000000	       0.0000000	       0.0000000	       0.0000000	       0.0000000	       0.0000000	
   1.7739501e+08	       0.0000000	       0.0000000	       0.0000000	       0.0000000	       0.0000000	       0.0000000	       0.0000000	       0.0000000	       0.0000000	       0.0000000	       0.0000000	       0.0000000	
   1.7747501e+08	       1.0385418	       1.0397252	       1.0450519	       1.0441062	       1.0477767	       1.0492294	       1.0452445	       1.0494019	       1.0544641	       1.0560036	       1.0587787	       1.0595562	
   1.7755501e+08	       1.0577645	       1.0591506	       1.0659269	       1.0677588	       1.0689146	       1.0690576	       1.0668790	       1.0688068	       1.0712594	       1.0722391	       1.0738542	       1.0795229	
   1.7763501e+08	       1.0559900	       1.0581368	       1.0677905	       1.0669760	       1.0659579	       1.0680606	       1.0652458	       1.0671624	       1.0703375	       1.0683549	       1.0757145	       1.0720089	
   1.7771501e+08	       1.0566535	       1.0536759	       1.0645674	       1.0650398	       1.0653965	       1.0648530	       1.0645016	       1.0634007	       1.0694518	       1.0677476	       1.0758290	       1.0726512	
   1.7779501e+08	       1.0535761	       1.0532136	       1.0652657	       1.0640017	       1.0633505	       1.0653047	       1.0655533	       1.0668323	       1.0658742	       1.0669380	       1.0770157	       1.0711001	
   1.7787501e+08	       1.0517216	       1.0525792	       1.0586820	       1.0645030	       1.0617929	       1.0609017	       1.0603453	       1.0635091	       1.0638277	       1.0670764	       1.0717766	       1.0676944	
   1.7795501e+08	       1.0511724	       1.0528199	       1.0561965	       1.0611260	       1.0591953	       1.0600374	       1.0603463	       1.0625463	       1.0634418	       1.0615090	       1.0732780	       1.0694620	
   1.7803501e+08	       1.0491401	       1.0526505	       1.0468380	       1.0582841	       1.0581764	       1.0590561	       1.0673415	       1.0613746	       1.0660601	       1.0658772	       1.0699665	       1.0688098	
   1.7811501e+08	       1.0469464	       1.0483735	       1.0505773	       1.0567041	       1.0579462	       1.0576444	       1.0584687	       1.0609476	       1.0623445	       1.0642807	       1.0744218	       1.0637408	
   1.7819501e+08	       1.0440218	       1.0501116	       1.0479723	       1.0582855	       1.0556761	       1.0527310	       1.0577337	       1.0622212	       1.0644065	       1.0597245	       1.0658443	       1.0643212	
   1.7827501e+08	       1.0422657	       1.0500909	       1.0517248	       1.0552214	       1.0557339	       1.0565150	       1.0592645	       1.0626842	       1.0616799	       1.0600825	       1.0626958	       1.0588185	
   1.7835501e+08	       1.0408038	       1.0510970	       1.0522684	       1.0530076	       1.0547256	       1.0524009	       1.0508279	       1.0569824	       1.0616185	       1.0590051	       1.0593871	       1.0548408	
   1.7843501e+08	       1.0437669	       1.0507653	       1.0542277	       1.0516247	       1.0511559	       1.0500369	       1.0510087	       1.0511277	       1.0586553	       1.0576999	       1.0575008	       1.0583543	
   1.7851501e+08	       1.0258663	       1.0317448	       1.0366610	       1.0366804	       1.0372970	       1.0345211	       1.0312213	       1.0381677	       1.0442761	       1.0393956	       1.0377961	       1.0428845	
   1.7859501e+08	       0.0000000	       0.0000000	       0.0000000	       0.0000000	       0.0000000	       0.0000000	       0.0000000	       0.0000000	       0.0000000	       0.0000000	       0.0000000	       0.0000000	
   1.7867501e+08	       0.0000000	       0.0000000	       0.0000000	       0.0000000	       0.0000000	       0.0000000	       0.0000000	       0.0000000	       0.0000000	       0.0000000	       0.0000000	       0.0000000	
   1.7875501e+08	       1.0208197	       1.0267522	       1.0256771	       1.0291040	       1.0271764	       1.0285750	       1.0304834	       1.0322315	       1.0323086	       1.0301720	       1.0302188	       1.0304650	
   1.7883501e+08	       1.0404989	       1.0406729	       1.0413926	       1.0478324	       1.0467316	       1.0457870	       1.0507057	       1.0514109	       1.0504340	       1.0520925	       1.0445263	       1.0437207	
   1.7891501e+08	       1.0441776	       1.0424415	       1.0444222	       1.0434463	       1.0440730	       1.0466979	       1.0504075	       1.0535699	       1.0455275	       1.0498638	       1.0413523	       1.0466007	
   1.7899501e+08	       1.0405166	       1.0387666	       1.0416371	       1.0435326	       1.0456861	       1.0451996	       1.0495779	       1.0548408	       1.0456587	       1.0511258	       1.0447545	       1.0432026	
   1.7907501e+08	       1.0392593	       1.0383420	       1.0432718	       1.0441760	       1.0437003	       1.0409362	       1.0466706	       1.0539576	       1.0491090	       1.0490206	       1.0411639	       1.0415213	
   1.7915501e+08	       1.0338504	       1.0351381	       1.0437837	       1.0436730	       1.0412538	       1.0397597	       1.0479862	       1.0560330	       1.0454643	       1.0472169	       1.0418803	       1.0440450	
   1.7923501e+08	       1.0348671	       1.0364032	       1.0432733	       1.0447454	       1.0372341	       1.0378504	       1.0468444	       1.0503316	       1.0431244	       1.0418445	       1.0377213	       1.0404405	
   1.7931501e+08	       1.0297058	       1.0377728	       1.0444473	       1.0453565	       1.0410428	       1.0359592	       1.0467451	       1.0522570	       1.0410079	       1.0448657	       1.0401505	       1.0436296	
   1.7939501e+08	       1.0312727	       1.0378694	       1.0397320	       1.0386140	       1.0405058	       1.0364484	       1.0477093	       1.0501635	       1.0412093	       1.0432618	       1.0366074	       1.0401099	
   1.7947501e+08	       1.0289104	       1.0357467	       1.0397111	       1.0380173	       1.0390104	       1.0330995	       1.0445988	       1.0481999	       1.0410844	       1.0414386	       1.0368076	       1.0391455	
   1.7955501e+08	       1.0272503	       1.0367362	       1.0383892	       1.0395538	       1.0380915	       1.0331328	       1.0385737	       1.0416471	       1.0391687	       1.0388554	       1.0345878	       1.0388765	
   1.7963501e+08	       1.0332364	       1.0348894	       1.0326334	       1.0347365	       1.0324995	       1.0304213	       1.0359065	       1.0445974	       1.0397408	       1.0376920	       1.0322068	       1.0381588	
   1.7971501e+08	       1.0276090	       1.0333283	       1.0296016	       1.0342512	       1.0302417	       1.0304636	       1.0357578	       1.0355037	       1.0387735	       1.0379727	       1.0328997	       1.0323194	
   1.7979501e+08	       1.0142291	       1.0193877	       1.0154388	       1.0151777	       1.0162447	       1.0151830	       1.0128889	       1.0265310	       1.0225436	       1.0240994	       1.0181450	       1.0173737	
   1.7987501e+08	       0.0000000	       0.0000000	       0.0000000	       0.0000000	       0.0000000	       0.0000000	       0.0000000	       0.0000000	       0.0000000	       0.0000000	       0.0000000	       0.0000000	
   1.7995501e+08	       0.0000000	       0.0000000	       0.0000000	       0.0000000	       0.0000000	       0.0000000	       0.0000000	       0.0000000	       0.0000000	       0.0000000	       0.0000000	       0.0000000	
   1.8003501e+08	       1.0088834	       1.0124545	       1.0146282	       1.0126543	       1.0095413	       1.0076838	       1.0120472	       1.0228096	       1.0187202	       1.0185265	       1.0054425	       1.0096517	
   1.8011501e+08	       1.0259414	       1.0319921	       1.0311240	       1.0310852	       1.0266771	       1.0286661	       1.0239508	       1.0361256	       1.0300295	       1.0350824	       1.0257223	       1.0252293	
   1.8019501e+08	       1.0275580	       1.0290421	       1.0334271	       1.0314037	       1.0260256	       1.0287131	       1.0280701	       1.0385245	       1.0326429	       1.0344155	       1.0271535	       1.0277509	
   1.8027501e+08	       1.0286079	       1.0267359	       1.0291808	       1.0282640	       1.0263646	       1.0265030	       1.0308723	       1.0405402	       1.0287884	       1.0317151	       1.0243959	       1.0304176	
   1.8035501e+08	       1.0240731	       1.0239036	       1.0259097	       1.0283031	       1.0270362	       1.0248695	       1.0244301	       1.0349227	       1.0285211	       1.0291482	       1.0224806	       1.0237688	
   1.8043501e+08	       1.0264476	       1.0245760	       1.0243578	       1.0288302	       1.0259649	       1.0226315	       1.0262254	       1.0301473	       1.0252024	       1.0289011	       1.0230352	       1.0240584	
   1.8051501e+08	       1.0213733	       1.0191190	       1.0210741	       1.0255793	       1.0219641	       1.0230483	       1.0219749	       1.0353526	       1.0288456	       1.0251942	       1.0239693	       1.0236540	
   1.8059501e+08	       1.0197925	       1.0213990	       1.0250849	       1.0295589	       1.0223215	       1.0220160	       1.0223110	       1.0371683	       1.0254712	       1.0305600	       1.0247889	       1.0229504	
   1.8067501e+08	       1.0201977	       1.0220322	       1.0212128	       1.0266079	       1.0213719	       1.0234278	       1.0228993	       1.0320737	       1.0253683	       1.0306401	       1.0207038	       1.0184577	
   1.8075501e+08	       1.0191888	       1.0218962	       1.0237730	       1.0268032	       1.0180597	       1.0198080	       1.0197927	       1.0250875	       1.0246434	       1.0286613	       1.0168276	       1.0182831	
   1.8083501e+08	       1.0202658	       1.0225769	       1.0261594	       1.0280935	       1.0175651	       1.0204034	       1.0215292	       1.0298782	       1.0231554	       1.0298999	       1.0183612	       1.0163093	
   1.8091501e+08	       1.0206868	       1.0246857	       1.0270531	       1.0270579	       1.0157395	       1.0196533	       1.0185640	       1.0305884	       1.0232452	       1.0286914	       1.0207603	       1.0166361	
   1.8099501e+08	       1.0193858	       1.0255737	       1.0251473	       1.0254985	       1.0149130	       1.0167308	       1.0195921	       1.0325305	       1.0242779	       1.0250525	       1.0121656	       1.0150140	
   1.8107501e+08	       1.0049414	       1.0086393	       1.0092734	       1.0107632	       1.0004652	       1.0012968	       1.0112488	       1.0147189	       1.0067932	       1.0115395	      0.99953330	       1.0012256	
   1.8115501e+08	       0.0000000	       0.0000000	       0.0000000	       0.0000000	       0.0000000	       0.0000000	       0.0000000	       0.0000000	       0.0000000	       0.0000000	       0.0000000	       0.0000000	
   1.8123501e+08	       0.0000000	       0.0000000	       0.0000000	       0.0000000	       0.0000000	       0.0000000	       0.0000000	       0.0000000	       0.0000000	       0.0000000	       0.0000000	       0.0000000	
   1.8131501e+08	      0.99969287	       1.0030303	      0.99508071	       1.0014917	      0.99494159	      0.99589510	       1.0047388	       1.0155199	       1.0011616	       1.0095410	      0.98838192	      0.99313252	
   1.8139501e+08	       1.0213425	       1.0280460	       1.0142403	       1.0219720	       1.0120623	       1.0139871	       1.0257084	       1.0293519	       1.0191713	       1.0235917	       1.0081351	       1.0082815	
   1.8147501e+08	       1.0219809	       1.0246846	       1.0189689	       1.0241785	       1.0138393	       1.0168745	       1.0291820	       1.0311314	       1.0189823	       1.0198973	       1.0114566	       1.0113688	
   1.8155501e+08	       1.0212526	       1.0185686	       1.0180933	       1.0228256	       1.0136239	       1.0154034	       1.0275308	       1.0302047	       1.0209783	       1.0226221	       1.0098581	       1.0073993	
   1.8163501e+08	       1.0201899	       1.0196837	       1.0228562	       1.0254684	       1.0128021	       1.0157178	       1.0242373	       1.0283199	       1.0189276	       1.0244606	       1.0097537	       1.0068745	
   1.8171501e+08	       1.0180707	       1.0181279	       1.0246060	       1.0238595	       1.0108128	       1.0158168	       1.0219970	       1.0265982	       1.0169458	       1.0193358	       1.0085226	       1.0057011	
   1.8179501e+08	       1.0161820	       1.0171000	       1.0217189	       1.0211900	       1.0112433	       1.0123155	       1.0212019	       1.0312152	       1.0177077	       1.0183914	       1.0068127	       1.0043565	
   1.8187501e+08	       1.0171681	       1.0203644	       1.0225901	       1.0218587	       1.0073460	       1.0132441	       1.0203330	       1.0277150	       1.0166486	       1.0208058	       1.0060851	       1.0083424	
   1.8195501e+08	       1.0124926	       1.0175876	       1.0190742	       1.0196068	       1.0098617	       1.0139791	       1.0225567	       1.0231625	       1.0158127	       1.0174259	       1.0021958	       1.0022563	
   1.8203501e+08	       1.0151936	       1.0184113	       1.0149501	       1.0200916	       1.0077854	       1.0118657	       1.0211492	       1.0210678	       1.0139768	       1.0169942	       1.0025913	       1.0004932	
   1.8211501e+08	       1.0173662	       1.0190168	       1.0158400	       1.0192714	       1.0082741	       1.0094234	       1.0156976	       1.0191694	       1.0143337	       1.0177549	      0.99920247	       1.0017628	
   1.8219501e+08	       1.0146676	       1.0214954	       1.0137281	       1.0168130	       1.0093215	       1.0112294	       1.0201238	       1.0222976	       1.0156040	       1.0155114	       1.0020925	      0.99825866	
   1.8227501e+08	       1.0144271	       1.0209126	       1.0159300	       1.0152850	       1.0085148	       1.0114717	       1.0175152	       1.0140824	       1.0098677	       1.0128398	      0.99701063	      0.99732122	
   1.8235501e+08	       1.0011656	       1.0055303	       1.0024422	       1.0026332	      0.99236381	      0.99439681	      0.99863714	       1.0000292	      0.99797141	       1.0002590	      0.98476109	      0.98658819	
   1.8243501e+08	       0.0000000	       0.0000000	       0.0000000	       0.0000000	       0.0000000	       0.0000000	       0.0000000	       0.0000000	       0.0000000	       0.0000000	       0.0000000	       0.0000000	
   1.8251501e+08	       0.0000000	       0.0000000	       0.0000000	       0.0000000	       0.0000000	       0.0000000	       0.0000000	       0.0000000	       0.0000000	       0.0000000	       0.0000000	       0.0000000	
   1.8259501e+08	       1.0000986	       1.0026003	       1.0001209	       1.0006698	      0.98431999	      0.99014527	      0.99179142	      0.99099600	      0.98742423	      0.99769549	      0.97860153	      0.97885879	
   1.8267501e+08	       1.0200646	       1.0208346	       1.0194133	       1.0203372	       1.0043255	       1.0074197	       1.0139860	       1.0167375	       1.0042626	       1.0113595	      0.99764456	      0.99849058	
   1.8275501e+08	       1.0200749	       1.0213827	       1.0173538	       1.0215577	       1.0070149	       1.0088734	       1.0140346	       1.0146482	       1.0054525	       1.0115434	      0.99826637	      0.99817507	
   1.8283501e+08	       1.0226665	       1.0178310	       1.0166306	       1.0205655	       1.0041819	       1.0100719	       1.0137444	       1.0099193	       1.0043738	       1.0092848	      0.99578627	      0.99712403	
   1.8291501e+08	       1.0175680	       1.0132523	       1.0131874	       1.0207811	       1.0043454	       1.0088706	       1.0140643	       1.0167385	       1.0072456	       1.0093719	      0.99720864	      0.99736831	
   1.8299501e+08	       1.0157876	       1.0164320	       1.0146377	       1.0175710	       1.0059351	       1.0083731	       1.0133648	       1.0160319	       1.0063171	       1.0096195	      0.99346326	      0.99500866	
   1.8307501e+08	       1.0172789	       1.0133876	       1.0136309	       1.0211729	       1.0015690	       1.0068521	       1.0134547	       1.0139057	       1.0068782	       1.0101680	      0.99408745	      0.98872236	
   1.8315501e+08	       1.0193651	       1.0132889	       1.0199247	       1.0217814	       1.0029825	       1.0070253	       1.0109832	       1.0137371	       1.0090495	       1.0079810	      0.99885049	      0.99759960	
   1.8323501e+08	       1.0137842	       1.0163304	       1.0225698	       1.0217942	       1.0050549	       1.0046268	       1.0096938	       1.0140564	       1.0052656	       1.0094533	      0.99340571	      0.99048869	
   1.8331501e+08	       1.0135283	       1.0135999	       1.0196543	       1.0224036	       1.0045886	       1.0049941	       1.0064071	       1.0151855	       1.0068746	       1.0081138	      0.99584350	      0.99406326	
   1.8339501e+08	       1.0153901	       1.0166403	       1.0210946	       1.0216542	       1.0039002	       1.0037508	       1.0070284	       1.0156027	       1.0077978	       1.0100010	      0.99538504	      0.99039580	
   1.8347501e+08	       1.0122406	       1.0157343	       1.0205809	       1.0194970	       1.0021148	       1.0036773	       1.0054820	       1.0083821	       1.0087047	       1.0113240	      0.98863538	      0.99350729	
   1.8355501e+08	       1.0128175	       1.0164102	       1.0197062	       1.0162617	       1.0033057	       1.0024605	       1.0044323	       1.0123327	       1.0029159	       1.0129431	      0.98843574	      0.99425176	
   1.8363501e+08	       1.0008472	       1.0021807	      0.99802277	       1.0036982	      0.98709078	      0.98766022	      0.98995160	      0.99609284	      0.99226546	      0.99786796	      0.97800464	      0.97311163	
   1.8371501e+08	       0.0000000	       0.0000000	       0.0000000	       0.0000000	       0.0000000	       0.0000000	       0.0000000	       0.0000000	       0.0000000	       0.0000000	       0.0000000	       0.0000000	
   1.8379501e+08	       0.0000000	       0.0000000	       0.0000000	       0.0000000	       0.0000000	       0.0000000	       0.0000000	       0.0000000	       0.0000000	       0.0000000	       0.0000000	       0.0000000	
   1.8387501e+08	      0.99959886	       1.0011733	      0.99346799	      0.99762895	      0.98147513	      0.98265463	      0.98094351	      0.98969816	      0.98339763	      0.99420259	      0.96987569	      0.97298469	
   1.8395501e+08	       1.0225803	       1.0213101	       1.0132217	       1.0176505	      0.99970799	       1.0030416	       1.0007620	       1.0101192	       1.0005063	       1.0102365	      0.98629237	      0.98822945	
   1.8403501e+08	       1.0229684	       1.0214683	       1.0181173	       1.0181441	       1.0014250	       1.0049949	       1.0022576	       1.0162888	       1.0020120	       1.0093749	      0.98750777	      0.98763882	
   1.8411501e+08	       1.0233489	       1.0193402	       1.0184360	       1.0184354	       1.0024324	       1.0018590	       1.0027317	       1.0158626	       1.0003320	       1.0064248	      0.98562839	      0.98749054	
   1.8419501e+08	       1.0197387	       1.0159481	       1.0174398	       1.0163883	       1.0020135	       1.0053346	       1.0104505	       1.0112302	      0.99992276	       1.0066446	      0.98690004	      0.98814881	
   1.8427501e+08	       1.0176084	       1.0143097	       1.0148300	       1.0168449	      0.99939866	       1.0000528	       1.0112453	       1.0144801	      0.99658072	       1.0077041	      0.98660696	      0.98745768	
   1.8435501e+08	       1.0158500	       1.0166318	       1.0141131	       1.0160345	      0.99702828	      0.99991779	       1.0104947	       1.0151627	      0.99574200	       1.0009430	      0.98808723	      0.98652622	
   1.8443501e+08	       1.0157477	       1.0158997	       1.0113991	       1.0152186	      0.99795054	       1.0001065	       1.0124437	       1.0166165	      0.99637744	       1.0064438	      0.98757584	      0.99407388	
   1.8451501e+08	       1.0148052	       1.0120972	       1.0077860	       1.0123532	      0.99647626	      0.99654852	       1.0137830	       1.0181201	      0.99925640	       1.0027522	      0.98591473	      0.98590374	
   1.8459501e+08	       1.0165409	       1.0107262	       1.0089479	       1.0111543	      0.99494011	      0.99853758	       1.0102500	       1.0179190	      0.99526046	       1.0015578	      0.98486669	      0.98525091	
   1.8467501e+08	       1.0151996	       1.0148840	       1.0088158	       1.0138761	      0.99424669	      0.99890705	       1.0084263	       1.0143881	      0.99236785	       1.0031388	      0.98359520	      0.98030923	
   1.8475501e+08	       1.0134292	       1.0148057	       1.0117739	       1.0155882	      0.99354752	      0.99629846	       1.0067763	       1.0098611	      0.99582673	      0.99887260	      0.98075399	      0.98331157	
   1.8483501e+08	       1.0137277	       1.0133849	       1.0129800	       1.0152014	      0.99343914	      0.99275471	       1.0076000	       1.0140792	      0.99579119	      0.99765831	      0.98245530	      0.98175978	
   1.8491501e+08	      0.99630148	      0.99982234	      0.99969416	       1.0002892	      0.97609021	      0.97861673	      0.99146934	      0.99889500	      0.98095278	      0.98458312	      0.96800399	      0.96721534	
   1.8499501e+08	       0.0000000	       0.0000000	       0.0000000	       0.0000000	       0.0000000	       0.0000000	       0.0000000	       0.0000000	       0.0000000	       0.0000000	       0.0000000	       0.0000000	
   1.8507501e+08	       0.0000000	       0.0000000	       0.0000000	       0.0000000	       0.0000000	       0.0000000	       0.0000000	       0.0000000	       0.0000000	       0.0000000	       0.0000000	       0.0000000	
   1.8515501e+08	      0.99562588	      0.99566373	      0.98947608	      0.99063016	      0.96845458	      0.97269089	      0.98166950	      0.98689859	      0.97383675	      0.97933244	      0.96259401	      0.95942371	
   1.8523501e+08	       1.0146108	       1.0167713	       1.0086646	       1.0105328	      0.98860080	      0.99142339	      0.99573323	       1.0018162	      0.99104314	      0.99739208	      0.97374681	      0.97574089	
   1.8531501e+08	       1.0161210	       1.0155217	       1.0090883	       1.0133369	      0.99050506	      0.99141281	      0.99346694	       1.0005771	      0.98867824	       1.0006884	      0.97838907	      0.97747628	
   1.8539501e+08	       1.0176122	       1.0150925	       1.0086209	       1.0122638	      0.98594091	      0.99162661	      0.99677340	      0.99787541	      0.99174936	      0.99626405	      0.97964726	      0.97684631	
   1.8547501e+08	       1.0112773	       1.0109585	       1.0083575	       1.0111345	      0.98770665	      0.99140836	      0.99373285	       1.0039988	      0.98704376	      0.99462765	      0.97828529	      0.97641986	
   1.8555501e+08	       1.0134433	       1.0115276	       1.0122195	       1.0131026	      0.98523085	      0.98792565	      0.99355580	      0.99986582	      0.98600249	      0.99455082	      0.97821788	      0.97696182	
   1.8563501e+08	       1.0107956	       1.0088502	       1.0120970	       1.0113867	      0.98492366	      0.98868615	      0.99412752	      0.99814159	      0.98524144	      0.99223424	      0.97721440	      0.97528033	
   1.8571501e+08	       1.0085444	       1.0095845	       1.0154745	       1.0131576	      0.98617704	      0.99011623	       1.0029221	       1.0047133	      0.98535153	      0.99143737	      0.97541629	      0.97467079	
   1.8579501e+08	       1.0045400	       1.0087669	       1.0136202	       1.0132193	      0.98617573	      0.98602846	      0.99293496	      0.99844221	      0.98535363	      0.99148294	      0.97270020	      0.97384021	
   1.8587501e+08	       1.0029329	       1.0070152	       1.0127193	       1.0121850	      0.98414236	      0.98307098	      0.99460750	      0.99925976	      0.98029501	      0.98945198	      0.97476326	      0.97182545	
   1.8595501e+08	       1.0032800	       1.0053302	       1.0067673	       1.0079401	      0.98213449	      0.98536000	      0.98977975	      0.99454541	      0.98544224	      0.98996770	      0.97386042	      0.97003432	
   1.8603501e+08	       1.0011890	       1.0075902	       1.0023000	       1.0076814	      0.98235185	      0.98282914	      0.98973926	      0.99846719	      0.97983648	      0.98446586	      0.97087362	      0.96754888	
   1.8611501e+08	       1.0008218	       1.0080628	       1.0028212	       1.0068845	      0.98130350	      0.98147255	      0.98812249	      0.99678230	      0.97973927	      0.98291144	      0.96759019	      0.96363677	
   1.8619501e+08	      0.99068955	      0.99361617	      0.98444103	      0.98915902	      0.96452751	      0.96657846	      0.97245476	      0.97697955	      0.96364108	      0.97333922	      0.95135865	      0.95159174	
   1.8627501e+08	       0.0000000	       0.0000000	       0.0000000	       0.0000000	       0.0000000	       0.0000000	       0.0000000	       0.0000000	       0.0000000	       0.0000000	       0.0000000	       0.0000000	
   1.8635501e+08	       0.0000000	       0.0000000	       0.0000000	       0.0000000	       0.0000000	       0.0000000	       0.0000000	       0.0000000	       0.0000000	       0.0000000	       0.0000000	       0.0000000	
   1.8643501e+08	      0.98407650	      0.99527946	      0.98528000	      0.98811085	      0.96286433	      0.96238673	      0.96902736	      0.97967005	      0.96066711	      0.97162131	      0.94121770	      0.94817597	
   1.8651501e+08	       1.0058823	       1.0150117	       1.0074311	       1.0085408	      0.98170160	      0.98316155	      0.98672169	      0.99155776	      0.97686324	      0.98823235	      0.95792478	      0.96234793	
   1.8659501e+08	       1.0079727	       1.0114462	       1.0068989	       1.0062292	      0.98079466	      0.98148544	      0.98349142	      0.99390723	      0.97825606	      0.98678589	      0.95687534	      0.96389511	
   1.8667501e+08	       1.0064775	       1.0102417	       1.0044687	       1.0059660	      0.97938609	      0.98095133	      0.97952927	      0.99456500	      0.97749647	      0.98555096	      0.95811875	      0.96026242	
   1.8675501e+08	       1.0060697	       1.0096874	       1.0011623	       1.0043820	      0.97845024	      0.98268502	      0.98413397	      0.99370012	      0.97678787	      0.98597342	      0.95386316	      0.96098444	
   1.8683501e+08	       1.0058825	       1.0074471	      0.99642440	       1.0028223	      0.97812004	      0.98049764	      0.98278809	      0.98752164	      0.97547611	      0.98038940	      0.95162308	      0.96209404	
   1.8691501e+08	       1.0009927	       1.0043205	      0.99632169	      0.99957283	      0.97842019	      0.97981206	      0.98301851	      0.98739412	      0.97250073	      0.98054587	      0.94746492	      0.95920772	
   1.8699501e+08	       1.0037472	       1.0030573	      0.99239573	       1.0009288	      0.97658863	      0.98015396	      0.98331080	      0.98500168	      0.97630451	      0.98003683	      0.95426927	      0.96265356	
   1.8707501e+08	      0.99928111	       1.0023924	      0.99359364	      0.99777488	      0.97934686	      0.97628589	      0.97880072	      0.98701829	      0.96617543	      0.97768221	      0.94942290	      0.95387680	
   1.8715501e+08	      0.99968814	       1.0029224	      0.99593537	      0.99927231	      0.97592928	      0.97632501	      0.97885909	      0.98130732	      0.96627792	      0.97585572	      0.94926881	      0.95385056	
   1.8723501e+08	      0.99783753	       1.0041686	      0.99701021	       1.0011238	      0.97626515	      0.97368454	      0.98171526	      0.98236576	      0.96616082	      0.97369663	      0.94730879	      0.95275654	
   1.8731501e+08	      0.99561819	       1.0035225	      0.99963634	      0.99893232	      0.97515941	      0.97133454	      0.97276129	      0.98178636	      0.96805403	      0.97297701	      0.94565051	      0.95265059	
   1.8739501e+08	      0.99387814	       1.0023529	      0.99922294	      0.99817880	      0.97153514	      0.97055715	      0.97629755	      0.97751153	      0.96273038	      0.96916090	      0.94595706	      0.94884366	
   1.8747501e+08	      0.98090937	      0.99056860	      0.98160384	      0.97990389	      0.95412959	      0.95386882	      0.95699493	      0.95836119	      0.95139212	      0.95778436	      0.92806006	      0.92947616	
   1.8755501e+08	       0.0000000	       0.0000000	       0.0000000	       0.0000000	       0.0000000	       0.0000000	       0.0000000	       0.0000000	       0.0000000	       0.0000000	       0.0000000	       0.0000000	
   1.8763501e+08	       0.0000000	       0.0000000	       0.0000000	       0.0000000	       0.0000000	       0.0000000	       0.0000000	       0.0000000	       0.0000000	       0.0000000	       0.0000000	       0.0000000	
   1.8771501e+08	      0.94338256	      0.93887719	      0.91449979	      0.90992908	      0.92062080	      0.91670640	      0.91467017	      0.91303098	      0.91111499	      0.90780176	      0.90573781	      0.91021078	
   1.8779501e+08	      0.94690696	      0.93813020	      0.91252766	      0.90492002	      0.92080513	      0.91367133	      0.91273043	      0.90924905	      0.91293990	      0.90069897	      0.91559695	      0.91668503	
   1.8787501e+08	      0.93986575	      0.92921379	      0.90383301	      0.89591305	      0.91741148	      0.90865315	      0.90374621	      0.90039530	      0.90305385	      0.89288499	      0.90999920	      0.91368915	
   1.8795501e+08	      0.93998261	      0.92860352	      0.90685422	      0.89545731	      0.91485681	      0.90725032	      0.90450088	      0.89925713	      0.90143545	      0.89275801	      0.91109340	      0.90985483	
   1.8803501e+08	      0.93659625	      0.92852041	      0.90882920	      0.89423587	      0.91240379	      0.90492783	      0.90548238	      0.89637889	      0.89877451	      0.88848313	      0.91137929	      0.90996095	
   1.8811501e+08	      0.93500392	      0.92282477	      0.90622279	      0.89720388	      0.91314278	      0.90714450	      0.90262073	      0.89530861	      0.89964960	      0.88847290	      0.91025625	      0.90689743	
   1.8819501e+08	      0.93422587	      0.92177161	      0.90643656	      0.89469627	      0.91296475	      0.90205095	      0.89769480	      0.89381973	      0.89540524	      0.88712655	      0.91079849	      0.91038542	
   1.8827501e+08	      0.93146348	      0.91606118	      0.90612231	      0.89381597	      0.91218405	      0.90168447	      0.90385598	      0.89747157	      0.89724177	      0.89025670	      0.90638757	      0.91058151	
   1.8835501e+08	      0.92967681	      0.91720418	      0.90186099	      0.89101521	      0.91130701	      0.90208883	      0.89707975	      0.89330984	      0.89427732	      0.88701118	      0.90716374	      0.90780291	
   1.8843501e+08	      0.92779300	      0.91559995	      0.89919870	      0.89305473	      0.90920917	      0.89916211	      0.90029764	      0.89380724	      0.89452531	      0.88333996	      0.90614677	      0.90552589	
   1.8851501e+08	      0.92417631	      0.91714375	      0.89707304	      0.88878320	      0.90741604	      0.89904957	      0.89808746	      0.88841500	      0.89406395	      0.88729179	      0.90663293	      0.90568430	
   1.8859501e+08	      0.92612472	      0.91221402	      0.89676438	      0.88976557	      0.90794242	      0.89785261	      0.90030158	      0.89297669	      0.89559380	      0.88411183	      0.90777417	      0.90457329	
   1.8867501e+08	      0.93052904	      0.91883636	      0.90089679	      0.89282767	      0.90773776	      0.90174870	      0.90364984	      0.89386553	      0.89605363	      0.88899450	      0.90750561	      0.90478828	
   1.8875501e+08	      0.92485790	      0.92374048	      0.90649549	      0.89855051	      0.90535369	      0.90080829	      0.90359616	      0.89899422	      0.89463646	      0.89173715	      0.89875929	      0.90231048	
   1.8883501e+08	       0.0000000	       0.0000000	       0.0000000	       0.0000000	       0.0000000	       0.0000000	       0.0000000	       0.0000000	       0.0000000	       0.0000000	       0.0000000	       0.0000000	
   1.8891501e+08	       0.0000000	       0.0000000	       0.0000000	       0.0000000	       0.0000000	       0.0000000	       0.0000000	       0.0000000	       0.0000000	       0.0000000	       0.0000000	       0.0000000	
   1.8899501e+08	      0.92969759	      0.92598707	      0.90863143	      0.90266369	      0.90119206	      0.90242027	      0.89802325	      0.89681964	      0.89298657	      0.88914067	      0.89472633	      0.89440319	
   1.8907501e+08	      0.93325031	      0.93023888	      0.90872784	      0.89974444	      0.90546086	      0.90268414	      0.90423017	      0.89524093	      0.89136073	      0.88539938	      0.90273064	      0.90117066	
   1.8915501e+08	      0.92554394	      0.92029423	      0.90012403	      0.89285084	      0.89881518	      0.89448009	      0.89556409	      0.89483906	      0.88860055	      0.88127824	      0.89726491	      0.89504177	
   1.8923501e+08	      0.92670507	      0.91872155	      0.89692482	      0.88939538	      0.90086427	      0.89357906	      0.89238686	      0.89468955	      0.88289631	      0.87927696	      0.89496440	      0.89323514	
   1.8931501e+08	      0.92676940	      0.91911119	      0.89385857	      0.88942335	      0.89734907	      0.89354514	      0.89509268	      0.89379167	      0.88141560	      0.87526989	      0.89244718	      0.89261923	
   1.8939501e+08	      0.92725475	      0.91626838	      0.89353964	      0.88647214	      0.89655525	      0.89257646	      0.89413002	      0.89193421	      0.88125176	      0.87644929	      0.89398299	      0.88876624	
   1.8947501e+08	      0.92219170	      0.91382214	      0.89358771	      0.88543794	      0.89538038	      0.89188854	      0.89480849	      0.89031859	      0.88260139	      0.87271787	      0.89193719	      0.88730360	
   1.8955501e+08	      0.92063712	      0.90785381	      0.89398789	      0.88482745	      0.89674574	      0.89038637	      0.89233245	      0.88688148	      0.87932307	      0.87818036	      0.89094874	      0.89009317	
   1.8963501e+08	      0.92081622	      0.90798689	      0.89385836	      0.88519914	      0.89349371	      0.88931635	      0.88940935	      0.88726340	      0.87915237	      0.87501835	      0.89186115	      0.88564085	
   1.8971501e+08	      0.91958590	      0.90618020	      0.89570757	      0.88473555	      0.89072667	      0.88814551	      0.88789840	      0.88162527	      0.88054650	      0.87591855	      0.88652614	      0.88742568	
   1.8979501e+08	      0.91754736	      0.90698866	      0.89504997	      0.88546717	      0.89231959	      0.88541997	      0.88338967	      0.87938941	      0.87971765	      0.87267377	      0.88926238	      0.88558522	
   1.8987501e+08	      0.91455929	      0.90520676	      0.89099447	      0.88117999	      0.88718806	      0.88646741	      0.88367591	      0.87622856	      0.87799035	      0.87342191	      0.88584488	      0.88256756	
   1.8995501e+08	      0.91672892	      0.90900646	      0.89788720	      0.88823838	      0.89052956	      0.88807231	      0.88626102	      0.88419316	      0.87947078	      0.87661012	      0.88639871	      0.88530555	
   1.9003501e+08	      0.91705175	      0.90896518	      0.89553141	      0.88846156	      0.88793280	      0.88743035	      0.88478451	      0.89198735	      0.87870049	      0.87608559	      0.87715623	      0.87484328	
   1.9011501e+08	       0.0000000	       0.0000000	       0.0000000	       0.0000000	       0.0000000	       0.0000000	       0.0000000	       0.0000000	       0.0000000	       0.0000000	       0.0000000	       0.0000000	
   1.9019501e+08	       0.0000000	       0.0000000	       0.0000000	       0.0000000	       0.0000000	       0.0000000	       0.0000000	       0.0000000	       0.0000000	       0.0000000	       0.0000000	       0.0000000	
   1.9027501e+08	      0.91678316	      0.91411935	      0.88979912	      0.89109651	      0.88204034	      0.88621551	      0.88210425	      0.88349142	      0.87605587	      0.87961063	      0.87306648	      0.87339615	
   1.9035501e+08	      0.92202769	      0.91745097	      0.88985700	      0.88979713	      0.88738353	      0.88819565	      0.88624147	      0.88570563	      0.88356416	      0.87821633	      0.88236490	      0.87684699	
   1.9043501e+08	      0.91541119	      0.90954142	      0.88795410	      0.88227798	      0.88323057	      0.88221088	      0.88300402	      0.87712196	      0.87656412	      0.87181440	      0.87665168	      0.87512351	
   1.9051501e+08	      0.91498862	      0.90727384	      0.88867788	      0.88122931	      0.88137702	      0.88204759	      0.88501599	      0.87814660	      0.87364657	      0.86955449	      0.87509106	      0.87508877	
   1.9059501e+08	      0.91548021	      0.90452066	      0.88288387	      0.88035488	      0.88356267	      0.87971856	      0.87930017	      0.87433233	      0.87176860	      0.86943785	      0.87523604	      0.86977616	
   1.9067501e+08	      0.91499319	      0.90383623	      0.88382505	      0.88029639	      0.87911688	      0.88061913	      0.88015106	      0.87133868	      0.87409195	      0.86755873	      0.87160033	      0.86868036	
   1.9075501e+08	      0.91142944	      0.90214447	      0.88172279	      0.87711215	      0.88239813	      0.87995371	      0.88219372	      0.87675512	      0.86953654	      0.86686894	      0.86950060	      0.86846515	
   1.9083501e+08	      0.91412092	      0.89676299	      0.88037527	      0.87496999	      0.87673119	      0.87986586	      0.88031730	      0.87699826	      0.86997211	      0.86621669	      0.86939400	      0.86648732	
   1.9091501e+08	      0.90990905	      0.89616819	      0.87676564	      0.87537089	      0.87919921	      0.87684240	      0.87883511	      0.86939866	      0.86817621	      0.86538811	      0.86750228	      0.86232905	
   1.9099501e+08	      0.90450241	      0.89640969	      0.87606379	      0.87190767	      0.87765592	      0.87750337	      0.87308205	      0.87289816	      0.86785542	      0.86218385	      0.86596993	      0.86447586	
   1.9107501e+08	      0.90617362	      0.89597070	      0.87627787	      0.87281737	      0.87643421	      0.87588886	      0.87636112	      0.86849039	      0.86890480	      0.86082803	      0.86244538	      0.86174264	
   1.9115501e+08	      0.90053411	      0.89714935	      0.87703720	      0.87353656	      0.87635802	      0.87578656	      0.87445974	      0.87044740	      0.86760395	      0.86208095	      0.86551812	      0.85760996	
   1.9123501e+08	      0.90618009	      0.90304300	      0.88331337	      0.87911775	      0.87767687	      0.87637143	      0.88018723	      0.87531011	      0.86835503	      0.86208459	      0.86246386	      0.86152606	
   1.9131501e+08	      0.90236346	      0.89937130	      0.88382408	      0.88201627	      0.87656210	      0.87808004	      0.87895969	      0.87694142	      0.86550032	      0.86528272	      0.85469707	      0.85758098	
   1.9139501e+08	       0.0000000	       0.0000000	       0.0000000	       0.0000000	       0.0000000	       0.0000000	       0.0000000	       0.0000000	       0.0000000	       0.0000000	       0.0000000	       0.0000000	
   1.9147501e+08	       0.0000000	       0.0000000	       0.0000000	       0.0000000	       0.0000000	       0.0000000	       0.0000000	       0.0000000	       0.0000000	       0.0000000	       0.0000000	       0.0000000	
   1.9155501e+08	      0.90219922	      0.90524010	      0.88005353	      0.88174382	      0.87106069	      0.87976600	      0.87479566	      0.87575791	      0.86457707	      0.86684344	      0.84815370	      0.85303536	
   1.9163501e+08	      0.90817129	      0.90626282	      0.87987247	      0.87964026	      0.87859640	      0.88071683	      0.87745847	      0.87707541	      0.86511743	      0.86422203	      0.86124851	      0.86281153	
   1.9171501e+08	      0.90368221	      0.90106159	      0.87180760	      0.87057407	      0.87377583	      0.87335594	      0.87207967	      0.87237812	      0.85957356	      0.85730561	      0.85726923	      0.86239689	
   1.9179501e+08	      0.90554638	      0.89950589	      0.86971087	      0.87179649	      0.87157044	      0.87168311	      0.86857880	      0.86409716	      0.85689091	      0.85530846	      0.85671633	      0.85535110	
   1.9187501e+08	      0.90344920	      0.89840198	      0.86961416	      0.86996150	      0.87050637	      0.87375588	      0.86628978	      0.86463789	      0.86009293	      0.85659234	      0.85583457	      0.85499517	
   1.9195501e+08	      0.90185712	      0.89462574	      0.87005762	      0.86694230	      0.86897053	      0.86952042	      0.86102779	      0.86398309	      0.85819070	      0.85261436	      0.85514017	      0.85627650	
   1.9203501e+08	      0.90169404	      0.89050667	      0.87138898	      0.86858556	      0.86769805	      0.86970070	      0.86223215	      0.86464563	      0.85839108	      0.85281185	      0.85687713	      0.85339941	
   1.9211501e+08	      0.89997438	      0.88922773	      0.87242320	      0.87040995	      0.86964525	      0.87140260	      0.86597397	      0.86417115	      0.85450114	      0.85327737	      0.85783062	      0.85186870	
   1.9219501e+08	      0.90043604	      0.88888550	      0.87115313	      0.86948476	      0.86839112	      0.86774895	      0.85951754	      0.86328389	      0.85358413	      0.84939196	      0.85283722	      0.84959317	
   1.9227501e+08	      0.89928458	      0.88816510	      0.86977613	      0.86766120	      0.86831891	      0.86522764	      0.86168764	      0.85968386	      0.85043765	      0.84723633	      0.85000476	      0.85093674	
   1.9235501e+08	      0.89459728	      0.88653287	      0.86919768	      0.86766946	      0.86721724	      0.86363907	      0.86166409	      0.85794966	      0.85011830	      0.84562768	      0.84780920	      0.84752593	
   1.9243501e+08	      0.89208616	      0.88724969	      0.87077399	      0.86628520	      0.86510264	      0.86432024	      0.85862444	      0.85538922	      0.84883662	      0.84339006	      0.84791820	      0.84542856	
   1.9251501e+08	      0.89679617	      0.89068977	      0.86882044	      0.87033404	      0.86785269	      0.86824281	      0.86416344	      0.86084504	      0.85390997	      0.84766837	      0.84761931	      0.84862247	
   1.9259501e+08	      0.89030624	      0.88796049	      0.86754338	      0.87274074	      0.86206117	      0.86438190	      0.86601848	      0.86215735	      0.85392823	      0.85155642	      0.84238329	      0.84233985	
   1.9267501e+08	       0.0000000	       0.0000000	       0.0000000	       0.0000000	       0.0000000	       0.0000000	       0.0000000	       0.0000000	       0.0000000	       0.0000000	       0.0000000	       0.0000000	
   1.9275501e+08	       0.0000000	       0.0000000	       0.0000000	       0.0000000	       0.0000000	       0.0000000	       0.0000000	       0.0000000	       0.0000000	       0.0000000	       0.0000000	       0.0000000	
   1.9283501e+08	      0.88972596	      0.89140873	      0.87136932	      0.87499933	      0.86069536	      0.86530091	      0.86153138	      0.86594835	      0.85262211	      0.85142550	      0.83904247	      0.83996922	
   1.9291501e+08	      0.89612184	      0.89755209	      0.87607169	      0.87592626	      0.86684760	      0.86822007	      0.86598334	      0.87058087	      0.85461975	      0.85178881	      0.84898619	      0.84663883	
   1.9299501e+08	      0.89239606	      0.89187766	      0.86838392	      0.87004642	      0.86387398	      0.86466451	      0.86122746	      0.86165840	      0.85359496	      0.85027283	      0.84760264	      0.84556013	
   1.9307501e+08	      0.89470357	      0.89164249	      0.86799243	      0.86768338	      0.85985824	      0.86184724	      0.85797516	      0.86488158	      0.85001835	      0.84647750	      0.84580479	      0.84525439	
   1.9315501e+08	      0.89509920	      0.89120136	      0.86738897	      0.86823579	      0.86223691	      0.85845164	      0.86054876	      0.86256537	      0.84958128	      0.84780484	      0.84394794	      0.84298707	
   1.9323501e+08	      0.89776039	      0.88520007	      0.86271018	      0.86480627	      0.86069308	      0.85851394	      0.85987882	      0.85937814	      0.84759911	      0.84673370	      0.84352391	      0.84513390	
   1.9331501e+08	      0.89235878	      0.88703934	      0.86242388	      0.86274827	      0.86124887	      0.86019767	      0.85948087	      0.86059756	      0.84825340	      0.84646430	      0.84594588	      0.84395337	
   1.9339501e+08	      0.89454895	      0.88742825	      0.86021598	      0.86416276	      0.85690280	      0.85887684	      0.85576987	      0.85864427	      0.84911204	      0.84263853	      0.85071841	      0.84177310	
   1.9347501e+08	      0.89433097	      0.88090101	      0.85891872	      0.86004083	      0.85644632	      0.85716717	      0.85516673	      0.85758899	      0.84423863	      0.84290239	      0.84181674	      0.84112064	
   1.9355501e+08	      0.89060401	      0.88192419	      0.86127330	      0.86174361	      0.85922565	      0.85611039	      0.85786049	      0.85747774	      0.84378586	      0.84280084	      0.84083303	      0.84122766	
   1.9363501e+08	      0.88723660	      0.88102907	      0.86137139	      0.86214028	      0.85714428	      0.85574798	      0.85649611	      0.85673178	      0.84401539	      0.84198451	      0.84077819	      0.84064946	
   1.9371501e+08	      0.88924619	      0.88141217	      0.86239521	      0.86217693	      0.85708387	      0.85692962	      0.85534648	      0.85552369	      0.84318936	      0.84181744	      0.83905070	      0.83386892	
   1.9379501e+08	      0.89060724	      0.88585009	      0.86808019	      0.86826106	      0.86094924	      0.85922185	      0.85877076	      0.85487614	      0.84556039	      0.84307346	      0.83877897	      0.83563630	
   1.9387501e+08	      0.88586851	      0.88259089	      0.86843227	      0.86935677	      0.85583526	      0.85656772	      0.85983633	      0.85896416	      0.84554221	      0.84499312	      0.83354237	      0.82846520	
   1.9395501e+08	       0.0000000	       0.0000000	       0.0000000	       0.0000000	       0.0000000	       0.0000000	       0.0000000	       0.0000000	       0.0000000	       0.0000000	       0.0000000	       0.0000000	
   1.9403501e+08	       0.0000000	       0.0000000	       0.0000000	       0.0000000	       0.0000000	       0.0000000	       0.0000000	       0.0000000	       0.0000000	       0.0000000	       0.0000000	       0.0000000	
   1.9411501e+08	      0.88633516	      0.88982298	      0.86261304	      0.87149775	      0.85556583	      0.85775568	      0.85318329	      0.85620478	      0.84580288	      0.84795624	      0.82689010	      0.83200388	
   1.9419501e+08	      0.89425627	      0.89456519	      0.86619658	      0.87405031	      0.86083882	      0.86402704	      0.85915889	      0.85883281	      0.84675615	      0.84805489	      0.83736308	      0.84086323	
   1.9427501e+08	      0.88882689	      0.88715453	      0.85739574	      0.86538531	      0.85726122	      0.85762355	      0.85321163	      0.85651427	      0.84451577	      0.84357271	      0.83768243	      0.83302977	
   1.9435501e+08	      0.88421038	      0.88752141	      0.85960951	      0.86733792	      0.85911263	      0.85664196	      0.85192133	      0.85375663	      0.84465882	      0.84219530	      0.83780818	      0.83259660	
   1.9443501e+08	      0.88861323	      0.88436905	      0.86352364	      0.86831357	      0.85645743	      0.85565756	      0.84838816	      0.85215726	      0.84127750	      0.84177367	      0.83221046	      0.82921239	
   1.9451501e+08	      0.88889127	      0.88574695	      0.86491848	      0.86659511	      0.85458521	      0.85361039	      0.85061767	      0.85199394	      0.84144194	      0.84388499	      0.83358932	      0.83095543	
   1.9459501e+08	      0.88610242	      0.88493058	      0.86590327	      0.86525106	      0.85805426	      0.85256009	      0.84911937	      0.85039297	      0.84433248	      0.84175318	      0.83224477	      0.83376053	
   1.9467501e+08	      0.88928170	      0.88219102	      0.86288729	      0.86665912	      0.85608420	      0.85401500	      0.85324807	      0.85527948	      0.84226566	      0.84395635	      0.83279998	      0.83354363	
   1.9475501e+08	      0.88793112	      0.88026664	      0.86215709	      0.86585365	      0.85429228	      0.85239127	      0.84980193	      0.84729017	      0.84214582	      0.84215298	      0.83197234	      0.82782045	
   1.9483501e+08	      0.88528461	      0.87806884	      0.86042299	      0.86538793	      0.85362413	      0.85016879	      0.85121257	      0.84464700	      0.83949261	      0.83927822	      0.83373234	      0.82909182	
   1.9491501e+08	      0.88209248	      0.87935409	      0.85909608	      0.86252359	      0.85218635	      0.84755826	      0.85064423	      0.84549639	      0.84018648	      0.83980429	      0.83320848	      0.83113705	
   1.9499501e+08	      0.88125739	      0.87594554	      0.85807067	      0.86276716	      0.85060185	      0.84757832	      0.85145258	      0.84304394	      0.83772673	      0.83612582	      0.82977545	      0.82666749	
   1.9507501e+08	      0.88361937	      0.87888409	      0.86307025	      0.86493653	      0.85246668	      0.84906249	      0.84952996	      0.84961249	      0.84180880	      0.83845576	      0.83186463	      0.82848053	
   1.9515501e+08	      0.87940949	      0.87832553	      0.86664322	      0.86757351	      0.85022161	      0.85023573	      0.85061755	      0.84879021	      0.83781645	      0.83846690	      0.82173803	      0.82150127	
   1.9523501e+08	       0.0000000	       0.0000000	       0.0000000	       0.0000000	       0.0000000	       0.0000000	       0.0000000	       0.0000000	       0.0000000	       0.0000000	       0.0000000	       0.0000000	
   1.9531501e+08	       0.0000000	       0.0000000	       0.0000000	       0.0000000	       0.0000000	       0.0000000	       0.0000000	       0.0000000	       0.0000000	       0.0000000	       0.0000000	       0.0000000	
   1.9539501e+08	      0.87965087	      0.88523051	      0.86780558	      0.87064170	      0.85110143	      0.85385803	      0.84869877	      0.85763300	      0.83871924	      0.84484825	      0.81745498	      0.82364395	
   1.9547501e+08	      0.88705263	      0.89374937	      0.86828935	      0.87059451	      0.85594199	      0.85782243	      0.85177647	      0.85640802	      0.84408602	      0.84796790	      0.82931801	      0.83174667	
   1.9555501e+08	      0.88273902	      0.88939500	      0.86253030	      0.86337153	      0.85169702	      0.85389532	      0.84797483	      0.85261091	      0.83899829	      0.84226729	      0.82610128	      0.82830427	
   1.9563501e+08	      0.88522203	      0.88712776	      0.85980631	      0.86244752	      0.85295301	      0.85352906	      0.84707068	      0.85249765	      0.84043757	      0.84202695	      0.82188344	      0.82666715	
   1.9571501e+08	      0.88440803	      0.88801166	      0.85805013	      0.86196582	      0.85030085	      0.85275700	      0.84726910	      0.85156163	      0.83599982	      0.83946943	      0.82111875	      0.83001788	
   1.9579501e+08	      0.88349799	      0.88220257	      0.85702897	      0.86182806	      0.85068026	      0.85093296	      0.84617162	      0.85008524	      0.83668964	      0.83594442	      0.82130575	      0.82841655	
   1.9587501e+08	      0.88520914	      0.88242512	      0.85550285	      0.85964509	      0.85235104	      0.85067461	      0.84939832	      0.84978914	      0.83462488	      0.83532244	      0.82273027	      0.82764233	
   1.9595501e+08	      0.88625328	      0.88273193	      0.85433535	      0.85761149	      0.85268494	      0.85102318	      0.84625512	      0.85146112	      0.83950876	      0.83800631	      0.82719307	      0.83228985	
   1.9603501e+08	      0.87959955	      0.87600437	      0.85681406	      0.85874683	      0.85351745	      0.84944140	      0.84527461	      0.84732924	      0.82958398	      0.83372277	      0.82394952	      0.82599887	
   1.9611501e+08	      0.88045613	      0.87420992	      0.85799377	      0.85880779	      0.85056399	      0.85159106	      0.84326701	      0.84489851	      0.83266555	      0.83321368	      0.82225416	      0.82912615	
   1.9619501e+08	      0.87930641	      0.87371796	      0.85672606	      0.85738970	      0.84934357	      0.84943382	      0.84367695	      0.84348471	      0.83346463	      0.83058034	      0.81718888	      0.82571924	
   1.9627501e+08	      0.87924765	      0.87367411	      0.85779239	      0.86010094	      0.84748580	      0.84764937	      0.84584101	      0.84327909	      0.83180447	      0.83411005	      0.82202161	      0.82092716	
   1.9635501e+08	      0.87966741	      0.87878271	      0.85982520	      0.86196222	      0.84996146	      0.84856441	      0.84575312	      0.85140128	      0.83318925	      0.83681987	      0.82062692	      0.82022115	
   1.9643501e+08	      0.87599107	      0.87568626	      0.85807903	      0.86425193	      0.84241512	      0.84842181	      0.84603950	      0.84875516	      0.83514594	      0.83683874	      0.80853015	      0.81362493	
   1.9651501e+08	       0.0000000	       0.0000000	       0.0000000	       0.0000000	       0.0000000	       0.0000000	       0.0000000	       0.0000000	       0.0000000	       0.0000000	       0.0000000	       0.0000000	
   1.9659501e+08	       0.0000000	       0.0000000	       0.0000000	       0.0000000	       0.0000000	       0.0000000	       0.0000000	       0.0000000	       0.0000000	       0.0000000	       0.0000000	       0.0000000	
   1.9667501e+08	      0.87525345	      0.88542164	      0.85737827	      0.86616091	      0.84405860	      0.84844325	      0.85037115	      0.84965899	      0.83384405	      0.84052088	      0.80949464	      0.81711302	
   1.9675501e+08	      0.88107957	      0.88973706	      0.86162817	      0.86690229	      0.84976096	      0.85251963	      0.84707858	      0.85237774	      0.84134776	      0.84085020	      0.81615079	      0.82439013	
   1.9683501e+08	      0.87777164	      0.88261046	      0.85750495	      0.86153895	      0.84721300	      0.84678077	      0.84439358	      0.84850430	      0.83520766	      0.83560151	      0.81921505	      0.82460238	
   1.9691501e+08	      0.87924427	      0.88412422	      0.85622528	      0.86122750	      0.84850783	      0.84990124	      0.84983830	      0.84509495	      0.83582995	      0.83620768	      0.81261736	      0.81756182	
   1.9699501e+08	      0.87868022	      0.88414518	      0.85711739	      0.86115386	      0.84780401	      0.84915114	      0.84479403	      0.84597534	      0.83168574	      0.83561692	      0.81517089	      0.81865968	
   1.9707501e+08	      0.87801870	      0.88112688	      0.85490034	      0.85995144	      0.84589136	      0.84575518	      0.84281979	      0.84513514	      0.83282847	      0.83662306	      0.81381983	      0.81469366	
   1.9715501e+08	      0.87929643	      0.87812996	      0.85455153	      0.85918582	      0.84428064	      0.84510076	      0.84679952	      0.84710898	      0.83034519	      0.83199180	      0.81197634	      0.81652298	
   1.9723501e+08	      0.87934832	      0.87508465	      0.85202187	      0.86103367	      0.84173123	      0.84467857	      0.84547607	      0.84930472	      0.82910369	      0.83376458	      0.81551979	      0.81490235	
   1.9731501e+08	      0.87441849	      0.87260532	      0.85133335	      0.85781481	      0.84160914	      0.84428149	      0.84105469	      0.84824878	      0.82856350	      0.83054707	      0.81076734	      0.81234789	
   1.9739501e+08	      0.87481766	      0.86991712	      0.84992078	      0.85579226	      0.84117933	      0.84418256	      0.84513215	      0.84468930	      0.82751567	      0.82820045	      0.81235554	      0.81567820	
   1.9747501e+08	      0.87074757	      0.87177898	      0.85025685	      0.85593128	      0.84190783	      0.84323822	      0.84583978	      0.84192419	      0.82816195	      0.82893610	      0.81182667	      0.81125248	
   1.9755501e+08	      0.86870254	      0.86606697	      0.85024938	      0.85576992	      0.84127944	      0.84372656	      0.83861048	      0.84380223	      0.82743466	      0.82547727	      0.80971800	      0.81399822	
   1.9763501e+08	      0.86776724	      0.87119699	      0.85667512	      0.86167951	      0.84292365	      0.84450180	      0.84645341	      0.84154493	      0.83096901	      0.82923158	      0.81209018	      0.81067975	
   1.9771501e+08	      0.86644975	      0.86853497	      0.85588631	      0.86287374	      0.83700605	      0.84117642	      0.84182260	      0.84146134	      0.82603519	      0.82826436	      0.80048670	      0.80460688	
   1.9779501e+08	       0.0000000	       0.0000000	       0.0000000	       0.0000000	       0.0000000	       0.0000000	       0.0000000	       0.0000000	       0.0000000	       0.0000000	       0.0000000	       0.0000000	
