  1.38915e+08	      1.36179	      1.32846	      1.32480	      1.30344	      1.43204	      1.38277	      1.72052	      1.50065	      1.62172	      1.52206	      1.67146	      1.57712	
  1.38995e+08	     0.977793	     0.967277	     0.960641	     0.947125	     0.930169	     0.941554	     0.928759	     0.928787	     0.941745	     0.950555	     0.970109	     0.985398	
  1.39075e+08	     0.992231	     0.992459	     0.985994	     0.980390	     0.947510	     0.963150	     0.930351	     0.931122	     0.957792	     0.968079	     0.973371	     0.997959	
  1.39155e+08	     0.994586	     0.992523	     0.991968	     0.980591	     0.953948	     0.973161	     0.918338	     0.934871	     0.958797	     0.967014	     0.975225	     0.995672	
  1.39235e+08	      1.00239	     0.989511	     0.997096	     0.969460	     0.965387	     0.967857	     0.922924	     0.934930	     0.957264	     0.964133	     0.969703	      1.00460	
  1.39315e+08	     0.996498	     0.987512	     0.997094	     0.979289	     0.958850	     0.964667	     0.922270	     0.936717	     0.953342	     0.961138	     0.961800	     0.996209	
  1.39395e+08	     0.997463	     0.996962	     0.994911	     0.979194	     0.957922	     0.967778	     0.915472	     0.936082	     0.951111	     0.961063	     0.976647	     0.994142	
  1.39475e+08	     0.995238	     0.992620	     0.987914	     0.974243	     0.956854	     0.962793	     0.931497	     0.950248	     0.946607	     0.966057	     0.971011	     0.995129	
  1.39555e+08	     0.987832	     0.993906	     0.996037	     0.979036	     0.953776	     0.966718	     0.925680	     0.932978	     0.944906	     0.956532	     0.976191	     0.990591	
  1.39635e+08	      1.00240	     0.990432	     0.991109	     0.980914	     0.963992	     0.965447	     0.924098	     0.939825	     0.946974	     0.952504	     0.976528	     0.986053	
  1.39715e+08	      1.00467	     0.989149	     0.991375	     0.979331	     0.962377	     0.963195	     0.925580	     0.931088	     0.947192	     0.963758	     0.971947	     0.983713	
  1.39795e+08	     0.994398	      1.00410	     0.993697	     0.976003	     0.963142	     0.967808	     0.928083	     0.927984	     0.949082	     0.956212	     0.960901	     0.975387	
  1.39875e+08	      1.00060	     0.992119	     0.986697	     0.980522	     0.963388	     0.969153	     0.939146	     0.930597	     0.941148	     0.955684	     0.964430	     0.967667	
  1.39955e+08	      1.00110	     0.996710	     0.995299	     0.975891	     0.956897	     0.962740	     0.934437	     0.948875	     0.938740	     0.956851	     0.970889	     0.977467	
  1.40035e+08	     0.984943	     0.977707	     0.975351	     0.958576	     0.937502	     0.953749	     0.928561	     0.938198	     0.922412	     0.942339	     0.961618	     0.970046	
  1.40115e+08	      1.35386	      1.32138	      1.32345	      1.29964	      1.42514	      1.37741	      1.72085	      1.50005	      1.60555	      1.51894	      1.66659	      1.56931	
  1.40195e+08	      1.35063	      1.31753	      1.32372	      1.29932	      1.42322	      1.37543	      1.71879	      1.49795	      1.61076	      1.51586	      1.66159	      1.56411	
  1.40275e+08	     0.987226	     0.969950	     0.954169	     0.953814	     0.931390	     0.943514	     0.935426	     0.934043	     0.925767	     0.933680	     0.956900	     0.967403	
  1.40355e+08	     0.997630	     0.990453	     0.974009	     0.973596	     0.953748	     0.970047	     0.933840	     0.939474	     0.940421	     0.952047	     0.981010	     0.988982	
  1.40435e+08	     0.996537	     0.994370	     0.974682	     0.975354	     0.962440	     0.965764	     0.948430	     0.945548	     0.938410	     0.952793	     0.981069	     0.982560	
  1.40515e+08	     0.993216	     0.988075	     0.985676	     0.970695	     0.960570	     0.964367	     0.937562	     0.948166	     0.943569	     0.952297	     0.980225	     0.992684	
  1.40595e+08	     0.989655	     0.993041	     0.977095	     0.966928	     0.970453	     0.969073	     0.938155	     0.953514	     0.942804	     0.951792	     0.973974	     0.982894	
  1.40675e+08	     0.994344	     0.989716	     0.975499	     0.968874	     0.962259	     0.974731	     0.934378	     0.941093	     0.937749	     0.951586	     0.973146	     0.989021	
  1.40755e+08	      1.00270	      1.00140	     0.970774	     0.966170	     0.967025	     0.974558	     0.937126	     0.947702	     0.935547	     0.952945	     0.963216	     0.982595	
  1.40835e+08	      1.00737	     0.998265	     0.977354	     0.964601	     0.970380	     0.977010	     0.943260	     0.945706	     0.936597	     0.956825	     0.967804	     0.984856	
  1.40915e+08	      1.00753	     0.994303	     0.971471	     0.958692	     0.967501	     0.978218	     0.939175	     0.949304	     0.938337	     0.954549	     0.966593	     0.986521	
  1.40995e+08	      1.00074	     0.993125	     0.976170	     0.960608	     0.967107	     0.977840	     0.919680	     0.941797	     0.937433	     0.950562	     0.958320	     0.981193	
  1.41075e+08	      1.00427	     0.996496	     0.975820	     0.968357	     0.974572	     0.983899	     0.935070	     0.957237	     0.936631	     0.950191	     0.967884	     0.978859	
  1.41155e+08	     0.995922	     0.990723	     0.975962	     0.965041	     0.967266	     0.981366	     0.954763	     0.960548	     0.938200	     0.957144	     0.949180	     0.978207	
  1.41235e+08	     0.988630	     0.990422	     0.974155	     0.976085	     0.970978	     0.986929	     0.923841	     0.943182	     0.940075	     0.944173	     0.953909	     0.971911	
  1.41315e+08	     0.980471	     0.972230	     0.962464	     0.962680	     0.951056	     0.960407	     0.912183	     0.930749	     0.919361	     0.936968	     0.949660	     0.964265	
  1.41395e+08	      1.34316	      1.31154	      1.31985	      1.29819	      1.42263	      1.37160	      1.71168	      1.49430	      1.61112	      1.50948	      1.65307	      1.55746	
  1.41475e+08	      1.35161	      1.31364	      1.32673	      1.30502	      1.42485	      1.37729	      1.70524	      1.50328	      1.62059	      1.51360	      1.65711	      1.56172	
  1.41555e+08	     0.971218	     0.966611	     0.962222	     0.949958	     0.950979	     0.961346	     0.912691	     0.932382	     0.932373	     0.944353	     0.948568	     0.960554	
  1.41635e+08	     0.993338	     0.989272	     0.982771	     0.983493	     0.967999	     0.980136	     0.929017	     0.956694	     0.950986	     0.955261	     0.956145	     0.978712	
  1.41715e+08	     0.988102	     0.986082	     0.987626	     0.974881	     0.962389	     0.979023	     0.940917	     0.947216	     0.949658	     0.959314	     0.963548	     0.982863	
  1.41795e+08	     0.992796	     0.998503	     0.993531	     0.977394	     0.967766	     0.977179	     0.943398	     0.943569	     0.949016	     0.957297	     0.970545	     0.978139	
  1.41875e+08	     0.984816	     0.991000	     0.981711	     0.974560	     0.967312	     0.979727	     0.945824	     0.931166	     0.948090	     0.958451	     0.973643	     0.976019	
  1.41955e+08	     0.997625	     0.989437	     0.975392	     0.973616	     0.970608	     0.968646	     0.941139	     0.935536	     0.952043	     0.959570	     0.974177	     0.988007	
  1.42035e+08	     0.990174	     0.985653	     0.978330	     0.976345	     0.966417	     0.973793	     0.937205	     0.948031	     0.939248	     0.959820	     0.971195	     0.990969	
  1.42115e+08	     0.989843	     0.980398	     0.984019	     0.967749	     0.970283	     0.972447	     0.948014	     0.941496	     0.940882	     0.956611	     0.969923	     0.983638	
  1.42195e+08	     0.988373	     0.982201	     0.971413	     0.971117	     0.966996	     0.976596	     0.955182	     0.953539	     0.939247	     0.958667	     0.981621	     0.984957	
  1.42275e+08	     0.991184	     0.984082	     0.982213	     0.968855	     0.970600	     0.973052	     0.948261	     0.956773	     0.938960	     0.954009	     0.976628	     0.986789	
  1.42355e+08	     0.987643	     0.988997	     0.975112	     0.975078	     0.973257	     0.973563	     0.955309	     0.964507	     0.950258	     0.953096	     0.974445	     0.994878	
  1.42435e+08	     0.995695	     0.992590	     0.968501	     0.968518	     0.970514	     0.971993	     0.951922	     0.954462	     0.942984	     0.949062	     0.978213	     0.986041	
  1.42515e+08	     0.992650	     0.988513	     0.974205	     0.959623	     0.971709	     0.974736	     0.959438	     0.957278	     0.951006	     0.954444	     0.980548	     0.980005	
  1.42595e+08	     0.983803	     0.980202	     0.938625	     0.946259	     0.954644	     0.961006	     0.946209	     0.950620	     0.927666	     0.942265	     0.966842	     0.978953	
  1.42675e+08	      1.35090	      1.30934	      1.32427	      1.30499	      1.41942	      1.37580	      1.70245	      1.50318	      1.61895	      1.50995	      1.65368	      1.55519	
  1.42755e+08	      1.34960	      1.31179	      1.33143	      1.30872	      1.42250	      1.38216	      1.70899	      1.51237	      1.62547	      1.51700	      1.65822	      1.55724	
  1.42835e+08	     0.979623	     0.967576	     0.943688	     0.942599	     0.947206	     0.954180	     0.941076	     0.942293	     0.925661	     0.940674	     0.972265	     0.981568	
  1.42915e+08	     0.995725	     0.982210	     0.970092	     0.966117	     0.970726	     0.968820	     0.955408	     0.961048	     0.952870	     0.959694	     0.992867	     0.996847	
  1.42995e+08	     0.995382	     0.984629	     0.972861	     0.963748	     0.963941	     0.976041	     0.928955	     0.958529	     0.953264	     0.952633	      1.00220	     0.998955	
  1.43075e+08	     0.989685	     0.986323	     0.960237	     0.959593	     0.973450	     0.976010	     0.959493	     0.961401	     0.954488	     0.960591	     0.994463	      1.00146	
  1.43155e+08	     0.994894	     0.984164	     0.962157	     0.957664	     0.960389	     0.974910	     0.940190	     0.956782	     0.956315	     0.962621	     0.990287	      1.00274	
  1.43235e+08	     0.994517	     0.986384	     0.954162	     0.955441	     0.959161	     0.974985	     0.945638	     0.967710	     0.948900	     0.967002	     0.986747	     0.995960	
  1.43315e+08	     0.996180	     0.988359	     0.954281	     0.950290	     0.961878	     0.977875	     0.945662	     0.964343	     0.966536	     0.971455	     0.988459	     0.998601	
  1.43395e+08	     0.985985	     0.992581	     0.951290	     0.951777	     0.962585	     0.972197	     0.962722	     0.966040	     0.971560	     0.970071	     0.994366	      1.00035	
  1.43475e+08	     0.990911	     0.990690	     0.949440	     0.951237	     0.956527	     0.971202	     0.967683	     0.976065	     0.966524	     0.970240	     0.980261	     0.996988	
  1.43555e+08	     0.997949	     0.994900	     0.952386	     0.950548	     0.958982	     0.967743	     0.973792	     0.974974	     0.975602	     0.977153	     0.981908	      1.00065	
  1.43635e+08	      1.00279	      1.00030	     0.953282	     0.955401	     0.958321	     0.969092	     0.974387	     0.976287	     0.971058	     0.979988	     0.984682	     0.996523	
  1.43715e+08	      1.00134	     0.994577	     0.948525	     0.955539	     0.953575	     0.972929	     0.971003	     0.980767	     0.966814	     0.981094	     0.980275	     0.997640	
  1.43795e+08	      1.00221	     0.993696	     0.949787	     0.953768	     0.948528	     0.957862	     0.967200	     0.985072	     0.968267	     0.977832	     0.978239	     0.984859	
  1.43875e+08	     0.984347	     0.983775	     0.938491	     0.943263	     0.936371	     0.945737	     0.955691	     0.963694	     0.958161	     0.965353	     0.971013	     0.974122	
  1.43955e+08	      1.34904	      1.30357	      1.33691	      1.31433	      1.42125	      1.38510	      1.71372	      1.52121	      1.62763	      1.51981	      1.65722	      1.55499	
  1.44035e+08	      1.36342	      1.31583	      1.34579	      1.32793	      1.43141	      1.39563	      1.74070	      1.52639	      1.63282	      1.53119	      1.66536	      1.56313	
  1.44115e+08	     0.978211	     0.970527	     0.936043	     0.936675	     0.939782	     0.954517	     0.959431	     0.958841	     0.955028	     0.951126	     0.976251	     0.985742	
  1.44195e+08	     0.989623	     0.996029	     0.950512	     0.957373	     0.964198	     0.972690	     0.979893	     0.980046	     0.972912	     0.967582	     0.990473	     0.993754	
  1.44275e+08	     0.997395	     0.994646	     0.955768	     0.955776	     0.970044	     0.978223	     0.986049	     0.983910	     0.972594	     0.978644	     0.998325	     0.999437	
  1.44355e+08	     0.989914	     0.991654	     0.957348	     0.961927	     0.967217	     0.974127	     0.981534	     0.989354	     0.970894	     0.982137	     0.988687	     0.998416	
  1.44435e+08	     0.995080	     0.988468	     0.958151	     0.961491	     0.971645	     0.977994	     0.972302	     0.992875	     0.972321	     0.979749	     0.985146	     0.990609	
  1.44515e+08	     0.996112	     0.990955	     0.966390	     0.968535	     0.970415	     0.984817	     0.986500	     0.996941	     0.968023	     0.979181	     0.984343	     0.994966	
  1.44595e+08	     0.997148	     0.988649	     0.968911	     0.967873	     0.975333	     0.980644	     0.989590	     0.982301	     0.963908	     0.976971	     0.981566	     0.985361	
  1.44675e+08	     0.991153	     0.990373	     0.976376	     0.973304	     0.974545	     0.979325	     0.982288	     0.984065	     0.967726	     0.978148	     0.989241	     0.994413	
  1.44755e+08	     0.996189	     0.988670	     0.973934	     0.975096	     0.976839	     0.980683	     0.992458	     0.990067	     0.967562	     0.980147	     0.993534	     0.994719	
  1.44835e+08	     0.998214	     0.991180	     0.976808	     0.975222	     0.975642	     0.988793	     0.970053	     0.982141	     0.971651	     0.984523	     0.990523	     0.991065	
  1.44915e+08	     0.998701	     0.985823	     0.976888	     0.978371	     0.981483	     0.992563	     0.971842	     0.983388	     0.970558	     0.980773	     0.975477	     0.999854	
  1.44995e+08	     0.999976	     0.989331	     0.977918	     0.978273	     0.984008	     0.990911	     0.976046	     0.973300	     0.961064	     0.979999	     0.988673	      1.00396	
  1.45075e+08	      1.00029	     0.986438	     0.974893	     0.980952	     0.979429	     0.984181	     0.959287	     0.980434	     0.968077	     0.976157	     0.998274	      1.00041	
  1.45155e+08	     0.985089	     0.970087	     0.957333	     0.965598	     0.969274	     0.977103	     0.942927	     0.970891	     0.963023	     0.962992	     0.988111	     0.988841	
  1.45235e+08	      1.36592	      1.32255	      1.35294	      1.33580	      1.43676	      1.40395	      1.74814	      1.54108	      1.64258	      1.53903	      1.67483	      1.56856	
  1.45315e+08	      1.37765	      1.33556	      1.36927	      1.35078	      1.45554	      1.41798	      1.76804	      1.55810	      1.65983	      1.55566	      1.68942	      1.58359	
  1.45395e+08	     0.984474	     0.973877	     0.967491	     0.969413	     0.970455	     0.981574	     0.955384	     0.968188	     0.967607	     0.979886	     0.990723	     0.995473	
  1.45475e+08	      1.00372	     0.989790	     0.987056	     0.986186	     0.991243	     0.999534	     0.985563	     0.986714	     0.985569	     0.999727	      1.00822	      1.01279	
  1.45555e+08	     0.989535	     0.995944	     0.989115	     0.989735	     0.988741	     0.990116	     0.984277	     0.986817	     0.993121	     0.996138	      1.01245	      1.00910	
  1.45635e+08	      1.00300	     0.988043	     0.992151	     0.986790	     0.992455	     0.987559	     0.974512	     0.982484	     0.991005	     0.999541	      1.00680	      1.00489	
  1.45715e+08	     0.997775	     0.994480	     0.998281	     0.991847	     0.987978	     0.994220	     0.978727	     0.987115	     0.979286	     0.985744	     0.998833	      1.00595	
  1.45795e+08	     0.999967	     0.993797	     0.981154	     0.990678	     0.990094	     0.993108	     0.968369	     0.992396	     0.977153	     0.995434	     0.996482	      1.00917	
  1.45875e+08	      1.00364	     0.993945	     0.988296	     0.988669	     0.989525	     0.995019	     0.989013	     0.993334	     0.986432	     0.982780	      1.00164	      1.01105	
  1.45955e+08	     0.998532	     0.995107	     0.986890	     0.994858	     0.998791	     0.998420	      1.00122	      1.00286	     0.978321	     0.987282	      1.00502	      1.01263	
  1.46035e+08	      1.00490	     0.988975	     0.997245	     0.997647	     0.994662	      1.00600	     0.994461	      1.00401	     0.980356	     0.988128	      1.01029	      1.01701	
  1.46115e+08	     0.995340	     0.992881	     0.998216	      1.00340	     0.996854	      1.00186	     0.983576	      1.00123	     0.990599	     0.992437	      1.01769	      1.01564	
  1.46195e+08	     0.993068	     0.989108	     0.995453	      1.00002	     0.998865	      1.00177	     0.994593	     0.996969	     0.989451	     0.998053	      1.00588	      1.01513	
  1.46275e+08	     0.991708	     0.977117	     0.999199	      1.00619	     0.993909	      1.00298	      1.00126	     0.995970	     0.989111	     0.997610	      1.00417	      1.01127	
  1.46355e+08	     0.990299	     0.983219	     0.994071	      1.00063	     0.993344	      1.00401	     0.996033	      1.00024	     0.993882	     0.998653	      1.00747	      1.01882	
  1.46435e+08	     0.971421	     0.976399	     0.985153	     0.983707	     0.984764	     0.984669	     0.993332	     0.986735	     0.976426	     0.985083	     0.999319	      1.01182	
  1.46515e+08	      1.38184	      1.34118	      1.37541	      1.36280	      1.45883	      1.42593	      1.77594	      1.56574	      1.66952	      1.56298	      1.68998	      1.58776	
  1.46595e+08	      1.39463	      1.35601	      1.39714	      1.38082	      1.48415	      1.44540	      1.80263	      1.58253	      1.69182	      1.58363	      1.70574	      1.60770	
  1.46675e+08	     0.970808	     0.972489	     0.977824	     0.983193	     0.980979	     0.988244	     0.974007	     0.992060	     0.983388	     0.985204	     0.992419	      1.00081	
  1.46755e+08	     0.988398	     0.984535	      1.00528	      1.00248	      1.00384	      1.01178	      1.00934	     0.995998	     0.998645	      1.00590	      1.00827	      1.01474	
  1.46835e+08	      1.00183	     0.988235	      1.00120	      1.01301	      1.00849	      1.01643	      1.00098	      1.00814	      1.00008	      1.00667	      1.00582	      1.01456	
  1.46915e+08	     0.989828	     0.998725	      1.00268	      1.01388	     0.999083	      1.00718	      1.00344	      1.00937	     0.996510	     0.999052	      1.00591	      1.01569	
  1.46995e+08	     0.993231	      1.00585	      1.00467	      1.01343	      1.00025	      1.01602	      1.01531	      1.01233	     0.996426	      1.00238	      1.00772	      1.02304	
  1.47075e+08	     0.996408	     0.997081	      1.00447	      1.01100	      1.00856	      1.00715	      1.00466	      1.01406	     0.995629	     0.999152	      1.01217	      1.01606	
  1.47155e+08	     0.996909	     0.996669	      1.00418	      1.00962	      1.00176	      1.00624	      1.00290	      1.00949	     0.990775	      1.00152	      1.00992	      1.02473	
  1.47235e+08	     0.998028	     0.998749	      1.00199	      1.00636	      1.00249	      1.00925	      1.00441	     0.999027	     0.989728	      1.00377	      1.01227	      1.02237	
  1.47315e+08	     0.991805	     0.992318	      1.00402	      1.00510	      1.00228	      1.00498	      1.00116	      1.00397	     0.993328	      1.00128	      1.01714	      1.01733	
  1.47395e+08	     0.992603	     0.998379	     0.996525	      1.00865	      1.00188	      1.00858	     0.986081	      1.00469	     0.987143	     0.998050	      1.02147	      1.02929	
  1.47475e+08	     0.997517	     0.991976	     0.999886	      1.00818	     0.999906	      1.00927	     0.989217	     0.992183	     0.990112	      1.00254	      1.01655	      1.02726	
  1.47555e+08	     0.999880	      1.00281	      1.00012	      1.00888	      1.00862	      1.01036	     0.995506	     0.999424	     0.999517	     0.999814	      1.01253	      1.03408	
  1.47635e+08	     0.989388	      1.00131	     0.998033	      1.00343	      1.00104	      1.00907	      1.00455	     0.997397	      1.00096	      1.00386	      1.01811	      1.03150	
  1.47715e+08	     0.985597	     0.987880	     0.988665	     0.996705	     0.981983	     0.995250	     0.983289	     0.994433	     0.983615	     0.993412	      1.01146	      1.01811	
  1.47795e+08	      1.39895	      1.35998	      1.40607	      1.39067	      1.49310	      1.44838	      1.81307	      1.59377	      1.70004	      1.58997	      1.71050	      1.61421	
  1.47875e+08	      1.41212	      1.37884	      1.41691	      1.40193	      1.50852	      1.45745	      1.82366	      1.60681	      1.70526	      1.59801	      1.71748	      1.61881	
  1.47955e+08	     0.990483	     0.992005	     0.993486	     0.991912	     0.983308	     0.995192	     0.996830	     0.990252	     0.994406	     0.994929	      1.00928	      1.01923	
  1.48035e+08	      1.00884	      1.01328	      1.01657	      1.01439	     0.999676	      1.01145	      1.01463	      1.01931	      1.01674	      1.01684	      1.03011	      1.03348	
  1.48115e+08	     0.999794	      1.01232	      1.02072	      1.01461	      1.00775	      1.01457	      1.01551	      1.02549	      1.01766	      1.01888	      1.03477	      1.03561	
  1.48195e+08	      1.00856	      1.01741	      1.01644	      1.01990	      1.00999	      1.02087	      1.00626	      1.01393	      1.01842	      1.01843	      1.02872	      1.03751	
  1.48275e+08	      1.01105	      1.02037	      1.01457	      1.01601	     0.999365	      1.01802	      1.02346	      1.01513	      1.01780	      1.02226	      1.01959	      1.03547	
  1.48355e+08	      1.01002	      1.00868	      1.01961	      1.01859	      1.00677	      1.01563	      1.01120	     0.997167	      1.01598	      1.02193	      1.02704	      1.03300	
  1.48435e+08	      1.00520	      1.01758	      1.01504	      1.02035	      1.00299	      1.01020	     0.997060	      1.01591	      1.01894	      1.02301	      1.02488	      1.03566	
  1.48515e+08	      1.00540	      1.01324	      1.01878	      1.02751	      1.00320	      1.01983	      1.01133	      1.01466	      1.02967	      1.02567	      1.02126	      1.03414	
  1.48595e+08	      1.01073	      1.01921	      1.01342	      1.01943	      1.00544	      1.01263	      1.00996	      1.00979	      1.01563	      1.01422	      1.01633	      1.03040	
  1.48675e+08	      1.00925	      1.01587	      1.01370	      1.01616	      1.00740	      1.01652	      1.02049	      1.01235	      1.01978	      1.02337	      1.01834	      1.03424	
  1.48755e+08	      1.02541	      1.02445	      1.01905	      1.02258	      1.01485	      1.01855	      1.01341	      1.02263	      1.01841	      1.01949	      1.02355	      1.03783	
  1.48835e+08	      1.02791	      1.02429	      1.02400	      1.02001	      1.01555	      1.02900	      1.00943	      1.02102	      1.02270	      1.01749	      1.02437	      1.03130	
  1.48915e+08	      1.02332	      1.02719	      1.02307	      1.01621	      1.01945	      1.03028	      1.01957	      1.02308	      1.01215	      1.01480	      1.02216	      1.02687	
  1.48995e+08	      1.01302	      1.01061	     0.999213	      1.00234	     0.996837	      1.01573	      1.00832	      1.01411	      1.00512	      1.01190	      1.00898	      1.02006	
  1.49075e+08	      1.41228	      1.38025	      1.42049	      1.40302	      1.50566	      1.45917	      1.82306	      1.61075	      1.70372	      1.59593	      1.71504	      1.61911	
  1.49155e+08	      1.41404	      1.38189	      1.42971	      1.41367	      1.51849	      1.46114	      1.83628	      1.61739	      1.68955	      1.60169	      1.71878	      1.62433	
  1.49235e+08	      1.00488	      1.00113	     0.988305	     0.996170	      1.00523	      1.01310	      1.00526	      1.01751	      1.00838	      1.00430	      1.00306	      1.01023	
  1.49315e+08	      1.02426	      1.02521	      1.01298	      1.02348	      1.02386	      1.02642	      1.02313	      1.02379	      1.02826	      1.02637	      1.03691	      1.03664	
  1.49395e+08	      1.01884	      1.02943	      1.01862	      1.02566	      1.01699	      1.02087	      1.03837	      1.02421	      1.02872	      1.02579	      1.02941	      1.04790	
  1.49475e+08	      1.03035	      1.02981	      1.01804	      1.02516	      1.02130	      1.02555	      1.01898	      1.02730	      1.02841	      1.02746	      1.03939	      1.03441	
  1.49555e+08	      1.03626	      1.03551	      1.02440	      1.02167	      1.02217	      1.02923	      1.02701	      1.01325	      1.02817	      1.03283	      1.04184	      1.04230	
  1.49635e+08	      1.02708	      1.03484	      1.01404	      1.02672	      1.01505	      1.02985	      1.03209	      1.02190	      1.02636	      1.03067	      1.03272	      1.04409	
  1.49715e+08	      1.02581	      1.03982	      1.01533	      1.02190	      1.01819	      1.02789	      1.04125	      1.03810	      1.03125	      1.03009	      1.04028	      1.04860	
  1.49795e+08	      1.02713	      1.02092	      1.01574	      1.01709	      1.01953	      1.02855	      1.04230	      1.04731	      1.02902	      1.02750	      1.03842	      1.05056	
  1.49875e+08	      1.02717	      1.03589	      1.01628	      1.02036	      1.01870	      1.02570	      1.04141	      1.03646	      1.02970	      1.02694	      1.03987	      1.04769	
  1.49955e+08	      1.02301	      1.02553	      1.01872	      1.01575	      1.01669	      1.02756	      1.03434	      1.03487	      1.02823	      1.03050	      1.03895	      1.05381	
  1.50035e+08	      1.02263	      1.02254	      1.01485	      1.01998	      1.01422	      1.02080	      1.03346	      1.02789	      1.03051	      1.02719	      1.04667	      1.04683	
  1.50115e+08	      1.02577	      1.02621	      1.01091	      1.02100	      1.01840	      1.02025	      1.05479	      1.03215	      1.01946	      1.02539	      1.04755	      1.04501	
  1.50195e+08	      1.02026	      1.02588	      1.01424	      1.01773	      1.01792	      1.02449	      1.03376	      1.02291	      1.02643	      1.03022	      1.04486	      1.04798	
  1.50275e+08	      1.00516	      1.00892	     0.996077	      1.00200	     0.998873	      1.00554	      1.00871	      1.01237	      1.01114	      1.01344	      1.02942	      1.02445	
  1.50355e+08	      1.40992	      1.37819	      1.42767	      1.41516	      1.51624	      1.46566	      1.83839	      1.61769	      1.68578	      1.59854	      1.70765	      1.62240	
  1.50435e+08	      1.39698	      1.37692	      1.42956	      1.41395	      1.51391	      1.46513	      1.84100	      1.60941	      1.68394	      1.60177	      1.70211	      1.61777	
  1.50515e+08	     0.993078	      1.00136	     0.996771	     0.993544	      1.00259	      1.00299	      1.01383	      1.01250	      1.00553	      1.00682	      1.02143	      1.02011	
  1.50595e+08	     0.965802	      1.02941	      1.00489	      1.01653	      1.00922	      1.02709	      1.02650	      1.01923	      1.00188	      1.03050	      1.01886	      1.02827	
  1.50675e+08	      1.01265	      1.02111	      1.01527	      1.02175	      1.02776	      1.02805	      1.02347	      1.02958	      1.03195	      1.02890	      1.04915	      1.04552	
  1.50755e+08	      1.01581	      1.02096	      1.00871	      1.01861	      1.02961	      1.03201	      1.03154	      1.03044	      1.02417	      1.02358	      1.04844	      1.04785	
  1.50835e+08	      1.01834	      1.01563	      1.01494	      1.01954	      1.02446	      1.02535	      1.03337	      1.02914	      1.03284	      1.03228	      1.04716	      1.04632	
  1.50915e+08	      1.02986	      1.02656	      1.01127	      1.01649	      1.02296	      1.02587	      1.03912	      1.03029	      1.01274	      1.03164	      1.04363	      1.05359	
  1.50995e+08	      1.02181	      1.02638	      1.02203	      1.02103	      1.02637	      1.03169	      1.02678	      1.03187	      1.02074	      1.02220	      1.02854	      1.04138	
  1.51075e+08	      1.02366	      1.02288	      1.02126	      1.01955	      1.02707	      1.03098	      1.01429	      1.03621	      1.03018	      1.02537	      1.02250	      1.04056	
  1.51155e+08	      1.01654	      1.01829	      1.01728	      1.02572	      1.03059	      1.02599	      1.01578	      1.03622	      1.01863	      1.03143	      1.02298	      1.03652	
  1.51235e+08	      1.02644	      1.03056	      1.02270	      1.02087	      1.03318	      1.03068	      1.02609	      1.03539	      1.02345	      1.03203	      1.03346	      1.03170	
  1.51315e+08	      1.02194	      1.01597	      1.01254	      1.01768	      1.02963	      1.03215	      1.03899	      1.02281	      1.02424	      1.03016	      1.01255	      1.03761	
  1.51395e+08	     0.994622	      1.02201	      1.00573	     0.995621	      1.00413	      1.01746	      1.03383	      1.02269	      1.01643	      1.02717	      1.01896	      1.01886	
  1.51475e+08	      1.02402	      1.01421	      1.02057	      1.02270	      1.02456	      1.02524	      1.02023	      1.02578	      1.01842	      1.02104	      1.01803	      1.02663	
  1.51555e+08	     0.996697	     0.994204	     0.996615	      1.00290	      1.00450	      1.01495	      1.01735	      1.00312	      1.00443	      1.01600	      1.01223	      1.01064	
  1.51635e+08	      1.38977	      1.37028	      1.42187	      1.40772	      1.50678	      1.45899	      1.82939	      1.60658	      1.69251	      1.59627	      1.69911	      1.60408	
  1.51715e+08	      1.38562	      1.36705	      1.41966	      1.40577	      1.50275	      1.45482	      1.82113	      1.60444	      1.69185	      1.59118	      1.69157	      1.59174	
  1.51795e+08	     0.998388	     0.995910	     0.992047	     0.996055	      1.00413	      1.01015	     0.988997	      1.00237	      1.01254	      1.01742	      1.00375	      1.00619	
  1.51875e+08	      1.00975	      1.00289	      1.01179	      1.01455	      1.02404	      1.02668	      1.01057	      1.02152	      1.03150	      1.03465	      1.02717	      1.02557	
  1.51955e+08	      1.00707	      1.00775	      1.01711	      1.02258	      1.03041	      1.03547	      1.02088	      1.01923	      1.03335	      1.03175	      1.01779	      1.03137	
  1.52035e+08	      1.00776	      1.00989	      1.00977	      1.02193	      1.02397	      1.02916	      1.01117	      1.01326	      1.03128	      1.03354	      1.02042	      1.02725	
  1.52115e+08	      1.01209	      1.00198	      1.00439	      1.00896	      1.02627	      1.02488	      1.00444	      1.01648	      1.03845	      1.03137	      1.02129	      1.03075	
  1.52195e+08	      1.01189	      1.00343	      1.00516	      1.01079	      1.01675	      1.02315	      1.00824	      1.00990	      1.03415	      1.03796	      1.02008	      1.02871	
  1.52275e+08	      1.01149	      1.00473	      1.00788	      1.01597	      1.01891	      1.03197	      1.02061	      1.00345	      1.03247	      1.04283	      1.01744	      1.03264	
  1.52355e+08	      1.00883	      1.00274	      1.00476	      1.01107	      1.02162	      1.02262	      1.01483	      1.01643	      1.03233	      1.03091	      1.02015	      1.02436	
  1.52435e+08	      1.00871	      1.00661	      1.00434	      1.00867	      1.02234	      1.02857	      1.00830	      1.01079	      1.02930	      1.03099	      1.02257	      1.02133	
  1.52515e+08	      1.00746	      1.00734	      1.00137	      1.00736	      1.02323	      1.02677	      1.02739	      1.02300	      1.02881	      1.03454	      1.01943	      1.01952	
  1.52595e+08	      1.01165	      1.02088	     0.997814	      1.00742	      1.02221	      1.02888	      1.00594	      1.02384	      1.02463	      1.02713	      1.01707	      1.01888	
  1.52675e+08	      1.00699	      1.01739	      1.00414	      1.00428	      1.02920	      1.02971	     0.984728	      1.01343	      1.02165	      1.02490	      1.01958	      1.02262	
  1.52755e+08	      1.01309	      1.02211	      1.00381	      1.00109	      1.03295	      1.03208	      1.00943	      1.01507	      1.01894	      1.02062	      1.01677	      1.01776	
  1.52835e+08	      1.00336	     0.991357	     0.987635	     0.983707	      1.00843	      1.01441	     0.993303	      1.00573	      1.00593	      1.01927	     0.993449	      1.00703	
  1.52915e+08	      1.37863	      1.35934	      1.41301	      1.39983	      1.49485	      1.43958	      1.81083	      1.59821	      1.68082	      1.58255	      1.67222	      1.57922	
  1.52995e+08	      1.37818	      1.35701	      1.41006	      1.39744	      1.48643	      1.43401	      1.80422	      1.59582	      1.67578	      1.57728	      1.66726	      1.57122	
  1.53075e+08	     0.997881	     0.989771	     0.980424	     0.979504	      1.00154	      1.00603	     0.988657	      1.00631	      1.01426	      1.01880	     0.998385	     0.996651	
  1.53155e+08	      1.00983	      1.01862	     0.996369	     0.997447	      1.02248	      1.02811	      1.02596	      1.03076	      1.03534	      1.03118	      1.02052	      1.02094	
  1.53235e+08	      1.01782	      1.01325	      1.00005	     0.998891	      1.02425	      1.02966	      1.01744	      1.01296	      1.03417	      1.03709	      1.02511	      1.02167	
  1.53315e+08	      1.00852	      1.00778	      1.00148	     0.991382	      1.02720	      1.02576	      1.01747	      1.01151	      1.02421	      1.03221	      1.02802	      1.01956	
  1.53395e+08	      1.00888	      1.00623	     0.987878	     0.997632	      1.02745	      1.02692	      1.01128	      1.01948	      1.02522	      1.02504	      1.02017	      1.02132	
  1.53475e+08	      1.00967	      1.00734	     0.994135	     0.998497	      1.02737	      1.02544	      1.00800	      1.01464	      1.02080	      1.02583	      1.02086	      1.01906	
  1.53555e+08	      1.00805	      1.01119	     0.999899	     0.996897	      1.02489	      1.02733	      1.01242	      1.00887	      1.01418	      1.01856	      1.01174	      1.01555	
  1.53635e+08	      1.00543	     0.998860	     0.994790	     0.999137	      1.01489	      1.01803	      1.01022	      1.01004	      1.00983	      1.01761	      1.00910	      1.01651	
  1.53715e+08	      1.00680	      1.00476	     0.993897	     0.993968	      1.00386	      1.02232	      1.01207	      1.01699	      1.00917	      1.00977	      1.01198	      1.00968	
  1.53795e+08	      1.00030	      1.00230	     0.996700	     0.999599	      1.00802	      1.01695	      1.00222	      1.00739	      1.01327	      1.01077	      1.00750	      1.00508	
  1.53875e+08	      1.00307	     0.996530	     0.996574	      1.00027	      1.01070	      1.01399	     0.990914	      1.00716	      1.00565	      1.00671	      1.01308	      1.00585	
  1.53955e+08	      1.00626	     0.998822	      1.00290	     0.995880	      1.01200	      1.01372	      1.00053	      1.00659	      1.01428	      1.00854	      1.00298	     0.998761	
  1.54035e+08	     0.994686	      1.00114	     0.995346	      1.00359	      1.01001	      1.00815	      1.00685	     0.999555	      1.00450	      1.00548	      1.00023	     0.998856	
  1.54115e+08	     0.985007	     0.974935	     0.977912	     0.985548	     0.991460	     0.994826	     0.991368	     0.977911	     0.989779	     0.998742	     0.990659	     0.989964	
  1.54195e+08	      1.37728	      1.35072	      1.40430	      1.39118	      1.47741	      1.42620	      1.79633	      1.58326	      1.66685	      1.56991	      1.66118	      1.56149	
  1.54275e+08	      1.37604	      1.34873	      1.40206	      1.38994	      1.47383	      1.42210	      1.79376	      1.58970	      1.65076	      1.56585	      1.65831	      1.55438	
  1.54355e+08	     0.987984	     0.978449	     0.983106	     0.987776	     0.989198	     0.991203	     0.978411	     0.986570	     0.989925	     0.998501	     0.987969	     0.984643	
  1.54435e+08	     0.998661	      1.00142	      1.00052	      1.00768	      1.01195	      1.01104	     0.978424	      1.00051	     0.996036	      1.00935	      1.01349	      1.00540	
  1.54515e+08	      1.00271	     0.998916	      1.00445	      1.01480	      1.01598	      1.01601	     0.992123	      1.00234	      1.00217	      1.01455	      1.00031	      1.00485	
  1.54595e+08	     0.997378	      1.00037	      1.00616	      1.00993	      1.01861	      1.01754	     0.986233	     0.995215	      1.01404	      1.00855	     0.993144	      1.00024	
  1.54675e+08	     0.994285	     0.997311	      1.00444	      1.01090	      1.01831	      1.01966	     0.989210	      1.00185	      1.00578	      1.01630	      1.00856	     0.998457	
  1.54755e+08	     0.997963	     0.999702	     0.996023	      1.00902	      1.01366	      1.01405	     0.988542	      1.00349	      1.01722	      1.01595	      1.01123	     0.997615	
  1.54835e+08	     0.994360	     0.993950	     0.991611	      1.00767	      1.01892	      1.01756	     0.992581	      1.00817	      1.00755	      1.01182	      1.01411	     0.996362	
  1.54915e+08	     0.993275	      1.00181	     0.998474	      1.00319	      1.01271	      1.01996	     0.985030	     0.999225	      1.01062	      1.01482	      1.00833	      1.01091	
  1.54995e+08	     0.997968	      1.00112	     0.998335	      1.00744	      1.01924	      1.01530	     0.990173	      1.00388	      1.00333	      1.01248	      1.01075	     0.996910	
  1.55075e+08	     0.999303	     0.996747	     0.996246	      1.00216	      1.01819	      1.01180	     0.987921	     0.999363	      1.00937	      1.01150	      1.00312	     0.997470	
  1.55155e+08	     0.996547	     0.993663	     0.996517	      1.00064	      1.01265	      1.01149	     0.974954	     0.996979	      1.00828	      1.01707	      1.01407	      1.00651	
  1.55235e+08	     0.987947	     0.995458	     0.987017	      1.00495	      1.01211	      1.01093	     0.975006	     0.993883	      1.00734	      1.01643	      1.01390	      1.01110	
  1.55315e+08	     0.992145	     0.994769	     0.992541	      1.00564	      1.01164	      1.00919	     0.964193	     0.980885	      1.00172	      1.01180	      1.01473	      1.01191	
  1.55395e+08	     0.975689	     0.982903	     0.970961	     0.991471	     0.992396	     0.991022	     0.959532	     0.972779	     0.990984	     0.996544	     0.997074	     0.999328	
  1.55475e+08	      1.37198	      1.34309	      1.39397	      1.38748	      1.46874	      1.42428	      1.78733	      1.58767	      1.64467	      1.54659	      1.65472	      1.55069	
  1.55555e+08	      1.37670	      1.35187	      1.39736	      1.39251	      1.47190	      1.42641	      1.79044	      1.58326	      1.67154	      1.56049	      1.65755	      1.54926	
  1.55635e+08	     0.969812	     0.979166	     0.965628	     0.987084	     0.983400	     0.985765	     0.972020	     0.975295	     0.983969	     0.992478	      1.01302	      1.00013	
  1.55715e+08	     0.992518	      1.00066	     0.997807	      1.00284	      1.00097	      1.00667	     0.985616	     0.997494	      1.00811	      1.00749	      1.02230	      1.01105	
  1.55795e+08	     0.988990	      1.00398	     0.996350	      1.01348	      1.01429	      1.00935	     0.992089	      1.00085	      1.01062	      1.00895	      1.01741	      1.01587	
  1.55875e+08	     0.988318	      1.00086	      1.00012	      1.01233	      1.00922	      1.00888	      1.01557	      1.00111	      1.00935	      1.00651	      1.02272	      1.00993	
  1.55955e+08	     0.992383	      1.01207	      1.00368	      1.00642	      1.01066	      1.00685	     0.998920	     0.980902	      1.01196	      1.00699	      1.02763	      1.01624	
  1.56035e+08	     0.998749	     0.999734	      1.00441	      1.01120	      1.00370	     0.999684	      1.01489	      1.00824	      1.00960	      1.01462	      1.01783	      1.00585	
  1.56115e+08	     0.995288	     0.994856	      1.00246	      1.00936	      1.00583	      1.00268	      1.01226	      1.01230	      1.01074	      1.01477	      1.01478	      1.00892	
  1.56195e+08	     0.987971	      1.00296	      1.01195	      1.01403	      1.00349	      1.00086	      1.01697	      1.00842	      1.01095	      1.01823	      1.00878	      1.00710	
  1.56275e+08	     0.994452	      1.00303	      1.00642	      1.00611	      1.00486	      1.00628	     0.996949	      1.00211	      1.01607	      1.01867	      1.01116	      1.00570	
  1.56355e+08	     0.996609	      1.00510	      1.00522	      1.00757	     0.998733	      1.00514	     0.999727	      1.01022	      1.01342	      1.01385	      1.00553	      1.00707	
  1.56435e+08	     0.996859	      1.00010	      1.00496	      1.01445	     0.999273	      1.00786	     0.992003	      1.00800	      1.01979	      1.01787	      1.00906	      1.00325	
  1.56515e+08	     0.993416	      1.00106	      1.00991	      1.01842	      1.00667	      1.00064	      1.00295	      1.00649	      1.01668	      1.01574	      1.01123	      1.00483	
  1.56595e+08	     0.991617	     0.996789	      1.02082	      1.02367	     0.999639	     0.998971	     0.986075	      1.00258	      1.02083	      1.01012	      1.01624	      1.00462	
  1.56675e+08	     0.975492	     0.984099	     0.996610	      1.00284	     0.986387	     0.990375	     0.977744	     0.992457	     0.998361	      1.00327	     0.999193	     0.991043	
  1.56755e+08	      1.37679	      1.35565	      1.40238	      1.39418	      1.47076	      1.41803	      1.78865	      1.58569	      1.67051	      1.55935	      1.65127	      1.54585	
  1.56835e+08	      1.38479	      1.36461	      1.41016	      1.40125	      1.47583	      1.42424	      1.79460	      1.59340	      1.68124	      1.56682	      1.65574	      1.54926	
  1.56915e+08	     0.976973	     0.987585	     0.998816	     0.996657	     0.980295	     0.981230	     0.981327	      1.00002	      1.00096	      1.00071	      1.00106	     0.991441	
  1.56995e+08	      1.00080	      1.00934	      1.00981	      1.01639	      1.00148	      1.00123	      1.00585	      1.01080	      1.01388	      1.01110	      1.01501	      1.00986	
  1.57075e+08	     0.999143	      1.00106	      1.01503	      1.01576	      1.00877	      1.01269	      1.00890	      1.01708	      1.01039	      1.01266	      1.01874	      1.00582	
  1.57155e+08	     0.999082	      1.00886	      1.01478	      1.02247	      1.01399	      1.01063	     0.992146	      1.02021	      1.01604	      1.01236	      1.02320	      1.00987	
  1.57235e+08	      1.00072	      1.00132	      1.01118	      1.01936	      1.01183	      1.01438	     0.995763	      1.00531	      1.01696	      1.01469	      1.01703	      1.00632	
  1.57315e+08	     0.999703	      1.00331	      1.01263	      1.01845	      1.01346	      1.01247	     0.996501	      1.00719	      1.01115	      1.01481	      1.01299	      1.01097	
  1.57395e+08	     0.997267	      1.00007	      1.01292	      1.02302	      1.01112	      1.00965	     0.999160	      1.01164	      1.01970	      1.01220	      1.00919	      1.00546	
  1.57475e+08	     0.988993	     0.993161	      1.02047	      1.02765	      1.00193	      1.00892	     0.993903	     0.990207	      1.01140	      1.00992	      1.00860	     0.997274	
  1.57555e+08	     0.993847	      1.00079	      1.02287	      1.01786	      1.00325	      1.01067	     0.986720	      1.00210	      1.01637	      1.01126	      1.01651	      1.00839	
  1.57635e+08	     0.997278	     0.997869	      1.02715	      1.02958	      1.01551	      1.01067	     0.997937	      1.00127	      1.01876	      1.00996	      1.00873	      1.01311	
  1.57715e+08	     0.989390	     0.998073	      1.02022	      1.02227	      1.01004	      1.01543	      1.00233	      1.00056	      1.01107	      1.01413	      1.01120	      1.00799	
  1.57795e+08	     0.989377	     0.992400	      1.02585	      1.01969	      1.01575	      1.01409	     0.999222	     0.999542	      1.01039	      1.02302	      1.01094	      1.01301	
  1.57875e+08	     0.990085	     0.993044	      1.01703	      1.02150	      1.01484	      1.01713	      1.00921	      1.00976	      1.01655	      1.01838	      1.00830	      1.01287	
  1.57955e+08	     0.977712	     0.981287	      1.00582	      1.00557	     0.997837	      1.00449	     0.995367	     0.988217	      1.00970	      1.00537	     0.996016	     0.992214	
  1.58035e+08	      1.38714	      1.36707	      1.41114	      1.40224	      1.47611	      1.42529	      1.79788	      1.59256	      1.67564	      1.56705	      1.65705	      1.54874	
  1.58115e+08	      1.39704	      1.37714	      1.42203	      1.41382	      1.48499	      1.43221	      1.80941	      1.60141	      1.69079	      1.57469	      1.66390	      1.55439	
  1.58195e+08	     0.970506	     0.981053	      1.00859	      1.00506	      1.00460	     0.998532	     0.994285	     0.992822	     0.998033	      1.00585	     0.997578	     0.985926	
  1.58275e+08	     0.986721	      1.00305	      1.01921	      1.02352	      1.02257	      1.01876	      1.02049	      1.00952	      1.02743	      1.01713	      1.01523	      1.01076	
  1.58355e+08	     0.989686	     0.986061	      1.01998	      1.02238	      1.02848	      1.02451	      1.01954	      1.00721	      1.01399	      1.01660	      1.01395	      1.01164	
  1.58435e+08	     0.996943	      1.00637	      1.01810	      1.02580	      1.02042	      1.02468	      1.02561	      1.01085	      1.01859	      1.02234	      1.01775	      1.00376	
  1.58515e+08	     0.994411	      1.00961	      1.02566	      1.01979	      1.01898	      1.02072	      1.02450	      1.01263	      1.01207	      1.02130	      1.00833	     0.999064	
  1.58595e+08	     0.998301	     0.997353	      1.02337	      1.01922	      1.01550	      1.02701	      1.01589	      1.01272	      1.01689	      1.02295	      1.00340	     0.994757	
  1.58675e+08	     0.983608	      1.00511	      1.01500	      1.01887	      1.01589	      1.01955	      1.02696	      1.01441	      1.01279	      1.01444	      1.01571	     0.998850	
  1.58755e+08	     0.978863	     0.995891	      1.01498	      1.01341	      1.01740	      1.01877	      1.02225	      1.01166	      1.01226	      1.02044	      1.01122	      1.00614	
  1.58835e+08	     0.981523	     0.987576	      1.00890	      1.01736	      1.02410	      1.01638	      1.01559	      1.02458	      1.00737	      1.00799	      1.02316	      1.01071	
  1.58915e+08	     0.984219	      1.00599	      1.01362	      1.01405	      1.01253	      1.01754	      1.03018	      1.02986	      1.01126	      1.01256	      1.01400	      1.01241	
  1.58995e+08	     0.978559	      1.00506	      1.01234	      1.02016	      1.02594	      1.01837	      1.02772	      1.02176	      1.00438	      1.01862	      1.01685	      1.00697	
  1.59075e+08	     0.997840	     0.999515	      1.02015	      1.02118	      1.02262	      1.01749	      1.02208	      1.01015	      1.01019	      1.00601	      1.01678	      1.00824	
  1.59155e+08	     0.988659	     0.999113	      1.01149	      1.01828	      1.01912	      1.02225	      1.02976	      1.02182	      1.00969	      1.01160	      1.01421	      1.00910	
  1.59235e+08	     0.972250	     0.980587	      1.00284	      1.00445	      1.00473	      1.00553	      1.01921	      1.01365	     0.996305	     0.994603	      1.00548	     0.993757	
  1.59315e+08	      1.38895	      1.37324	      1.42855	      1.41570	      1.48839	      1.43359	      1.81155	      1.60303	      1.67253	      1.57671	      1.66599	      1.54992	
  1.59395e+08	      1.39811	      1.38228	      1.43913	      1.42528	      1.49462	      1.43900	      1.82581	      1.61068	      1.69614	      1.58343	      1.67054	      1.55473	
  1.59475e+08	     0.980192	     0.988581	     0.998731	     0.998344	     0.996555	     0.997275	      1.02011	      1.01430	      1.00144	     0.996138	     0.994697	     0.980426	
  1.59555e+08	     0.989348	     0.997864	      1.01470	      1.01956	      1.01432	      1.01005	      1.05095	      1.04142	      1.01922	      1.02082	      1.02060	      1.00934	
  1.59635e+08	     0.992850	      1.00764	      1.01562	      1.02030	      1.01256	      1.01124	      1.03503	      1.04106	      1.02387	      1.02338	      1.01571	      1.01469	
  1.59715e+08	     0.996287	      1.00456	      1.02021	      1.02114	      1.01538	      1.01312	      1.04675	      1.03329	      1.02214	      1.02201	      1.01725	      1.01760	
  1.59795e+08	      1.00617	      1.00439	      1.00841	      1.01891	      1.01725	      1.01087	      1.04287	      1.03446	      1.02521	      1.02192	      1.01666	      1.00777	
  1.59875e+08	     0.999685	      1.00517	      1.00945	      1.02107	      1.01610	      1.01068	      1.03680	      1.03506	      1.02039	      1.02541	      1.01209	      1.01453	
  1.59955e+08	     0.997639	      1.00161	      1.01606	      1.01673	      1.01400	      1.01482	      1.04377	      1.02991	      1.01998	      1.02650	      1.01505	      1.00978	
  1.60035e+08	      1.00819	      1.00881	      1.01075	      1.01533	      1.01333	      1.01378	      1.03470	      1.03038	      1.02238	      1.02167	      1.01175	      1.00730	
  1.60115e+08	      1.00584	      1.01642	      1.01280	      1.01712	      1.01173	      1.01783	      1.03902	      1.03665	      1.02647	      1.02426	      1.01600	      1.00523	
  1.60195e+08	      1.00648	      1.01431	      1.01453	      1.01772	      1.01723	      1.01940	      1.02780	      1.03857	      1.02434	      1.02281	      1.01425	      1.00736	
  1.60275e+08	      1.00340	      1.01408	      1.01054	      1.01837	      1.01570	      1.01829	      1.03681	      1.02499	      1.03348	      1.02328	      1.01377	      1.00664	
  1.60355e+08	      1.00776	      1.01526	      1.01448	      1.02102	      1.02082	      1.02058	      1.03767	      1.03135	      1.02805	      1.02060	      1.01922	      1.00311	
  1.60435e+08	      1.00003	      1.01145	      1.01430	      1.02112	      1.01771	      1.01701	      1.04045	      1.02366	      1.02670	      1.02055	      1.01661	      1.00685	
  1.60515e+08	     0.989412	     0.987299	      1.00117	     0.995088	      1.00258	      1.00627	      1.03226	      1.00948	      1.00896	      1.00712	      1.00933	     0.992389	
  1.60595e+08	      1.39822	      1.38389	      1.44208	      1.42473	      1.50500	      1.43792	      1.82883	      1.61799	      1.70124	      1.58175	      1.67041	      1.54974	
  1.60675e+08	      1.40036	      1.38973	      1.44849	      1.42922	      1.50737	      1.43927	      1.83647	      1.62025	      1.70290	      1.58395	      1.66706	      1.55047	
  1.60755e+08	     0.984662	     0.985715	     0.999233	      1.00740	      1.00542	     0.997086	      1.03709	      1.02770	      1.01708	      1.01190	     0.999338	     0.976264	
  1.60835e+08	      1.00241	      1.00419	      1.01990	      1.02099	      1.01726	      1.01858	      1.04753	      1.04605	      1.03339	      1.02489	      1.01485	      1.00887	
  1.60915e+08	     0.998918	      1.00750	      1.01824	      1.02594	      1.02254	      1.01955	      1.03553	      1.04500	      1.03408	      1.03118	      1.02649	      1.00660	
  1.60995e+08	      1.00043	      1.01212	      1.02591	      1.02259	      1.01992	      1.01825	      1.04016	      1.04063	      1.03698	      1.02442	      1.00799	      1.00506	
  1.61075e+08	     0.997657	      1.00852	      1.02092	      1.02332	      1.01790	      1.01708	      1.05111	      1.03170	      1.03680	      1.02452	      1.01511	      1.00866	
  1.61155e+08	     0.999051	      1.00788	      1.02467	      1.01612	      1.02226	      1.01863	      1.03968	      1.03320	      1.03387	      1.03414	      1.01397	      1.00262	
  1.61235e+08	     0.999059	      1.01427	      1.02027	      1.02840	      1.01843	      1.01401	      1.04528	      1.03337	      1.03621	      1.02263	      1.01147	      1.00129	
  1.61315e+08	     0.999414	      1.01138	      1.01806	      1.02385	      1.02285	      1.00892	      1.03400	      1.03123	      1.03803	      1.03127	      1.00694	      1.00517	
  1.61395e+08	      1.00251	      1.00641	      1.01563	      1.02225	      1.01658	      1.01617	      1.03359	      1.03440	      1.03058	      1.03129	      1.01781	      1.00485	
  1.61475e+08	      1.00104	      1.00570	      1.01629	      1.01822	      1.01792	      1.01746	      1.02656	      1.03175	      1.03775	      1.03199	      1.01240	      1.00531	
  1.61555e+08	     0.993215	      1.00684	      1.01156	      1.01963	      1.01666	      1.02004	      1.03472	      1.03022	      1.03685	      1.03330	      1.01327	      1.00580	
  1.61635e+08	     0.993390	      1.00447	      1.01416	      1.01924	      1.02174	      1.01182	      1.02784	      1.02825	      1.03374	      1.02971	      1.00999	      1.00248	
  1.61715e+08	     0.991640	     0.995273	      1.00969	      1.01982	      1.01987	      1.01534	      1.03539	      1.02908	      1.03833	      1.02460	      1.01115	      1.01419	
  1.61795e+08	     0.969625	     0.984309	     0.996161	      1.00058	     0.997559	      1.00117	      1.02829	      1.01301	      1.01094	      1.01255	      1.00072	     0.994213	
  1.61875e+08	      1.40196	      1.39585	      1.44700	      1.42771	      1.50399	      1.43485	      1.83580	      1.61787	      1.69849	      1.57819	      1.65179	      1.54165	
  1.61955e+08	      1.40342	      1.39733	      1.44694	      1.42695	      1.50095	      1.43095	      1.83306	      1.61622	      1.69336	      1.57522	      1.64156	      1.53593	
  1.62035e+08	     0.968978	     0.987249	     0.991554	     0.994438	     0.994288	     0.994708	      1.03028	      1.00938	      1.01494	      1.00651	     0.992073	     0.988813	
  1.62115e+08	     0.997211	      1.00495	      1.00385	      1.01951	      1.01471	      1.00977	      1.05024	      1.02458	      1.03140	      1.01975	      1.02087	      1.00747	
  1.62195e+08	      1.00056	      1.00292	      1.00908	      1.01764	      1.01448	      1.00942	      1.03865	      1.02772	      1.03296	      1.02120	      1.02196	      1.00567	
  1.62275e+08	     0.994774	      1.00122	      1.00972	      1.01858	      1.01174	      1.00755	      1.04353	      1.02351	      1.02475	      1.02472	      1.00924	      1.00510	
  1.62355e+08	     0.990578	     0.998459	      1.00776	      1.01879	      1.00705	      1.00777	      1.05848	      1.02986	      1.02756	      1.02747	      1.01559	      1.00795	
  1.62435e+08	     0.994630	      1.00151	      1.00676	      1.01467	      1.01203	     0.999554	      1.04868	      1.03768	      1.02440	      1.02107	      1.00767	     0.995487	
  1.62515e+08	     0.994978	      1.00383	      1.01091	      1.01519	      1.01042	      1.00156	      1.05191	      1.04117	      1.02561	      1.02694	      1.02070	      1.01088	
  1.62595e+08	     0.999632	      1.00272	      1.00429	      1.01049	     0.999349	      1.00884	      1.05088	      1.02994	      1.03464	      1.02661	      1.01896	      1.00616	
  1.62675e+08	     0.995224	     0.997917	     0.998164	      1.01297	      1.00503	      1.00063	      1.04405	      1.02929	      1.02488	      1.01796	      1.02561	      1.00773	
  1.62755e+08	     0.995473	     0.999880	      1.00795	      1.01335	      1.00352	     0.999895	      1.04459	      1.02585	      1.02399	      1.02014	      1.00879	      1.00156	
  1.62835e+08	     0.994229	     0.999647	      1.00482	      1.01757	      1.00918	     0.997955	      1.04957	      1.01995	      1.02764	      1.01661	      1.01306	     0.997318	
  1.62915e+08	     0.994907	     0.997853	      1.01719	      1.01974	      1.00384	     0.997867	      1.04515	      1.02724	      1.03305	      1.01780	      1.00519	     0.991725	
  1.62995e+08	     0.996726	     0.992894	      1.01760	      1.01997	     0.998620	     0.990199	      1.03517	      1.02523	      1.02655	      1.02326	      1.00633	     0.992190	
  1.63075e+08	     0.983382	     0.979644	      1.00035	      1.01133	     0.981170	     0.976102	      1.02693	      1.01556	      1.01077	      1.00676	     0.988482	     0.983872	
  1.63155e+08	      1.39991	      1.39274	      1.44652	      1.42190	      1.49309	      1.42256	      1.82294	      1.60408	      1.68624	      1.56750	      1.63251	      1.52690	
  1.63235e+08	      1.39987	      1.39293	      1.44207	      1.41950	      1.48798	      1.41819	      1.81891	      1.60178	      1.67607	      1.56160	      1.62386	      1.51823	
  1.63315e+08	     0.971507	     0.976531	     0.996927	      1.00304	     0.973059	     0.976755	      1.00770	     0.996681	      1.00368	      1.00178	     0.972520	     0.976121	
  1.63395e+08	     0.983042	     0.991640	      1.02037	      1.02187	     0.997310	     0.997616	      1.03011	      1.01023	      1.02660	      1.02171	     0.990618	     0.988872	
  1.63475e+08	     0.996397	     0.999858	      1.01653	      1.02027	     0.991478	     0.998035	      1.04296	      1.01771	      1.02579	      1.02012	      1.00210	     0.989859	
  1.63555e+08	     0.991413	     0.999333	      1.01329	      1.02096	     0.993699	     0.991074	      1.03732	      1.02026	      1.03120	      1.02021	      1.01001	     0.986229	
  1.63635e+08	     0.996009	      1.00541	      1.02420	      1.02358	     0.997540	     0.996644	      1.02514	      1.02161	      1.03274	      1.01593	     0.997428	     0.987757	
  1.63715e+08	      1.00472	      1.00700	      1.01235	      1.01951	     0.994368	     0.996415	      1.03153	      1.00539	      1.03544	      1.02137	     0.990850	     0.992622	
  1.63795e+08	     0.998664	      1.00496	      1.01570	      1.02471	     0.995706	     0.997156	      1.02706	      1.01270	      1.03248	      1.01975	     0.995417	     0.986067	
  1.63875e+08	      1.00500	      1.00986	      1.01717	      1.02342	     0.996465	     0.994920	      1.02371	      1.01629	      1.03948	      1.02807	     0.985030	     0.986297	
  1.63955e+08	      1.00970	      1.01086	      1.01199	      1.02074	      1.00303	     0.993345	      1.03125	      1.00481	      1.03432	      1.01707	     0.996670	     0.987711	
  1.64035e+08	      1.00139	      1.00785	      1.01793	      1.01625	      1.00018	     0.989332	      1.03093	      1.00262	      1.02847	      1.02498	     0.995472	     0.991768	
  1.64115e+08	      1.00091	      1.00991	      1.02114	      1.01012	     0.998125	     0.987838	      1.02091	      1.00690	      1.02931	      1.01787	     0.992916	     0.991256	
  1.64195e+08	      1.00433	      1.01053	      1.01085	      1.01509	     0.997014	     0.985019	      1.02625	      1.00292	      1.02341	      1.01860	     0.993941	     0.986159	
  1.64275e+08	      1.00003	      1.00260	      1.00283	      1.01511	     0.995873	     0.987772	      1.03378	      1.00393	      1.02284	      1.00613	     0.997984	     0.982326	
  1.64355e+08	     0.981075	     0.985305	     0.987133	     0.986816	     0.978709	     0.974449	      1.01413	     0.993973	      1.00379	     0.993020	     0.988188	     0.966465	
  1.64435e+08	      1.39200	      1.38710	      1.43823	      1.40950	      1.47651	      1.40964	      1.81292	      1.59161	      1.66293	      1.54990	      1.61626	      1.50672	
  1.64515e+08	      1.38793	      1.38096	      1.43050	      1.40107	      1.46676	      1.39886	      1.79996	      1.57919	      1.64853	      1.53669	      1.59815	      1.48625	
  1.64595e+08	     0.973250	     0.975288	     0.977559	     0.981342	     0.972204	     0.964079	      1.00416	     0.985822	     0.996672	     0.987471	     0.975245	     0.963590	
  1.64675e+08	     0.987700	      1.00267	      1.00087	      1.01002	     0.989590	     0.979297	      1.02504	      1.00692	      1.02064	      1.00726	     0.996441	     0.977483	
  1.64755e+08	     0.994036	     0.998809	      1.01101	      1.00637	     0.985820	     0.983254	      1.00826	      1.00145	      1.01953	      1.00748	     0.995707	     0.980266	
  1.64835e+08	     0.990706	     0.998530	      1.00906	      1.00301	     0.989892	     0.978377	      1.01769	     0.996944	      1.02061	      1.00243	     0.993667	     0.974384	
  1.64915e+08	     0.995866	     0.999010	      1.00346	     0.999747	     0.992465	     0.986490	      1.01959	      1.00654	      1.02103	      1.00179	     0.985495	     0.973063	
  1.64995e+08	     0.991860	      1.00002	      1.00496	      1.00402	     0.994236	     0.990906	     0.999057	     0.999721	      1.02365	      1.00430	     0.981542	     0.973744	
  1.65075e+08	     0.993476	     0.999445	      1.01189	      1.00325	     0.994404	     0.988593	     0.995104	     0.985149	      1.01396	     0.999886	     0.983192	     0.968726	
  1.65155e+08	     0.994142	     0.999765	      1.00403	      1.00160	     0.991475	     0.991303	      1.00390	     0.984554	      1.01517	      1.00384	     0.977035	     0.964970	
  1.65235e+08	     0.991554	      1.00276	      1.00692	      1.00554	      1.00127	     0.992299	     0.996291	     0.983057	      1.01587	     0.998645	     0.972703	     0.965480	
  1.65315e+08	     0.992577	     0.994646	      1.00984	      1.00484	      1.00052	     0.989389	     0.996448	     0.983817	      1.01686	     0.999522	     0.972524	     0.967138	
  1.65395e+08	     0.993858	     0.996688	      1.01369	      1.00457	     0.993317	     0.983978	     0.985628	     0.974759	      1.01639	     0.996999	     0.971556	     0.960700	
  1.65475e+08	     0.989488	     0.995767	      1.00239	      1.00691	     0.990926	     0.989597	     0.984967	     0.988094	      1.00978	     0.987391	     0.959887	     0.952848	
  1.65555e+08	     0.981114	     0.991572	      1.01107	      1.00836	     0.995405	     0.986002	     0.989087	     0.981915	      1.00865	     0.992102	     0.959436	     0.948427	
  1.65635e+08	     0.968301	     0.977891	     0.994203	     0.989272	     0.983005	     0.972405	     0.976352	     0.964772	     0.996040	     0.972457	     0.948484	     0.935950	
  1.65715e+08	      1.37923	      1.37463	      1.42252	      1.39441	      1.45543	      1.38912	      1.78525	      1.57012	      1.64075	      1.52512	      1.58491	      1.47689	
  1.65795e+08	      1.37720	      1.37290	      1.41574	      1.38883	      1.44511	      1.38246	      1.77372	      1.56301	      1.63013	      1.50461	      1.57467	      1.46716	
  1.65875e+08	     0.957924	     0.965413	     0.979431	     0.973951	     0.970224	     0.962724	     0.977308	     0.971587	     0.973334	     0.965241	     0.944362	     0.929826	
  1.65955e+08	     0.982153	     0.986120	      1.01061	     0.989990	     0.986110	     0.980710	     0.992037	     0.985934	     0.998478	     0.982693	     0.954656	     0.948337	
  1.66035e+08	     0.983144	     0.983245	      1.00401	     0.992381	     0.980434	     0.977310	      1.00226	     0.989935	     0.993094	     0.987359	     0.956295	     0.943428	
  1.66115e+08	     0.987312	     0.985368	      1.00693	     0.995418	     0.975623	     0.966064	     0.993355	     0.981516	     0.995435	     0.987125	     0.958779	     0.944636	
  1.66195e+08	     0.983296	     0.985865	      1.00331	     0.998830	     0.970911	     0.973722	     0.982365	     0.984885	     0.995133	     0.984346	     0.953347	     0.941954	
  1.66275e+08	     0.976829	     0.988441	      1.00960	     0.995272	     0.967445	     0.970431	     0.982809	     0.980224	     0.987985	     0.980159	     0.951652	     0.940509	
  1.66355e+08	     0.981939	     0.987814	      1.00712	      1.00116	     0.968181	     0.966956	     0.968845	     0.974371	     0.989170	     0.979263	     0.941929	     0.939310	
  1.66435e+08	     0.985082	     0.985333	      1.00686	     0.995704	     0.974610	     0.968518	     0.984810	     0.972266	     0.980335	     0.973938	     0.947079	     0.946829	
  1.66515e+08	     0.982534	     0.990518	      1.00634	     0.995487	     0.974219	     0.969742	     0.979938	     0.973893	     0.986219	     0.972238	     0.952477	     0.934374	
  1.66595e+08	     0.989026	     0.985945	      1.00374	      1.00040	     0.964016	     0.966152	     0.976821	     0.978168	     0.973081	     0.972353	     0.940126	     0.936166	
  1.66675e+08	     0.994025	     0.987103	     0.998418	     0.991268	     0.969829	     0.974085	     0.989719	     0.967923	     0.978812	     0.972920	     0.940275	     0.934497	
  1.66755e+08	     0.988273	     0.989441	      1.00173	     0.990017	     0.970564	     0.972102	     0.981813	     0.966655	     0.981713	     0.969399	     0.941199	     0.932178	
  1.66835e+08	     0.987406	     0.982892	     0.999588	     0.988831	     0.964356	     0.966113	     0.980642	     0.981870	     0.979157	     0.971593	     0.938048	     0.930659	
  1.66915e+08	     0.973415	     0.973537	     0.986102	     0.977563	     0.952174	     0.948906	     0.965778	     0.959562	     0.965599	     0.959363	     0.934007	     0.921028	
  1.66995e+08	      1.37151	      1.36718	      1.40775	      1.38170	      1.43688	      1.37459	      1.75427	      1.55051	      1.62606	      1.50731	      1.56404	      1.45700	
  1.67075e+08	      1.37248	      1.36761	      1.40415	      1.38022	      1.43212	      1.37545	      1.74715	      1.56283	      1.62150	      1.49998	      1.55704	      1.45145	
  1.67155e+08	     0.964548	     0.958690	     0.982533	     0.969107	     0.954355	     0.948741	     0.941304	     0.953242	     0.960816	     0.964928	     0.931680	     0.904152	
  1.67235e+08	     0.986890	     0.979869	      1.00725	     0.987921	     0.970389	     0.962645	     0.968081	     0.966408	     0.978412	     0.969304	     0.934699	     0.931244	
  1.67315e+08	     0.990205	     0.985834	      1.00520	     0.987912	     0.972986	     0.965201	     0.973342	     0.961282	     0.979085	     0.974245	     0.941796	     0.925527	
  1.67395e+08	     0.991790	     0.979868	      1.00340	     0.988173	     0.971323	     0.964434	     0.980135	     0.968154	     0.968551	     0.964245	     0.950149	     0.922810	
  1.67475e+08	     0.988276	     0.982057	      1.00320	     0.988325	     0.972599	     0.957008	     0.983540	     0.973166	     0.968891	     0.960965	     0.940820	     0.926789	
  1.67555e+08	     0.993903	     0.977276	      1.00169	     0.990503	     0.970325	     0.965999	     0.985634	     0.978193	     0.964260	     0.956859	     0.944177	     0.932325	
  1.67635e+08	     0.994439	     0.979054	     0.996675	     0.989710	     0.974052	     0.962902	     0.970246	     0.971993	     0.965749	     0.950995	     0.940621	     0.919058	
  1.67715e+08	     0.994598	     0.987431	     0.998476	     0.986904	     0.968880	     0.961269	     0.972898	     0.955367	     0.959153	     0.949393	     0.948555	     0.931081	
  1.67795e+08	     0.996101	     0.990122	      1.00505	     0.986540	     0.977990	     0.958049	     0.982961	     0.956867	     0.961996	     0.958723	     0.944580	     0.928521	
  1.67875e+08	     0.997779	     0.985253	     0.993000	     0.987639	     0.970200	     0.963149	     0.977871	     0.958353	     0.960200	     0.954177	     0.945419	     0.925828	
  1.67955e+08	     0.998118	     0.991900	      1.00566	     0.988052	     0.970643	     0.959500	     0.984099	     0.966915	     0.966756	     0.951912	     0.947134	     0.931268	
  1.68035e+08	     0.999686	     0.991379	      1.00045	     0.985437	     0.967065	     0.960068	     0.978877	     0.969759	     0.961489	     0.956239	     0.949818	     0.930347	
  1.68115e+08	     0.994018	     0.990303	      1.00015	     0.977403	     0.975293	     0.960038	     0.981451	     0.960121	     0.961133	     0.959820	     0.940340	     0.918638	
  1.68195e+08	     0.982333	     0.975163	     0.976921	     0.965441	     0.957206	     0.942000	     0.968502	     0.940268	     0.951811	     0.943401	     0.919676	     0.915643	
  1.68275e+08	      1.37055	      1.35897	      1.40836	      1.37477	      1.42622	      1.36901	      1.74193	      1.57123	      1.61187	      1.49191	      1.55078	      1.44148	
  1.68355e+08	      1.37684	      1.36343	      1.40560	      1.37771	      1.42450	      1.36870	      1.75518	      1.57825	      1.61149	      1.49239	      1.55059	      1.43696	
  1.68435e+08	     0.968503	     0.964452	     0.964010	     0.955645	     0.958557	     0.943272	     0.947707	     0.946658	     0.941556	     0.931309	     0.917899	     0.910200	
  1.68515e+08	     0.996030	     0.980798	     0.987203	     0.976148	     0.970706	     0.953525	     0.978253	     0.966095	     0.958541	     0.950297	     0.927333	     0.931361	
  1.68595e+08	     0.989654	     0.982710	     0.987617	     0.974581	     0.971578	     0.962444	     0.978353	     0.964563	     0.958390	     0.956482	     0.930634	     0.921970	
  1.68675e+08	     0.988920	     0.978481	     0.994860	     0.978422	     0.972114	     0.963143	     0.984014	     0.966883	     0.952473	     0.954616	     0.932518	     0.913207	
  1.68755e+08	     0.990190	     0.980739	     0.986791	     0.975456	     0.970011	     0.956487	     0.979326	     0.960136	     0.959104	     0.945716	     0.926781	     0.907846	
  1.68835e+08	     0.987849	     0.987126	     0.980189	     0.972722	     0.974861	     0.951478	     0.979059	     0.964565	     0.953621	     0.950119	     0.935080	     0.912271	
  1.68915e+08	     0.986131	     0.994083	     0.984718	     0.976058	     0.977324	     0.961567	     0.991154	     0.968723	     0.953117	     0.947008	     0.933883	     0.909958	
  1.68995e+08	     0.992720	     0.993792	     0.980065	     0.973625	     0.963998	     0.953311	     0.970301	     0.967331	     0.963902	     0.947199	     0.929036	     0.918090	
  1.69075e+08	     0.993286	     0.988712	     0.978409	     0.976404	     0.967918	     0.955061	     0.977938	     0.966531	     0.960809	     0.953542	     0.925044	     0.922288	
  1.69155e+08	     0.991452	     0.989928	     0.985505	     0.974959	     0.963688	     0.957836	     0.989202	     0.972570	     0.968804	     0.957538	     0.930712	     0.917443	
  1.69235e+08	     0.986368	     0.984558	     0.981364	     0.983401	     0.960102	     0.953719	     0.982368	     0.970004	     0.967335	     0.960801	     0.928774	     0.913898	
  1.69315e+08	     0.990243	     0.987515	     0.985570	     0.981209	     0.966646	     0.951960	     0.987395	     0.971793	     0.963034	     0.961094	     0.926936	     0.912014	
  1.69395e+08	     0.983446	     0.987723	     0.981588	     0.974360	     0.965466	     0.950672	     0.971412	     0.975695	     0.968042	     0.960701	     0.927912	     0.916179	
  1.69475e+08	     0.965609	     0.958922	     0.975840	     0.957652	     0.953449	     0.935916	     0.961999	     0.960042	     0.962613	     0.946282	     0.911863	     0.901301	
  1.69555e+08	      1.37729	      1.36551	      1.40503	      1.37861	      1.42133	      1.36547	      1.74853	      1.57319	      1.60931	      1.49087	      1.54565	      1.43299	
