  1.38915e+08	      1.29783	      1.29034	      1.29863	      1.28605	      1.42303	      1.40802	      1.62914	      1.53304	      1.63122	      1.57300	      1.63301	      1.60410	
  1.38995e+08	     0.967945	     0.980527	     0.953143	     0.965256	     0.961123	     0.959267	     0.964853	     0.964628	     0.921140	     0.932936	     0.978965	     0.980548	
  1.39075e+08	     0.987920	     0.991457	     0.974647	     0.985296	     0.968140	     0.973827	     0.979836	     0.981659	     0.938488	     0.942602	     0.995619	     0.997771	
  1.39155e+08	     0.989583	     0.997067	     0.974698	     0.983831	     0.970856	     0.976494	     0.976199	     0.981306	     0.944453	     0.948855	     0.991114	     0.995616	
  1.39235e+08	     0.995639	     0.995589	     0.976205	     0.981580	     0.974756	     0.974076	     0.988521	     0.984587	     0.943849	     0.943435	     0.989932	     0.990694	
  1.39315e+08	     0.994487	     0.995420	     0.973504	     0.981058	     0.972521	     0.975476	     0.984699	     0.983173	     0.938396	     0.948959	     0.985206	     0.990694	
  1.39395e+08	     0.992433	     0.995476	     0.973801	     0.977210	     0.979168	     0.981444	     0.990786	     0.989613	     0.946392	     0.946611	     0.979036	     0.992636	
  1.39475e+08	     0.988245	     0.994480	     0.972561	     0.979196	     0.978056	     0.983643	     0.993515	     0.986559	     0.947676	     0.949515	     0.983801	     0.988106	
  1.39555e+08	     0.986358	     0.992868	     0.971554	     0.975813	     0.976371	     0.976945	     0.986023	     0.982179	     0.948412	     0.947061	     0.982213	     0.983327	
  1.39635e+08	     0.986563	     0.991523	     0.965728	     0.976965	     0.980564	     0.981491	     0.987669	     0.986371	     0.948268	     0.954952	     0.981202	     0.983488	
  1.39715e+08	     0.985499	     0.987186	     0.965683	     0.976877	     0.980584	     0.980071	     0.996565	     0.975499	     0.950103	     0.956024	     0.972056	     0.978113	
  1.39795e+08	     0.983827	     0.988582	     0.961025	     0.973417	     0.978927	     0.974555	     0.979163	     0.974456	     0.947526	     0.952662	     0.986008	     0.988946	
  1.39875e+08	     0.989067	     0.980128	     0.968730	     0.970415	     0.979547	     0.968605	     0.974597	     0.966879	     0.953500	     0.955910	     0.997282	     0.993965	
  1.39955e+08	     0.981286	     0.987702	     0.963488	     0.968746	     0.977045	     0.973037	     0.975819	     0.966732	     0.955637	     0.956187	     0.988854	     0.991055	
  1.40035e+08	     0.967942	     0.960282	     0.949820	     0.952562	     0.957394	     0.953815	     0.966936	     0.953296	     0.939973	     0.942525	     0.973773	     0.977134	
  1.40115e+08	      1.28901	      1.27999	      1.29147	      1.27927	      1.41350	      1.40260	      1.61812	      1.52487	      1.62266	      1.56469	      1.62400	      1.59303	
  1.40195e+08	      1.28471	      1.27275	      1.29054	      1.27871	      1.41291	      1.39991	      1.61922	      1.52504	      1.62174	      1.56331	      1.62060	      1.59032	
  1.40275e+08	     0.964084	     0.967024	     0.931389	     0.942794	     0.957374	     0.953833	     0.954769	     0.952742	     0.937090	     0.942912	     0.965555	     0.970949	
  1.40355e+08	     0.988031	     0.982123	     0.952726	     0.950163	     0.970413	     0.974302	     0.977965	     0.965861	     0.954144	     0.953286	     0.980145	     0.982287	
  1.40435e+08	     0.983144	     0.990660	     0.955581	     0.960428	     0.970991	     0.969602	     0.982555	     0.975290	     0.961900	     0.955547	     0.976687	     0.982587	
  1.40515e+08	     0.982969	     0.987975	     0.941249	     0.959728	     0.967600	     0.969543	     0.972642	     0.972599	     0.958379	     0.955098	     0.975985	     0.971562	
  1.40595e+08	     0.978715	     0.980032	     0.951195	     0.955218	     0.962888	     0.965556	     0.968117	     0.967704	     0.954240	     0.954916	     0.973589	     0.972344	
  1.40675e+08	     0.979145	     0.971103	     0.942239	     0.953436	     0.965464	     0.960523	     0.964604	     0.964796	     0.959512	     0.962038	     0.968858	     0.968703	
  1.40755e+08	     0.971490	     0.971250	     0.948671	     0.944112	     0.960978	     0.960414	     0.970663	     0.972905	     0.959409	     0.958395	     0.971941	     0.975282	
  1.40835e+08	     0.972240	     0.974170	     0.947799	     0.952098	     0.950900	     0.960091	     0.956444	     0.958398	     0.954738	     0.956923	     0.973297	     0.976794	
  1.40915e+08	     0.977434	     0.973153	     0.953586	     0.951254	     0.958719	     0.956315	     0.968364	     0.970476	     0.953032	     0.956110	     0.977300	     0.978037	
  1.40995e+08	     0.966923	     0.971325	     0.953263	     0.950808	     0.956374	     0.963206	     0.968074	     0.968438	     0.950920	     0.953962	     0.981046	     0.979684	
  1.41075e+08	     0.974638	     0.969723	     0.949908	     0.952437	     0.958932	     0.961003	     0.971949	     0.963956	     0.957738	     0.951409	     0.979738	     0.973329	
  1.41155e+08	     0.967762	     0.970686	     0.944378	     0.948457	     0.960896	     0.960175	     0.968641	     0.959001	     0.961854	     0.954776	     0.977875	     0.981212	
  1.41235e+08	     0.972602	     0.974575	     0.931889	     0.954334	     0.963453	     0.959176	     0.964745	     0.958617	     0.957569	     0.953331	     0.977369	     0.976038	
  1.41315e+08	     0.958429	     0.956616	     0.933172	     0.936834	     0.959413	     0.952240	     0.950156	     0.938085	     0.941943	     0.946205	     0.960800	     0.968173	
  1.41395e+08	      1.27674	      1.26470	      1.28634	      1.27201	      1.40806	      1.39447	      1.61412	      1.51928	      1.61544	      1.55555	      1.61214	      1.58242	
  1.41475e+08	      1.27397	      1.25892	      1.28902	      1.27344	      1.40851	      1.39497	      1.61441	      1.52192	      1.61557	      1.55375	      1.60989	      1.58176	
  1.41555e+08	     0.956122	     0.955193	     0.922791	     0.924186	     0.959690	     0.959434	     0.967265	     0.942015	     0.949929	     0.939711	     0.961717	     0.963345	
  1.41635e+08	     0.978715	     0.972168	     0.936351	     0.937416	     0.974674	     0.968942	     0.969480	     0.966233	     0.961815	     0.960088	     0.976421	     0.979274	
  1.41715e+08	     0.977370	     0.975726	     0.947528	     0.948965	     0.974095	     0.972276	     0.965584	     0.964642	     0.964421	     0.966761	     0.977401	     0.981079	
  1.41795e+08	     0.967847	     0.973537	     0.942117	     0.933906	     0.969558	     0.966329	     0.963324	     0.958547	     0.962691	     0.958812	     0.979306	     0.981745	
  1.41875e+08	     0.978758	     0.976464	     0.938655	     0.939374	     0.960111	     0.967325	     0.967240	     0.944164	     0.963165	     0.962609	     0.979815	     0.979778	
  1.41955e+08	     0.979843	     0.970726	     0.935898	     0.937555	     0.957874	     0.959911	     0.968416	     0.964078	     0.964935	     0.960266	     0.977208	     0.984111	
  1.42035e+08	     0.976196	     0.976192	     0.942506	     0.938818	     0.958820	     0.962934	     0.971601	     0.951608	     0.965639	     0.957023	     0.977533	     0.984538	
  1.42115e+08	     0.981512	     0.975929	     0.942091	     0.950023	     0.953784	     0.959048	     0.959658	     0.965377	     0.957764	     0.958073	     0.969962	     0.984313	
  1.42195e+08	     0.982604	     0.978987	     0.944487	     0.952803	     0.962533	     0.965572	     0.960234	     0.953659	     0.965122	     0.968839	     0.981537	     0.982384	
  1.42275e+08	     0.978609	     0.986877	     0.943682	     0.946727	     0.957060	     0.962163	     0.959676	     0.954690	     0.959352	     0.957808	     0.973510	     0.987934	
  1.42355e+08	     0.979730	     0.975498	     0.946171	     0.949224	     0.957123	     0.961595	     0.966651	     0.964390	     0.964985	     0.960361	     0.988546	     0.986320	
  1.42435e+08	     0.976938	     0.980076	     0.950632	     0.950041	     0.959161	     0.957456	     0.961002	     0.963205	     0.961653	     0.956125	     0.985774	     0.990805	
  1.42515e+08	     0.981691	     0.973571	     0.947478	     0.950503	     0.957934	     0.957833	     0.966831	     0.961822	     0.957278	     0.957587	     0.980035	     0.987574	
  1.42595e+08	     0.966178	     0.970217	     0.937530	     0.941959	     0.947761	     0.946768	     0.963201	     0.955197	     0.952936	     0.946959	     0.966482	     0.969928	
  1.42675e+08	      1.26864	      1.26050	      1.28753	      1.27491	      1.40593	      1.39327	      1.60987	      1.52401	      1.61531	      1.55158	      1.60682	      1.57818	
  1.42755e+08	      1.27541	      1.25781	      1.29928	      1.28558	      1.41645	      1.40592	      1.62085	      1.53364	      1.62723	      1.56329	      1.60617	      1.58736	
  1.42835e+08	     0.965200	     0.961892	     0.938707	     0.943760	     0.952206	     0.954697	     0.962444	     0.951750	     0.933298	     0.939217	     0.961960	     0.957072	
  1.42915e+08	     0.985316	     0.987484	     0.959862	     0.957603	     0.968342	     0.969860	     0.974732	     0.977232	     0.956403	     0.958604	     0.975121	     0.982030	
  1.42995e+08	     0.984974	     0.992429	     0.958228	     0.955852	     0.973878	     0.975028	     0.974569	     0.961328	     0.957817	     0.957267	     0.976833	     0.977973	
  1.43075e+08	     0.987292	     0.988639	     0.957501	     0.950155	     0.969271	     0.971778	     0.970079	     0.974838	     0.961976	     0.958527	     0.974505	     0.979592	
  1.43155e+08	     0.979991	     0.984675	     0.954109	     0.953179	     0.973626	     0.971106	     0.970148	     0.974671	     0.959886	     0.964423	     0.982679	     0.983235	
  1.43235e+08	     0.989187	     0.994495	     0.950613	     0.951798	     0.971769	     0.971698	     0.973077	     0.966520	     0.959320	     0.954254	     0.978563	     0.981730	
  1.43315e+08	     0.993325	     0.998520	     0.949783	     0.950988	     0.971808	     0.969942	     0.970168	     0.963485	     0.960903	     0.961070	     0.983974	     0.979529	
  1.43395e+08	     0.996143	     0.997398	     0.946705	     0.951570	     0.975291	     0.966443	     0.976550	     0.969072	     0.961856	     0.964464	     0.982811	     0.984159	
  1.43475e+08	     0.994987	      1.00473	     0.944405	     0.951133	     0.977057	     0.974074	     0.973217	     0.972667	     0.969811	     0.968994	     0.978546	     0.982849	
  1.43555e+08	      1.00111	     0.995958	     0.954730	     0.956339	     0.972610	     0.975429	     0.983211	     0.967632	     0.969369	     0.961132	     0.974091	     0.981223	
  1.43635e+08	      1.00456	      1.00232	     0.951741	     0.955143	     0.974530	     0.973836	     0.983325	     0.980677	     0.971657	     0.966445	     0.980307	     0.989534	
  1.43715e+08	     0.994454	     0.990985	     0.951949	     0.955579	     0.980725	     0.974575	     0.982470	     0.979228	     0.968351	     0.966815	     0.981382	     0.989312	
  1.43795e+08	     0.992551	     0.996895	     0.957073	     0.959557	     0.978448	     0.980628	     0.985528	     0.971370	     0.971158	     0.961273	     0.988821	     0.988292	
  1.43875e+08	     0.975848	     0.966034	     0.942975	     0.949521	     0.966383	     0.970416	     0.972978	     0.970600	     0.955240	     0.951224	     0.982355	     0.985600	
  1.43955e+08	      1.27581	      1.25818	      1.30372	      1.29085	      1.42179	      1.40687	      1.62354	      1.53934	      1.62899	      1.56575	      1.61563	      1.58616	
  1.44035e+08	      1.28249	      1.28053	      1.31779	      1.30126	      1.43649	      1.42074	      1.64469	      1.55612	      1.64296	      1.57999	      1.63240	      1.59773	
  1.44115e+08	     0.975634	     0.962477	     0.940228	     0.943441	     0.968970	     0.965439	     0.967730	     0.975027	     0.948331	     0.945703	     0.975134	     0.972912	
  1.44195e+08	     0.987484	     0.985793	     0.958230	     0.961652	     0.990018	     0.982701	     0.974709	     0.987577	     0.971620	     0.967599	     0.998415	     0.987387	
  1.44275e+08	     0.994105	     0.986498	     0.964202	     0.964967	     0.991963	     0.983590	     0.996466	     0.999448	     0.976318	     0.975684	     0.993813	     0.990962	
  1.44355e+08	     0.983863	     0.991091	     0.968829	     0.965534	     0.986621	     0.984985	      1.00069	     0.998957	     0.983384	     0.980889	     0.995593	     0.988866	
  1.44435e+08	     0.989602	     0.978504	     0.963075	     0.968238	     0.989441	     0.983908	     0.999691	      1.00456	     0.986681	     0.978464	     0.988714	     0.994120	
  1.44515e+08	     0.987864	     0.985905	     0.970496	     0.962915	     0.988355	     0.983427	      1.01509	      1.00484	     0.985227	     0.985650	      1.00704	     0.996661	
  1.44595e+08	     0.986935	     0.982269	     0.972584	     0.970019	     0.995150	     0.991443	     0.997518	      1.00425	     0.987499	     0.984411	      1.01016	      1.01417	
  1.44675e+08	     0.991179	     0.983228	     0.972781	     0.964245	     0.996679	     0.991210	     0.991412	     0.996404	     0.993304	     0.990714	      1.01192	      1.01108	
  1.44755e+08	     0.986089	     0.981406	     0.971104	     0.967614	     0.999250	     0.988761	     0.998977	      1.00520	     0.997308	     0.985155	      1.01270	      1.01119	
  1.44835e+08	     0.980066	     0.977422	     0.973840	     0.967404	     0.999443	     0.993919	      1.00268	      1.00560	     0.995436	     0.994305	      1.00737	      1.00641	
  1.44915e+08	     0.979216	     0.977279	     0.970575	     0.960483	      1.00345	     0.993773	      1.00282	      1.00882	      1.00724	     0.989500	      1.01008	      1.01325	
  1.44995e+08	     0.979725	     0.977117	     0.964709	     0.965711	      1.00887	     0.997115	      1.00128	      1.00817	     0.998003	     0.997542	      1.00880	      1.00500	
  1.45075e+08	     0.985281	     0.976643	     0.966316	     0.962493	      1.01269	      1.00610	      1.01831	      1.00656	     0.992267	      1.00133	      1.01052	      1.00236	
  1.45155e+08	     0.963977	     0.958808	     0.955052	     0.951762	     0.995239	     0.993542	     0.987776	     0.992355	     0.988118	     0.991919	     0.999486	     0.998424	
  1.45235e+08	      1.28677	      1.28432	      1.32406	      1.31277	      1.44547	      1.43015	      1.65356	      1.56863	      1.65248	      1.58600	      1.64335	      1.60538	
  1.45315e+08	      1.30134	      1.29539	      1.34409	      1.33359	      1.46555	      1.44736	      1.67612	      1.59163	      1.67740	      1.60755	      1.66264	      1.62557	
  1.45395e+08	     0.964460	     0.955759	     0.954823	     0.952718	      1.00941	      1.00152	     0.991405	     0.988896	     0.984876	     0.981010	      1.00586	      1.00986	
  1.45475e+08	     0.979417	     0.968525	     0.977247	     0.972064	      1.01853	      1.02235	      1.01126	      1.00896	      1.00395	      1.00355	      1.02980	      1.01879	
  1.45555e+08	     0.978530	     0.972810	     0.977877	     0.969778	      1.02367	      1.02331	      1.01234	      1.01371	     0.998361	      1.00009	      1.03157	      1.03308	
  1.45635e+08	     0.979334	     0.972136	     0.976710	     0.977140	      1.02866	      1.02782	      1.00400	      1.01525	      1.00189	     0.998649	      1.02645	      1.02864	
  1.45715e+08	     0.977046	     0.971465	     0.975616	     0.973539	      1.02766	      1.04036	      1.01624	      1.00717	      1.00812	      1.00289	      1.02700	      1.03141	
  1.45795e+08	     0.976120	     0.973317	     0.973482	     0.980404	      1.03698	      1.03361	      1.01732	      1.01191	      1.00087	      1.00580	      1.02060	      1.01538	
  1.45875e+08	     0.970404	     0.971571	     0.985259	     0.979851	      1.03538	      1.03467	      1.01657	      1.00971	      1.00320	      1.00820	      1.02396	      1.02560	
  1.45955e+08	     0.973925	     0.969425	     0.981039	     0.984775	      1.03971	      1.02719	      1.01099	     0.999210	     0.999475	      1.01121	      1.02226	      1.02251	
  1.46035e+08	     0.976094	     0.972621	     0.986774	     0.985655	      1.03749	      1.02691	      1.00812	      1.00665	      1.00636	      1.00723	      1.02275	      1.02538	
  1.46115e+08	     0.991804	     0.975963	     0.991440	     0.985513	      1.02957	      1.02301	      1.01089	      1.01318	      1.00835	      1.00556	      1.02401	      1.02747	
  1.46195e+08	     0.985729	     0.980213	     0.993621	     0.993597	      1.02880	      1.02528	      1.01516	      1.01091	      1.00650	      1.00526	      1.02112	      1.02511	
  1.46275e+08	     0.989117	     0.980394	     0.990123	     0.991730	      1.02953	      1.02340	      1.00496	      1.00472	      1.01075	      1.00700	      1.02758	      1.03027	
  1.46355e+08	     0.999729	     0.981908	     0.996007	     0.992570	      1.02714	      1.02380	      1.01942	      1.00545	      1.00653	      1.00935	      1.02306	      1.02344	
  1.46435e+08	     0.993196	     0.973310	     0.986146	     0.985563	      1.01276	      1.00462	      1.00011	      1.00389	     0.987934	     0.997473	      1.01015	      1.01406	
  1.46515e+08	      1.30654	      1.30032	      1.35343	      1.34437	      1.47409	      1.45590	      1.68455	      1.59873	      1.68624	      1.61896	      1.66700	      1.63163	
  1.46595e+08	      1.32119	      1.31392	      1.37303	      1.36594	      1.49790	      1.47289	      1.70507	      1.62249	      1.70620	      1.63789	      1.68256	      1.64859	
  1.46675e+08	     0.983975	     0.987555	     0.987095	     0.993463	      1.01359	      1.00940	      1.02593	      1.01134	      1.00075	     0.998234	      1.00538	      1.01857	
  1.46755e+08	      1.00975	      1.00639	      1.00593	      1.00956	      1.03169	      1.02732	      1.03608	      1.02931	      1.01625	      1.02003	      1.02997	      1.03740	
  1.46835e+08	      1.00902	      1.00464	      1.01058	      1.01772	      1.03170	      1.02456	      1.04297	      1.03709	      1.02280	      1.02137	      1.02667	      1.03375	
  1.46915e+08	      1.02059	      1.01050	      1.01549	      1.01516	      1.03121	      1.02441	      1.04409	      1.03348	      1.01846	      1.01804	      1.03193	      1.03159	
  1.46995e+08	      1.01876	      1.01643	      1.01725	      1.01714	      1.02659	      1.01969	      1.04534	      1.04095	      1.02084	      1.01868	      1.04049	      1.04117	
  1.47075e+08	      1.02110	      1.01207	      1.01971	      1.02449	      1.02639	      1.02559	      1.04707	      1.04976	      1.02239	      1.01873	      1.04191	      1.03716	
  1.47155e+08	      1.01758	      1.00838	      1.02806	      1.02647	      1.02585	      1.02488	      1.05215	      1.04180	      1.01491	      1.02087	      1.03996	      1.04355	
  1.47235e+08	      1.02307	      1.00860	      1.02600	      1.02427	      1.02535	      1.02862	      1.05541	      1.04587	      1.02307	      1.02185	      1.03508	      1.04772	
  1.47315e+08	      1.01899	      1.00800	      1.02617	      1.03162	      1.02965	      1.02677	      1.03610	      1.05143	      1.02308	      1.02313	      1.03879	      1.04729	
  1.47395e+08	      1.02196	      1.01240	      1.02217	      1.02633	      1.02733	      1.02593	      1.04288	      1.04296	      1.02415	      1.01767	      1.03262	      1.04238	
  1.47475e+08	      1.01925	      1.01286	      1.02000	      1.02179	      1.02561	      1.02758	      1.04320	      1.04838	      1.02216	      1.01943	      1.03556	      1.03107	
  1.47555e+08	      1.01944	      1.01254	      1.01935	      1.02516	      1.03469	      1.02605	      1.04279	      1.03645	      1.02320	      1.02460	      1.02980	      1.03111	
  1.47635e+08	      1.02230	      1.01640	      1.01613	      1.02463	      1.03605	      1.02962	      1.04169	      1.03484	      1.02332	      1.01919	      1.03241	      1.04071	
  1.47715e+08	      1.00279	      1.00357	      1.00793	      1.00830	      1.01793	      1.01431	      1.01175	      1.01333	      1.01088	      1.00690	      1.01723	      1.02842	
  1.47795e+08	      1.32499	      1.32556	      1.38171	      1.37598	      1.49333	      1.48558	      1.71504	      1.62859	      1.71449	      1.64440	      1.68769	      1.65491	
  1.47875e+08	      1.33654	      1.32892	      1.39469	      1.38867	      1.51428	      1.49567	      1.72982	      1.64261	      1.73149	      1.66101	      1.69832	      1.66709	
  1.47955e+08	      1.01248	     0.997969	      1.00635	      1.01261	      1.03633	      1.02612	      1.01321	      1.01228	      1.00415	      1.00498	      1.02642	      1.03225	
  1.48035e+08	      1.03040	      1.01729	      1.02220	      1.02913	      1.05634	      1.04881	      1.03074	      1.01806	      1.02233	      1.02326	      1.03766	      1.04431	
  1.48115e+08	      1.03061	      1.02076	      1.02860	      1.03260	      1.05601	      1.04608	      1.01659	      1.02272	      1.03484	      1.01936	      1.03854	      1.03863	
  1.48195e+08	      1.03476	      1.02173	      1.03228	      1.02914	      1.05807	      1.04200	      1.02360	      1.02574	      1.02671	      1.02570	      1.04006	      1.03467	
  1.48275e+08	      1.03383	      1.02587	      1.03294	      1.03325	      1.05093	      1.03949	      1.01215	      1.01693	      1.03510	      1.02095	      1.03647	      1.03274	
  1.48355e+08	      1.03118	      1.02718	      1.03733	      1.03294	      1.05864	      1.04329	      1.01954	      1.00418	      1.03043	      1.01700	      1.04369	      1.04020	
  1.48435e+08	      1.02957	      1.02044	      1.03470	      1.04128	      1.06081	      1.04688	      1.01648	      1.00997	      1.02443	      1.01988	      1.03385	      1.04142	
  1.48515e+08	      1.02719	      1.02589	      1.02752	      1.03819	      1.04999	      1.04058	      1.02283	      1.01040	      1.02578	      1.01858	      1.03206	      1.04152	
  1.48595e+08	      1.03641	      1.01898	      1.03147	      1.03701	      1.05271	      1.05101	      1.01975	      1.01209	      1.02628	      1.02466	      1.03709	      1.04208	
  1.48675e+08	      1.02688	      1.01434	      1.03648	      1.03836	      1.05779	      1.04816	      1.02018	      1.01524	      1.03046	      1.02509	      1.03574	      1.04503	
  1.48755e+08	      1.02213	      1.01870	      1.03654	      1.03566	      1.04939	      1.04843	      1.02458	      1.02485	      1.03518	      1.03449	      1.04454	      1.04439	
  1.48835e+08	      1.02442	      1.02274	      1.03075	      1.03200	      1.06334	      1.05093	      1.03280	      1.03169	      1.03827	      1.03294	      1.04489	      1.04374	
  1.48915e+08	      1.02417	      1.02109	      1.03601	      1.03650	      1.05654	      1.05457	      1.02242	      1.03604	      1.03343	      1.03608	      1.04045	      1.04200	
  1.48995e+08	      1.01402	      1.00802	      1.01395	      1.01682	      1.04830	      1.03829	      1.02559	      1.02228	      1.02302	      1.02112	      1.02871	      1.03151	
  1.49075e+08	      1.33595	      1.32904	      1.39781	      1.38445	      1.51867	      1.49659	      1.72709	      1.64469	      1.72861	      1.65957	      1.69486	      1.66429	
  1.49155e+08	      1.33761	      1.33607	      1.40211	      1.39228	      1.51793	      1.50191	      1.73479	      1.64679	      1.73092	      1.66415	      1.69594	      1.66719	
  1.49235e+08	      1.00601	      1.01251	      1.01780	      1.02181	      1.03977	      1.03518	      1.03790	      1.03611	      1.01385	      1.01253	      1.02362	      1.02554	
  1.49315e+08	      1.03630	      1.02857	      1.02473	      1.04074	      1.05579	      1.05545	      1.03811	      1.04246	      1.02631	      1.02429	      1.03696	      1.04238	
  1.49395e+08	      1.02930	      1.02532	      1.03710	      1.04294	      1.05425	      1.05921	      1.05088	      1.05392	      1.02745	      1.02411	      1.04292	      1.04512	
  1.49475e+08	      1.03092	      1.02995	      1.03866	      1.04367	      1.05412	      1.04933	      1.05263	      1.04021	      1.02500	      1.02327	      1.04210	      1.03780	
  1.49555e+08	      1.02525	      1.02801	      1.04776	      1.04138	      1.05552	      1.04903	      1.05788	      1.04470	      1.02552	      1.02322	      1.03846	      1.04580	
  1.49635e+08	      1.03214	      1.02314	      1.03988	      1.04234	      1.05212	      1.05360	      1.04733	      1.04876	      1.01732	      1.02199	      1.03808	      1.04811	
  1.49715e+08	      1.03168	      1.02494	      1.04106	      1.04380	      1.05590	      1.05143	      1.03652	      1.03280	      1.02227	      1.01839	      1.03083	      1.05184	
  1.49795e+08	      1.02997	      1.02165	      1.03688	      1.04033	      1.05225	      1.04455	      1.03600	      1.02714	      1.01991	      1.02460	      1.03458	      1.04417	
  1.49875e+08	      1.02040	      1.02313	      1.04128	      1.03694	      1.05360	      1.05275	      1.03486	      1.03470	      1.02754	      1.02510	      1.02923	      1.05240	
  1.49955e+08	      1.01534	      1.01999	      1.03535	      1.04132	      1.05222	      1.05430	      1.03753	      1.02810	      1.01920	      1.02186	      1.03288	      1.03676	
  1.50035e+08	      1.01682	      1.02648	      1.03537	      1.03793	      1.05260	      1.05092	      1.03150	      1.01900	      1.02732	      1.01938	      1.03112	      1.04764	
  1.50115e+08	      1.02647	      1.02293	      1.02945	      1.03685	      1.05456	      1.04987	      1.03219	      1.02461	      1.01878	      1.02262	      1.03733	      1.03893	
  1.50195e+08	      1.02482	     0.985594	      1.03002	     0.999910	      1.05621	     0.995199	      1.02753	      1.00776	      1.02433	     0.991437	      1.03443	      1.00088	
  1.50275e+08	      1.00226	     0.969329	      1.00752	     0.980186	      1.03729	     0.978041	      1.01269	      1.00098	      1.00866	     0.996799	      1.02280	      1.00492	
  1.50355e+08	      1.33059	      1.33069	      1.39659	      1.39457	      1.50636	      1.49662	      1.73238	      1.63840	      1.72693	      1.65753	      1.68684	      1.65026	
  1.50435e+08	      1.32737	      1.32419	      1.39211	      1.39288	      1.50070	      1.49499	      1.73021	      1.63635	      1.72335	      1.65556	      1.68138	      1.65554	
  1.50515e+08	     0.991641	     0.952322	      1.00986	     0.955915	      1.03058	     0.972004	      1.02299	     0.966871	      1.01074	     0.987361	      1.01186	      1.00870	
  1.50595e+08	      1.00683	      1.01258	      1.02514	      1.02903	      1.05307	      1.05464	      1.05200	      1.03248	      1.03233	      1.02789	      1.03589	      1.04394	
  1.50675e+08	      1.00387	      1.00972	      1.02684	      1.03008	      1.05533	      1.05056	      1.04105	      1.03785	      1.03233	      1.03202	      1.03662	      1.03967	
  1.50755e+08	      1.00450	      1.00748	      1.03369	      1.03207	      1.04305	      1.04821	      1.03943	      1.03369	      1.03311	      1.03647	      1.04173	      1.03880	
  1.50835e+08	      1.00237	      1.00340	      1.02377	      1.03590	      1.03980	      1.04162	      1.03781	      1.03623	      1.03047	      1.03056	      1.03759	      1.04357	
  1.50915e+08	      1.00143	      1.00053	      1.02898	      1.03246	      1.03864	      1.03676	      1.03518	      1.02614	      1.03007	      1.03655	      1.03821	      1.04173	
  1.50995e+08	     0.996606	     0.998912	      1.02739	      1.03364	      1.03927	      1.03108	      1.04219	      1.03193	      1.03365	      1.03863	      1.03327	      1.04041	
  1.51075e+08	     0.991666	     0.999678	      1.02819	      1.03009	      1.03324	      1.03459	      1.03896	      1.03520	      1.03691	      1.03219	      1.03529	      1.04073	
  1.51155e+08	     0.997561	     0.998353	      1.02833	      1.03185	      1.03285	      1.03395	      1.04367	      1.03446	      1.03862	      1.03459	      1.03335	      1.03801	
  1.51235e+08	      1.00024	      1.00175	      1.02776	      1.02496	      1.03363	      1.03783	      1.03084	      1.03970	      1.03668	      1.02794	      1.03015	      1.03011	
  1.51315e+08	     0.995413	     0.996726	      1.02672	      1.02979	      1.02809	      1.02631	      1.02076	      1.02535	      1.03588	      1.02830	      1.02856	      1.03262	
  1.51395e+08	     0.993869	      1.00328	      1.02584	      1.02416	      1.01793	      1.02663	      1.01652	      1.01976	      1.02809	      1.03389	      1.02345	      1.03111	
  1.51475e+08	      1.00239	     0.997206	      1.02464	      1.02029	      1.02098	      1.02596	      1.01104	      1.01325	      1.02962	      1.02602	      1.03034	      1.02929	
  1.51555e+08	     0.985108	     0.983091	      1.00631	      1.01054	      1.00419	      1.01101	      1.00531	     0.993238	      1.01690	      1.01102	      1.01200	      1.02005	
  1.51635e+08	      1.31776	      1.31311	      1.38382	      1.38392	      1.49091	      1.48207	      1.71551	      1.62759	      1.70994	      1.64374	      1.66410	      1.64077	
  1.51715e+08	      1.31172	      1.30899	      1.37793	      1.38511	      1.48759	      1.47455	      1.70502	      1.62457	      1.70281	      1.63744	      1.65593	      1.62950	
  1.51795e+08	     0.979197	     0.975850	      1.00852	      1.01116	      1.00664	      1.00404	     0.997506	     0.990958	      1.00419	      1.00511	      1.00454	      1.00488	
  1.51875e+08	     0.998769	      1.00036	      1.01940	      1.02171	      1.03144	      1.02313	      1.01663	      1.01246	      1.02023	      1.02154	      1.01946	      1.02397	
  1.51955e+08	      1.00448	     0.993815	      1.02410	      1.02194	      1.02718	      1.02434	      1.01801	      1.00928	      1.02255	      1.02039	      1.01959	      1.01858	
  1.52035e+08	      1.00258	     0.999228	      1.02138	      1.02727	      1.02674	      1.02162	      1.00821	      1.00092	      1.02685	      1.01293	      1.02078	      1.02521	
  1.52115e+08	      1.00042	     0.999602	      1.02014	      1.02457	      1.02157	      1.02196	      1.00210	      1.00743	      1.02306	      1.01859	      1.02305	      1.02406	
  1.52195e+08	     0.998836	      1.00440	      1.02001	      1.02479	      1.02418	      1.02492	      1.00017	      1.00449	      1.02093	      1.01720	      1.01954	      1.02759	
  1.52275e+08	      1.00568	     0.999152	      1.01488	      1.02272	      1.02267	      1.01872	      1.00601	      1.00189	      1.02323	      1.01219	      1.01980	      1.02280	
  1.52355e+08	     0.998641	      1.00285	      1.02147	      1.02566	      1.02071	      1.01820	     0.996455	     0.987849	      1.01290	      1.01769	      1.01935	      1.02569	
  1.52435e+08	      1.00709	      1.01337	      1.02200	      1.02959	      1.02211	      1.02401	      1.00150	     0.992898	      1.00998	      1.01874	      1.01998	      1.02429	
  1.52515e+08	      1.01025	      1.01137	      1.02158	      1.02786	      1.01400	      1.01354	     0.987144	     0.988414	      1.01538	      1.01432	      1.02588	      1.02144	
  1.52595e+08	      1.00680	      1.00904	      1.02373	      1.02169	      1.01031	      1.01188	     0.984393	     0.991256	      1.01635	      1.01424	      1.02128	      1.01868	
  1.52675e+08	      1.00898	      1.00738	      1.02071	      1.03325	      1.01052	      1.01508	     0.985039	     0.998814	      1.01618	      1.00482	      1.01546	      1.02305	
  1.52755e+08	      1.01243	      1.00536	      1.02080	      1.02397	      1.00424	      1.01331	     0.994557	     0.994847	      1.00574	      1.00847	      1.01376	      1.01447	
  1.52835e+08	     0.994351	     0.993563	      1.00350	      1.00869	     0.990236	     0.999555	     0.981265	     0.981678	     0.985502	     0.993998	      1.00404	      1.00146	
  1.52915e+08	      1.32531	      1.30187	      1.37114	      1.37261	      1.48683	      1.46290	      1.69224	      1.61538	      1.68566	      1.62605	      1.64503	      1.61535	
  1.52995e+08	      1.31950	      1.29718	      1.36525	      1.37110	      1.47739	      1.45723	      1.68447	      1.60749	      1.67651	      1.61710	      1.63476	      1.60577	
  1.53075e+08	     0.984880	     0.987671	     0.999663	      1.00807	     0.992433	     0.990655	     0.984082	     0.984045	     0.990289	     0.991781	      1.00136	     0.996463	
  1.53155e+08	     0.999148	     0.999785	      1.01898	      1.02263	      1.00581	      1.01028	     0.994018	     0.993696	      1.00563	      1.00578	      1.00880	      1.01628	
  1.53235e+08	      1.00510	     0.994251	      1.02069	      1.02714	      1.00596	      1.01373	      1.00006	      1.00241	      1.00357	     0.999572	      1.01538	      1.01720	
  1.53315e+08	      1.00330	      1.00020	      1.02040	      1.02955	      1.00544	      1.01262	     0.999624	     0.992984	      1.00369	      1.00384	      1.02025	      1.01391	
  1.53395e+08	      1.00110	     0.996728	      1.01665	      1.02921	      1.01243	      1.00602	     0.987541	     0.994033	      1.00734	      1.00786	      1.01781	      1.01592	
  1.53475e+08	     0.993420	     0.994204	      1.01928	      1.02273	      1.00614	      1.01013	     0.983127	     0.989698	      1.00922	      1.00221	      1.02381	      1.01682	
  1.53555e+08	     0.997815	     0.991088	      1.01313	      1.01911	      1.00587	      1.00441	     0.992713	     0.988062	      1.00678	      1.00140	      1.01640	      1.01088	
  1.53635e+08	     0.990965	     0.989463	      1.01612	      1.01788	      1.00480	      1.00649	     0.989263	     0.990159	      1.00462	     0.999382	      1.01631	      1.01020	
  1.53715e+08	     0.992500	     0.988955	      1.01039	      1.00976	      1.00720	      1.00498	     0.996188	     0.994320	      1.00376	      1.00137	      1.01374	      1.01437	
  1.53795e+08	     0.991867	     0.996665	      1.00600	      1.00351	      1.00326	      1.00541	     0.990781	      1.00179	      1.00145	     0.996756	      1.01545	      1.01770	
  1.53875e+08	     0.988159	     0.991776	      1.00981	      1.00718	      1.00788	      1.00693	      1.00250	      1.00455	     0.998462	      1.00060	      1.01001	      1.01050	
  1.53955e+08	     0.991493	     0.993135	      1.00566	      1.00576	     0.999453	      1.00379	     0.996937	     0.996930	      1.00066	     0.998450	      1.00052	      1.00805	
  1.54035e+08	     0.993279	     0.991271	      1.00488	      1.00810	      1.00097	     0.997578	      1.00942	      1.00330	     0.994829	      1.00081	     0.997095	     0.999564	
  1.54115e+08	     0.975476	     0.976433	     0.995994	     0.995473	     0.988433	     0.986431	     0.993597	     0.990129	     0.985595	     0.984348	     0.981545	     0.984531	
  1.54195e+08	      1.28836	      1.28998	      1.35911	      1.35664	      1.46037	      1.45036	      1.67605	      1.59856	      1.66592	      1.61005	      1.61915	      1.59605	
  1.54275e+08	      1.29707	      1.29679	      1.36056	      1.36504	      1.45772	      1.44528	      1.67928	      1.59485	      1.66419	      1.60578	      1.61597	      1.59152	
  1.54355e+08	     0.972824	     0.970114	     0.996609	     0.992714	     0.991835	     0.990568	     0.989560	     0.989457	     0.989058	     0.990322	     0.977685	     0.978162	
  1.54435e+08	     0.989104	     0.987218	      1.01039	      1.00741	      1.01603	      1.00767	      1.00833	      1.00444	      1.00480	      1.00404	     0.997405	     0.985831	
  1.54515e+08	     0.990747	     0.993366	      1.01187	      1.01040	     0.999740	      1.00765	      1.00528	      1.00697	      1.01587	      1.00651	      1.00094	     0.995926	
  1.54595e+08	     0.985654	     0.992508	      1.00801	      1.01116	      1.00785	      1.00662	      1.00588	      1.00582	      1.00670	      1.01486	     0.998029	      1.00403	
  1.54675e+08	     0.993791	     0.990279	      1.01022	      1.01034	      1.00902	      1.00716	     0.985656	      1.00877	      1.00895	      1.00343	     0.998768	     0.994646	
  1.54755e+08	     0.991487	     0.992772	     0.997299	      1.01153	      1.01362	      1.00618	     0.991751	     0.999489	      1.01523	      1.00680	     0.997553	     0.997705	
  1.54835e+08	     0.992690	     0.988109	      1.00852	      1.01318	      1.00636	      1.00264	     0.997247	     0.985047	      1.00574	      1.00408	      1.00175	      1.00056	
  1.54915e+08	     0.990426	     0.985911	      1.00350	      1.00945	      1.00992	      1.00413	     0.978446	     0.989579	      1.00292	      1.01267	      1.00309	     0.994521	
  1.54995e+08	     0.994777	     0.989316	      1.01183	      1.01816	      1.00577	     0.997154	     0.984208	     0.991701	      1.01361	      1.00886	      1.00324	      1.00263	
  1.55075e+08	     0.988592	     0.987640	      1.00910	      1.01024	     0.996923	     0.997955	     0.985820	     0.991942	      1.00776	     0.998214	      1.00131	     0.994873	
  1.55155e+08	     0.992434	     0.987104	      1.01292	      1.01241	     0.995978	      1.00352	     0.986088	     0.985713	      1.00870	      1.00748	     0.999143	      1.00293	
  1.55235e+08	     0.997841	     0.985975	      1.01150	      1.00749	     0.996183	     0.996125	     0.992932	     0.990236	      1.01181	      1.01370	      1.00077	      1.00725	
  1.55315e+08	     0.990763	     0.988813	      1.01003	      1.01046	      1.00008	      1.00279	     0.987512	     0.973845	      1.00402	      1.00648	     0.997614	     0.999846	
  1.55395e+08	     0.984034	     0.972392	     0.997273	     0.994992	     0.987340	     0.987907	     0.962769	     0.967825	      1.00035	     0.999529	     0.993356	     0.986460	
  1.55475e+08	      1.29341	      1.29308	      1.35729	      1.36002	      1.45382	      1.43955	      1.67448	      1.58731	      1.65814	      1.59772	      1.61003	      1.58445	
  1.55555e+08	      1.30531	      1.29901	      1.36275	      1.36668	      1.46156	      1.44380	      1.68044	      1.59553	      1.66444	      1.60228	      1.61567	      1.58597	
  1.55635e+08	     0.976591	     0.977339	     0.995305	     0.991794	     0.985927	     0.978477	     0.961370	     0.972428	     0.999591	      1.00060	     0.986398	     0.988283	
  1.55715e+08	     0.988683	     0.988477	      1.01055	      1.00740	      1.00522	      1.00055	     0.993683	     0.987767	      1.01629	      1.01340	     0.997663	     0.999875	
  1.55795e+08	     0.988269	     0.996239	      1.01612	      1.00859	      1.00522	     0.999417	      1.00018	     0.980091	      1.01340	      1.01407	      1.00332	      1.00308	
  1.55875e+08	     0.993486	     0.994810	      1.01193	      1.01025	      1.00215	      1.01007	     0.995025	     0.977121	      1.01744	      1.01510	      1.00139	      1.00397	
  1.55955e+08	     0.992124	     0.988895	      1.01397	      1.00498	      1.00466	      1.01286	     0.981285	     0.982057	      1.01952	      1.02223	      1.00047	      1.00995	
  1.56035e+08	     0.985797	     0.989000	      1.01271	      1.00731	      1.00974	      1.00434	     0.970484	     0.979253	      1.02205	      1.02405	      1.00298	      1.00476	
  1.56115e+08	     0.989479	     0.991423	      1.00285	      1.00091	      1.01070	      1.00235	     0.979811	     0.977301	      1.02245	      1.01690	      1.00005	      1.00772	
  1.56195e+08	     0.984262	     0.987223	      1.00837	     0.997763	      1.00879	     0.993803	     0.974740	     0.977519	      1.02432	      1.02417	      1.00656	      1.01470	
  1.56275e+08	     0.991466	     0.985659	      1.00397	      1.00981	      1.00309	      1.00057	     0.980243	     0.977502	      1.02555	      1.01843	      1.00959	      1.00927	
  1.56355e+08	     0.991402	     0.989370	      1.00501	      1.00981	      1.00434	     0.999625	     0.973215	     0.989386	      1.02259	      1.01681	      1.00534	      1.01075	
  1.56435e+08	     0.988706	     0.991088	      1.00720	      1.01125	      1.00083	     0.996769	     0.987974	     0.996853	      1.02004	      1.02057	      1.00132	      1.00789	
  1.56515e+08	     0.989648	     0.990031	      1.00677	      1.00952	      1.00024	      1.00132	     0.986312	     0.998397	      1.02064	      1.01969	      1.01456	      1.00668	
  1.56595e+08	     0.987543	     0.983968	      1.01295	      1.01187	     0.999111	     0.996181	      1.00194	      1.00829	      1.02457	      1.01871	      1.01147	      1.01222	
  1.56675e+08	     0.977427	     0.968526	     0.996950	     0.997035	     0.987570	     0.987928	     0.983801	     0.989330	      1.01052	      1.00639	     0.996107	     0.993176	
  1.56755e+08	      1.30682	      1.30313	      1.36506	      1.36777	      1.46340	      1.44330	      1.67942	      1.60076	      1.66341	      1.60453	      1.61503	      1.58344	
  1.56835e+08	      1.31819	      1.31459	      1.37629	      1.37910	      1.47214	      1.45269	      1.68862	      1.61252	      1.67623	      1.61427	      1.62425	      1.58978	
  1.56915e+08	     0.975002	     0.974853	     0.999335	     0.992667	     0.985456	     0.981056	     0.994264	      1.00083	      1.00443	     0.992581	     0.991890	     0.993807	
  1.56995e+08	     0.993995	     0.992205	      1.01536	      1.01471	      1.00323	     0.999320	      1.00520	      1.02169	      1.02196	      1.01646	      1.01646	      1.01121	
  1.57075e+08	     0.992286	     0.986811	      1.01723	      1.01173	      1.00121	     0.997866	      1.01888	      1.01808	      1.02072	      1.01625	      1.01707	      1.00977	
  1.57155e+08	     0.994452	     0.992337	      1.01029	      1.01014	      1.00234	      1.00060	      1.01387	      1.02347	      1.01989	      1.00975	      1.00981	      1.01725	
  1.57235e+08	     0.996470	     0.998497	      1.01505	      1.01033	     0.996063	     0.997909	      1.02297	      1.02922	      1.01781	      1.01722	      1.01991	      1.00774	
  1.57315e+08	     0.994181	     0.989933	      1.01341	      1.01084	     0.996858	      1.00346	      1.02057	      1.02305	      1.01110	      1.01650	      1.01652	      1.02311	
  1.57395e+08	     0.995927	     0.993561	      1.01223	      1.01409	     0.998529	     0.998721	      1.02503	      1.02267	      1.01607	      1.01553	      1.01730	      1.01844	
  1.57475e+08	     0.994081	     0.992031	      1.01450	      1.00985	     0.994139	      1.00126	      1.01666	      1.01854	      1.02677	      1.01593	      1.01528	      1.02054	
  1.57555e+08	     0.991346	     0.989280	      1.00982	      1.00890	      1.00215	      1.00683	      1.01402	      1.02091	      1.02454	      1.02294	      1.02065	      1.02180	
  1.57635e+08	     0.988604	     0.990878	      1.01270	      1.00607	      1.00104	      1.00073	      1.01027	      1.00500	      1.03031	      1.01048	      1.02020	      1.02683	
  1.57715e+08	     0.990461	     0.989428	      1.00569	      1.00685	      1.00027	      1.00200	      1.01080	      1.01255	      1.02885	      1.01894	      1.02582	      1.02326	
  1.57795e+08	     0.991342	     0.993631	      1.00583	      1.00377	      1.00212	      1.00343	      1.00937	      1.01930	      1.03174	      1.02135	      1.01759	      1.01754	
  1.57875e+08	     0.989702	     0.989249	      1.00796	     0.999262	     0.999451	     0.999159	      1.01166	      1.01344	      1.03267	      1.02539	      1.02692	      1.02646	
  1.57955e+08	     0.978244	     0.978749	     0.986878	     0.990206	     0.990402	     0.995163	     0.992785	      1.00283	      1.01657	      1.01277	      1.01254	      1.00625	
  1.58035e+08	      1.32166	      1.31658	      1.37833	      1.38432	      1.46774	      1.45488	      1.69276	      1.61171	      1.67843	      1.61829	      1.62516	      1.59103	
  1.58115e+08	      1.34166	      1.33020	      1.39297	      1.39750	      1.48554	      1.46702	      1.70837	      1.62546	      1.68877	      1.63014	      1.63842	      1.60067	
  1.58195e+08	     0.984838	     0.984332	     0.995504	     0.990120	     0.983231	     0.985114	      1.00066	      1.00878	      1.01278	      1.00918	      1.01348	      1.00718	
  1.58275e+08	     0.998580	      1.00213	      1.01179	      1.01192	      1.00646	      1.00284	      1.02551	      1.02234	      1.02990	      1.03139	      1.02622	      1.02386	
  1.58355e+08	      1.00254	      1.00390	      1.01136	      1.01428	     0.999678	      1.00533	      1.03575	      1.02306	      1.02601	      1.02931	      1.02476	      1.02254	
  1.58435e+08	      1.01177	      1.00444	      1.01975	      1.00876	      1.00066	      1.00614	      1.02586	      1.02336	      1.03032	      1.02675	      1.02518	      1.01875	
  1.58515e+08	      1.00923	      1.00701	      1.02278	      1.01773	      1.00634	      1.00997	      1.03078	      1.03598	      1.03483	      1.02519	      1.02462	      1.01810	
  1.58595e+08	      1.00500	      1.00905	      1.01911	      1.01644	      1.00243	      1.00714	      1.02895	      1.03107	      1.03454	      1.03097	      1.02937	      1.02006	
  1.58675e+08	      1.00190	      1.01287	      1.02477	      1.01701	      1.00078	      1.00719	      1.02966	      1.02126	      1.03139	      1.02532	      1.02275	      1.01779	
  1.58755e+08	      1.00794	      1.01085	      1.00627	      1.01869	     0.998603	      1.00495	      1.02246	      1.02270	      1.02889	      1.03030	      1.02543	      1.01360	
  1.58835e+08	      1.01024	      1.00725	      1.01837	      1.01822	      1.00776	      1.00492	      1.04059	      1.03766	      1.03360	      1.02837	      1.02635	      1.01640	
  1.58915e+08	      1.01179	      1.01742	      1.02105	      1.02341	      1.00996	      1.01580	      1.01963	      1.02422	      1.02474	      1.02542	      1.02096	      1.01238	
  1.58995e+08	      1.01921	      1.01340	      1.02929	      1.02866	      1.01389	      1.01508	      1.02251	      1.03128	      1.02601	      1.02620	      1.02524	      1.02248	
  1.59075e+08	      1.01626	      1.01834	      1.02399	      1.02296	      1.00519	      1.01229	      1.02436	      1.02867	      1.02936	      1.02693	      1.03264	      1.01873	
  1.59155e+08	      1.01190	      1.01601	      1.02590	      1.02421	      1.01287	      1.01617	      1.02609	      1.02320	      1.02495	      1.02133	      1.02467	      1.01720	
  1.59235e+08	      1.00329	      1.00668	      1.01257	      1.01303	      1.00461	      1.00252	      1.00983	      1.00982	      1.00940	      1.00192	      1.01242	      1.00177	
  1.59315e+08	      1.34710	      1.33311	      1.39745	      1.39911	      1.48549	      1.47525	      1.70458	      1.62716	      1.68734	      1.63228	      1.64034	      1.60025	
  1.59395e+08	      1.35804	      1.34409	      1.40982	      1.40893	      1.49530	      1.48369	      1.72481	      1.63924	      1.69452	      1.64117	      1.64715	      1.60553	
  1.59475e+08	      1.00003	      1.00512	      1.00956	      1.00174	      1.00201	      1.00332	      1.01529	      1.01716	      1.00825	      1.00968	      1.00346	     0.997251	
  1.59555e+08	      1.01855	      1.01609	      1.02367	      1.02270	      1.01890	      1.02272	      1.02442	      1.02593	      1.02574	      1.02743	      1.02077	      1.02196	
  1.59635e+08	      1.01722	      1.03156	      1.02908	      1.03146	      1.02178	      1.02603	      1.03271	      1.03573	      1.02954	      1.03169	      1.02860	      1.02297	
  1.59715e+08	      1.01665	      1.02827	      1.02012	      1.03208	      1.02613	      1.02371	      1.03894	      1.03445	      1.02585	      1.02903	      1.02411	      1.02373	
  1.59795e+08	      1.02529	      1.02753	      1.03222	      1.02960	      1.02634	      1.02683	      1.03600	      1.03755	      1.02718	      1.02898	      1.02619	      1.02614	
  1.59875e+08	      1.02183	      1.02796	      1.02912	      1.02862	      1.02434	      1.02405	      1.04034	      1.03163	      1.02699	      1.03141	      1.02424	      1.02182	
  1.59955e+08	      1.02137	      1.02584	      1.02993	      1.02304	      1.02628	      1.02673	      1.04043	      1.03213	      1.02147	      1.02856	      1.02661	      1.01803	
  1.60035e+08	      1.01522	      1.02976	      1.02706	      1.02253	      1.03154	      1.02886	      1.03022	      1.03629	      1.02815	      1.03002	      1.02423	      1.01259	
  1.60115e+08	      1.02514	      1.03270	      1.02955	      1.02448	      1.02699	      1.02075	      1.04396	      1.01822	      1.02876	      1.03588	      1.02168	      1.01430	
  1.60195e+08	      1.02362	      1.03173	      1.02363	      1.02516	      1.03003	      1.02774	      1.03701	      1.03163	      1.03353	      1.03497	      1.02580	      1.01384	
  1.60275e+08	      1.01957	      1.02484	      1.02684	      1.02209	      1.02787	      1.02424	      1.04211	      1.03901	      1.03822	      1.03105	      1.02995	      1.01734	
  1.60355e+08	      1.01756	      1.02565	      1.02301	      1.02411	      1.02578	      1.02529	      1.03915	      1.03673	      1.03394	      1.03776	      1.02465	      1.01897	
  1.60435e+08	      1.01238	      1.02310	      1.02774	      1.02045	      1.02952	      1.02696	      1.03252	      1.03676	      1.03157	      1.03091	      1.03057	      1.01537	
  1.60515e+08	     0.999431	      1.00145	      1.00969	      1.01146	      1.01374	      1.01486	      1.01985	      1.01417	      1.02122	      1.01542	      1.01102	      1.00459	
  1.60595e+08	      1.36201	      1.34101	      1.41129	      1.41025	      1.49918	      1.48231	      1.72042	      1.64073	      1.69707	      1.63948	      1.64279	      1.60019	
  1.60675e+08	      1.36789	      1.35378	      1.41690	      1.41697	      1.50171	      1.48432	      1.72531	      1.64411	      1.69858	      1.64363	      1.64030	      1.59972	
  1.60755e+08	     0.994970	     0.999661	      1.01026	      1.01013	      1.00916	      1.00619	      1.03388	      1.02911	      1.00981	      1.00885	      1.00054	     0.998862	
  1.60835e+08	      1.01740	      1.01552	      1.02722	      1.03081	      1.02055	      1.02752	      1.05167	      1.05238	      1.03435	      1.03236	      1.01993	      1.01047	
  1.60915e+08	      1.01282	      1.01024	      1.02783	      1.02777	      1.02399	      1.03048	      1.03952	      1.05824	      1.03371	      1.03463	      1.02109	      1.01483	
  1.60995e+08	      1.00819	      1.01963	      1.02428	      1.02805	      1.02962	      1.02677	      1.05234	      1.04485	      1.03745	      1.03286	      1.02029	      1.01031	
  1.61075e+08	      1.01567	      1.01916	      1.02362	      1.02496	      1.02485	      1.02428	      1.05111	      1.04812	      1.03543	      1.03135	      1.02382	      1.01129	
  1.61155e+08	      1.01505	      1.01713	      1.02057	      1.02886	      1.01972	      1.02357	      1.04768	      1.04739	      1.04032	      1.03739	      1.01561	      1.01288	
  1.61235e+08	      1.01172	      1.01817	      1.01888	      1.02916	      1.01660	      1.01539	      1.04601	      1.04521	      1.03580	      1.02738	      1.01420	      1.01135	
  1.61315e+08	      1.02061	      1.01956	      1.02550	      1.02803	      1.01350	      1.01845	      1.02606	      1.03881	      1.03494	      1.02624	      1.01449	      1.01231	
  1.61395e+08	      1.02076	      1.01862	      1.02262	      1.03001	      1.01099	      1.00789	      1.04479	      1.03974	      1.03470	      1.03298	      1.01613	      1.01206	
  1.61475e+08	      1.02341	      1.02190	      1.02372	      1.02616	      1.00865	      1.01476	      1.05416	      1.05104	      1.03094	      1.02896	      1.02017	      1.01700	
  1.61555e+08	      1.01698	      1.02254	      1.02579	      1.02714	      1.01012	      1.01140	      1.03309	      1.04086	      1.03004	      1.02853	      1.00951	      1.01259	
  1.61635e+08	      1.02121	      1.02201	      1.02179	      1.02463	      1.00666	      1.01144	      1.03772	      1.04533	      1.03008	      1.02729	      1.01071	      1.00247	
  1.61715e+08	      1.00732	      1.00932	      1.01439	      1.01425	      1.00859	      1.01179	      1.03863	      1.04435	      1.02291	      1.02487	      1.01514	      1.00462	
  1.61795e+08	     0.992691	      1.00154	      1.00083	      1.00808	     0.993234	     0.995697	      1.03302	      1.03714	      1.01666	      1.00931	     0.995695	     0.991953	
  1.61875e+08	      1.36471	      1.35015	      1.41271	      1.41024	      1.49066	      1.47797	      1.72099	      1.63325	      1.69293	      1.63697	      1.63022	      1.59156	
  1.61955e+08	      1.36824	      1.35037	      1.41145	      1.40829	      1.48788	      1.47589	      1.71211	      1.62813	      1.68590	      1.63276	      1.62073	      1.58534	
  1.62035e+08	     0.993810	     0.996042	      1.00262	      1.00788	     0.991914	     0.993164	      1.01705	      1.01213	      1.01079	      1.01480	     0.979201	     0.986745	
  1.62115e+08	      1.01145	      1.01927	      1.02072	      1.03183	      1.00129	      1.01204	      1.03891	      1.03243	      1.03214	      1.03249	      1.00556	      1.00093	
  1.62195e+08	      1.01561	      1.02359	      1.02704	      1.02860	      1.00618	      1.01036	      1.03781	      1.02782	      1.02541	      1.03777	     0.999655	     0.999700	
  1.62275e+08	      1.01447	      1.01774	      1.03040	      1.03009	      1.00366	      1.00840	      1.03422	      1.02540	      1.02716	      1.02983	     0.994116	      1.00475	
  1.62355e+08	      1.01617	      1.02029	      1.02574	      1.02889	      1.00216	      1.00532	      1.02686	      1.03485	      1.02444	      1.03156	      1.00424	      1.00050	
  1.62435e+08	      1.01474	      1.02379	      1.03242	      1.02138	      1.00016	      1.00698	      1.03463	      1.02982	      1.03335	      1.02859	      1.00345	     0.998024	
  1.62515e+08	      1.01258	      1.02534	      1.02995	      1.03265	     0.998426	      1.00136	      1.01724	      1.02680	      1.02858	      1.02234	      1.00031	      1.00038	
  1.62595e+08	      1.01732	      1.01580	      1.02114	      1.02397	     0.999919	      1.00073	      1.02322	      1.01582	      1.02667	      1.02337	      1.00343	     0.999491	
  1.62675e+08	      1.01816	      1.02045	      1.02263	      1.02389	      1.00101	      1.00484	      1.02282	      1.03200	      1.02085	      1.01809	     0.996965	     0.991943	
  1.62755e+08	      1.01887	      1.01716	      1.02284	      1.01976	      1.00245	      1.00424	      1.03069	      1.02411	      1.02016	      1.01347	      1.00275	     0.999370	
  1.62835e+08	      1.01453	      1.01908	      1.01687	      1.02579	     0.998520	      1.00387	      1.02955	      1.01807	      1.01651	      1.01505	      1.00154	      1.00254	
  1.62915e+08	      1.02704	      1.02018	      1.01694	      1.02478	     0.996375	      1.00210	      1.01522	      1.01155	      1.00315	      1.01091	     0.998214	     0.988618	
  1.62995e+08	      1.01695	      1.01411	      1.02192	      1.01807	     0.996037	     0.998184	      1.01655	      1.01309	      1.00739	      1.00993	     0.989868	     0.988506	
  1.63075e+08	      1.00073	      1.00178	      1.00716	      1.00359	     0.987862	     0.981231	      1.00357	     0.999676	     0.993208	     0.997849	     0.974714	     0.970689	
  1.63155e+08	      1.35377	      1.33735	      1.40318	      1.39591	      1.47697	      1.46460	      1.69388	      1.61720	      1.67646	      1.62283	      1.60409	      1.57020	
  1.63235e+08	      1.35135	      1.33333	      1.39912	      1.39138	      1.46576	      1.45519	      1.68902	      1.60887	      1.66785	      1.61401	      1.59306	      1.56054	
  1.63315e+08	      1.00492	     0.999265	      1.00070	     0.996802	     0.981474	     0.978658	     0.994834	     0.997282	     0.993994	     0.993997	     0.970277	     0.973361	
  1.63395e+08	      1.01835	      1.02043	      1.02313	      1.02329	     0.994552	     0.995840	      1.01474	      1.01595	      1.00835	      1.01032	     0.986439	     0.984030	
  1.63475e+08	      1.02417	      1.02125	      1.02045	      1.01933	      1.00424	     0.998669	      1.00858	      1.01577	      1.01333	      1.01138	     0.988498	     0.985024	
  1.63555e+08	      1.02204	      1.02320	      1.01855	      1.02487	     0.996348	     0.994852	      1.00256	      1.01354	      1.01129	      1.01094	     0.993762	     0.989398	
  1.63635e+08	      1.01906	      1.02144	      1.01774	      1.02716	     0.996528	     0.998136	      1.00332	      1.00447	      1.00716	      1.00907	     0.986910	     0.985804	
  1.63715e+08	      1.02047	      1.02096	      1.01711	      1.02049	     0.992664	     0.998818	      1.00266	     0.998353	      1.00442	      1.00834	     0.990557	     0.986734	
  1.63795e+08	      1.01933	      1.01982	      1.02057	      1.02626	     0.989669	     0.996627	      1.00135	      1.00767	      1.00042	      1.00801	     0.978758	     0.981173	
  1.63875e+08	      1.01896	      1.02087	      1.01482	      1.02178	     0.988588	     0.990798	      1.00755	      1.00178	     0.994748	     0.994297	     0.966923	     0.977501	
  1.63955e+08	      1.01592	      1.02212	      1.02039	      1.02703	     0.989101	     0.985818	      1.00703	      1.00101	     0.998392	     0.998099	     0.977230	     0.971869	
  1.64035e+08	      1.01704	      1.01777	      1.02100	      1.01544	     0.986526	     0.989582	      1.01017	     0.999043	     0.996818	     0.993699	     0.975114	     0.971962	
  1.64115e+08	      1.01420	      1.01396	      1.01186	      1.01637	     0.985160	     0.986104	      1.01028	      1.01250	     0.997303	     0.999096	     0.960637	     0.972309	
  1.64195e+08	      1.01447	      1.01693	      1.01140	      1.00993	     0.985451	     0.988180	      1.00851	     0.998922	     0.987547	     0.993546	     0.966286	     0.965680	
  1.64275e+08	      1.01457	      1.00910	      1.00709	      1.01207	     0.984733	     0.989415	      1.01012	      1.00074	     0.987231	     0.995386	     0.963552	     0.963589	
  1.64355e+08	     0.992561	     0.999034	     0.986636	     0.991737	     0.964437	     0.968700	     0.988331	     0.991240	     0.976175	     0.983419	     0.947158	     0.951758	
  1.64435e+08	      1.34509	      1.32522	      1.38962	      1.38385	      1.45325	      1.43495	      1.68479	      1.59513	      1.65173	      1.59850	      1.57826	      1.54509	
  1.64515e+08	      1.33641	      1.31638	      1.37895	      1.36421	      1.43572	      1.43228	      1.67242	      1.58139	      1.63683	      1.58184	      1.56225	      1.52788	
  1.64595e+08	     0.984704	     0.985122	     0.988655	     0.990522	     0.958147	     0.959761	     0.978998	     0.971116	     0.964766	     0.972828	     0.942480	     0.932313	
  1.64675e+08	      1.00495	      1.00553	      1.00575	      1.01286	     0.978674	     0.984903	     0.992195	     0.989650	     0.975238	     0.982708	     0.957440	     0.957357	
  1.64755e+08	     0.997146	      1.00365	      1.01489	      1.01521	     0.984036	     0.992270	     0.990298	     0.985193	     0.978941	     0.984624	     0.955306	     0.950962	
  1.64835e+08	      1.00453	      1.00413	      1.00673	      1.01388	     0.979418	     0.983803	     0.979611	     0.986231	     0.978254	     0.985073	     0.954627	     0.952355	
  1.64915e+08	     0.998244	     0.995853	      1.00752	      1.01584	     0.976983	     0.984645	     0.976660	     0.980210	     0.987447	     0.982452	     0.960976	     0.957284	
  1.64995e+08	      1.00013	     0.995355	      1.00359	      1.01375	     0.978963	     0.987488	     0.982241	     0.975153	     0.985896	     0.987852	     0.954865	     0.955621	
  1.65075e+08	     0.996379	      1.00187	      1.00271	      1.01326	     0.980816	     0.985639	     0.977104	     0.974612	     0.982631	     0.991925	     0.953607	     0.953720	
  1.65155e+08	      1.00086	      1.00449	     0.996150	      1.01791	     0.978515	     0.976304	     0.981539	     0.977583	     0.984926	     0.988176	     0.949635	     0.948098	
  1.65235e+08	     0.991315	      1.00244	     0.998022	      1.01192	     0.973242	     0.976435	     0.985796	     0.988859	     0.990981	     0.991152	     0.948263	     0.950440	
  1.65315e+08	     0.994393	      1.00332	      1.00053	      1.01757	     0.973948	     0.973256	     0.995347	     0.983170	     0.984389	     0.987220	     0.950203	     0.949572	
  1.65395e+08	     0.994766	      1.00010	     0.999411	      1.00605	     0.968623	     0.979168	     0.980254	     0.982808	     0.987021	     0.985757	     0.942487	     0.951645	
  1.65475e+08	     0.997041	      1.00450	     0.996762	      1.00175	     0.969070	     0.975001	     0.970987	     0.974617	     0.985199	     0.986168	     0.952913	     0.947986	
  1.65555e+08	     0.993596	     0.995988	     0.992885	     0.995488	     0.965672	     0.976260	     0.977611	     0.968592	     0.982407	     0.978240	     0.945333	     0.947391	
  1.65635e+08	     0.975490	     0.981421	     0.978807	     0.980400	     0.954091	     0.956855	     0.960027	     0.951559	     0.971435	     0.969373	     0.935433	     0.932582	
  1.65715e+08	      1.32779	      1.30856	      1.37037	      1.35899	      1.42133	      1.41976	      1.64509	      1.57111	      1.62510	      1.56655	      1.54614	      1.51511	
  1.65795e+08	      1.32438	      1.31125	      1.36152	      1.35669	      1.41745	      1.41241	      1.63164	      1.56043	      1.61504	      1.55709	      1.53526	      1.50367	
  1.65875e+08	     0.974537	     0.975154	     0.965227	     0.973642	     0.948999	     0.949763	     0.946777	     0.944544	     0.966222	     0.965982	     0.922120	     0.928550	
  1.65955e+08	     0.991465	     0.996892	     0.984328	     0.992863	     0.962645	     0.966229	     0.963389	     0.967508	     0.979080	     0.988554	     0.950095	     0.941396	
  1.66035e+08	     0.990360	     0.994064	     0.989554	     0.991877	     0.956634	     0.966969	     0.964401	     0.974179	     0.974745	     0.983896	     0.942711	     0.951265	
  1.66115e+08	     0.984818	     0.987915	     0.991970	     0.992131	     0.956073	     0.964005	     0.962626	     0.972197	     0.978866	     0.987848	     0.948018	     0.944726	
  1.66195e+08	     0.983099	     0.989386	     0.986132	     0.995418	     0.954648	     0.961830	     0.962166	     0.970867	     0.980316	     0.983850	     0.945863	     0.950874	
  1.66275e+08	     0.985033	     0.986680	     0.991082	     0.987583	     0.960382	     0.958137	     0.950749	     0.967388	     0.975522	     0.988510	     0.944058	     0.943455	
  1.66355e+08	     0.981288	     0.989056	     0.980913	     0.981484	     0.949405	     0.951943	     0.965130	     0.971135	     0.982961	     0.980459	     0.942252	     0.939411	
  1.66435e+08	     0.982791	     0.992331	     0.976375	     0.982377	     0.941770	     0.949192	     0.957749	     0.978235	     0.967722	     0.975279	     0.937502	     0.937942	
  1.66515e+08	     0.981874	     0.988519	     0.977593	     0.974566	     0.939543	     0.948219	     0.963248	     0.968298	     0.975458	     0.976666	     0.941048	     0.943707	
  1.66595e+08	     0.980310	     0.984768	     0.973604	     0.975421	     0.936265	     0.941338	     0.962586	     0.967957	     0.970603	     0.978578	     0.938340	     0.939666	
  1.66675e+08	     0.974000	     0.986610	     0.971585	     0.973159	     0.939782	     0.942762	     0.966306	     0.973994	     0.966962	     0.974983	     0.930966	     0.943423	
  1.66755e+08	     0.978824	     0.983974	     0.971533	     0.973818	     0.940345	     0.944569	     0.968401	     0.975035	     0.970429	     0.977092	     0.920119	     0.929951	
  1.66835e+08	     0.974661	     0.976931	     0.964873	     0.969499	     0.936215	     0.941227	     0.959457	     0.974763	     0.963089	     0.976239	     0.916743	     0.927463	
  1.66915e+08	     0.965818	     0.967350	     0.955229	     0.954150	     0.924278	     0.934738	     0.958244	     0.974093	     0.955235	     0.966738	     0.909287	     0.915205	
  1.66995e+08	      1.32092	      1.29909	      1.35207	      1.34644	      1.40765	      1.40259	      1.62771	      1.55236	      1.60018	      1.54592	      1.52089	      1.49059	
  1.67075e+08	      1.31968	      1.29989	      1.35233	      1.34456	      1.39996	      1.39824	      1.62363	      1.54265	      1.59586	      1.54079	      1.51578	      1.48434	
  1.67155e+08	     0.959176	     0.962863	     0.956662	     0.955143	     0.925183	     0.922830	     0.951341	     0.962273	     0.953888	     0.949169	     0.911202	     0.906896	
  1.67235e+08	     0.975149	     0.979918	     0.974427	     0.979572	     0.942238	     0.940295	     0.966179	     0.977613	     0.968257	     0.977733	     0.926156	     0.932076	
  1.67315e+08	     0.984577	     0.980720	     0.974359	     0.973695	     0.941565	     0.945120	     0.971119	     0.975867	     0.960571	     0.972619	     0.929765	     0.934606	
  1.67395e+08	     0.983512	     0.985328	     0.970633	     0.968090	     0.948383	     0.947624	     0.964441	     0.972941	     0.964798	     0.969907	     0.935618	     0.922157	
  1.67475e+08	     0.982006	     0.983715	     0.966085	     0.968602	     0.951972	     0.949362	     0.970941	     0.977230	     0.962422	     0.968770	     0.930730	     0.929103	
  1.67555e+08	     0.977343	     0.981024	     0.961545	     0.968398	     0.942447	     0.947409	     0.973780	     0.971608	     0.968238	     0.974034	     0.929348	     0.934080	
  1.67635e+08	     0.985846	     0.985204	     0.962408	     0.965420	     0.946817	     0.946690	     0.968441	     0.970336	     0.967246	     0.964520	     0.931673	     0.935270	
  1.67715e+08	     0.984941	     0.986654	     0.959860	     0.958149	     0.952421	     0.950709	     0.962496	     0.961887	     0.958548	     0.966103	     0.927876	     0.930693	
  1.67795e+08	     0.985154	     0.989731	     0.960491	     0.957391	     0.948510	     0.947040	     0.965726	     0.975643	     0.964636	     0.965863	     0.924783	     0.923775	
  1.67875e+08	     0.982695	     0.989485	     0.956741	     0.956619	     0.942607	     0.948217	     0.964406	     0.959982	     0.960727	     0.970515	     0.925302	     0.921427	
  1.67955e+08	     0.979315	     0.986862	     0.957963	     0.956921	     0.939485	     0.946970	     0.963365	     0.966572	     0.962993	     0.968963	     0.917435	     0.925143	
  1.68035e+08	     0.979018	     0.985612	     0.956447	     0.953349	     0.941135	     0.949373	     0.956156	     0.970750	     0.959269	     0.968122	     0.927143	     0.922769	
  1.68115e+08	     0.981132	     0.986650	     0.953247	     0.949547	     0.935804	     0.952107	     0.959596	     0.966973	     0.957140	     0.966267	     0.926998	     0.918988	
  1.68195e+08	     0.955833	     0.971039	     0.936208	     0.935187	     0.926641	     0.934918	     0.943588	     0.946716	     0.942327	     0.951134	     0.911500	     0.912031	
  1.68275e+08	      1.31939	      1.29836	      1.34444	      1.33849	      1.39334	      1.39099	      1.62253	      1.53649	      1.58733	      1.53286	      1.50793	      1.47566	
  1.68355e+08	      1.32279	      1.30224	      1.35054	      1.34234	      1.39401	      1.39448	      1.62514	      1.53857	      1.59034	      1.53410	      1.50714	      1.47495	
  1.68435e+08	     0.955977	     0.960729	     0.939269	     0.936881	     0.925812	     0.929696	     0.949583	     0.949050	     0.940514	     0.946620	     0.909203	     0.909080	
  1.68515e+08	     0.971006	     0.970326	     0.956747	     0.955546	     0.941374	     0.950623	     0.968075	     0.965086	     0.961550	     0.968126	     0.916048	     0.922092	
  1.68595e+08	     0.974659	     0.971436	     0.964169	     0.956741	     0.945762	     0.949458	     0.963512	     0.968853	     0.962000	     0.966312	     0.915716	     0.922921	
  1.68675e+08	     0.973443	     0.970749	     0.961938	     0.960221	     0.945692	     0.952443	     0.970873	     0.975547	     0.955125	     0.970050	     0.912170	     0.915520	
  1.68755e+08	     0.969873	     0.973559	     0.962766	     0.957940	     0.944225	     0.954132	     0.976980	     0.978318	     0.955635	     0.965510	     0.908269	     0.919048	
  1.68835e+08	     0.969514	     0.970755	     0.958570	     0.958348	     0.949185	     0.945320	     0.969665	     0.973114	     0.956059	     0.962779	     0.910333	     0.908969	
  1.68915e+08	     0.970014	     0.971256	     0.965863	     0.967564	     0.943730	     0.948430	     0.965811	     0.966108	     0.952523	     0.965110	     0.906027	     0.924254	
  1.68995e+08	     0.963176	     0.971187	     0.963845	     0.971223	     0.942887	     0.950201	     0.960823	     0.961288	     0.953975	     0.963058	     0.911579	     0.913330	
  1.69075e+08	     0.966119	     0.975884	     0.963774	     0.962376	     0.946345	     0.949903	     0.967241	     0.966305	     0.954177	     0.968040	     0.919448	     0.920087	
  1.69155e+08	     0.961855	     0.973503	     0.966362	     0.962567	     0.946182	     0.947763	     0.958456	     0.971818	     0.954882	     0.967139	     0.914650	     0.924557	
  1.69235e+08	     0.967344	     0.969666	     0.967446	     0.965798	     0.955005	     0.957674	     0.950158	     0.964247	     0.955027	     0.969249	     0.917600	     0.926563	
  1.69315e+08	     0.963559	     0.972511	     0.961757	     0.966397	     0.948143	     0.955165	     0.951774	     0.961871	     0.961584	     0.969560	     0.918328	     0.921887	
  1.69395e+08	     0.960205	     0.964858	     0.962160	     0.967569	     0.946105	     0.957572	     0.947679	     0.956784	     0.960388	     0.964681	     0.916860	     0.918522	
  1.69475e+08	     0.947232	     0.950565	     0.950768	     0.954960	     0.931458	     0.941579	     0.932797	     0.939350	     0.945989	     0.952604	     0.903916	     0.909169	
  1.69555e+08	      1.32645	      1.30346	      1.35282	      1.34159	      1.38986	      1.39125	      1.61360	      1.53702	      1.58721	      1.52983	      1.50255	      1.46983	
