1.389950e+08 1.000704 0.999781 0.954134 0.951612 0.988653 0.983215 0.969833 0.964584 0.985825 0.985292 1.015645 1.015617
1.390750e+08 0.999534 0.998475 0.953618 0.951047 0.987827 0.982706 0.969507 0.964307 0.985418 0.985005 1.014947 1.014943
1.391550e+08 0.998375 0.997184 0.953105 0.950490 0.987009 0.982196 0.969178 0.964024 0.985009 0.984710 1.014251 1.014268
1.392350e+08 0.997228 0.995908 0.952597 0.949940 0.986200 0.981685 0.968846 0.963736 0.984599 0.984407 1.013557 1.013595
1.393150e+08 0.996093 0.994649 0.952095 0.949400 0.985403 0.981175 0.968513 0.963445 0.984190 0.984098 1.012868 1.012924
1.393950e+08 0.994973 0.993409 0.951600 0.948870 0.984617 0.980667 0.968181 0.963151 0.983783 0.983783 1.012183 1.012256
1.394750e+08 0.993868 0.992188 0.951113 0.948351 0.983845 0.980162 0.967850 0.962857 0.983378 0.983464 1.011505 1.011593
1.395550e+08 0.992780 0.990987 0.950635 0.947844 0.983087 0.979662 0.967521 0.962562 0.982978 0.983143 1.010834 1.010936
1.396350e+08 0.991709 0.989809 0.950168 0.947351 0.982345 0.979167 0.967197 0.962269 0.982582 0.982819 1.010171 1.010285
1.397150e+08 0.990658 0.988653 0.949712 0.946872 0.981621 0.978680 0.966879 0.961978 0.982193 0.982495 1.009519 1.009643
1.397950e+08 0.989627 0.987521 0.949268 0.946408 0.980914 0.978200 0.966567 0.961692 0.981812 0.982172 1.008878 1.009010
1.398750e+08 0.988617 0.986414 0.948838 0.945961 0.980227 0.977729 0.966262 0.961410 0.981439 0.981851 1.008249 1.008387
1.399550e+08 0.987629 0.985334 0.948423 0.945531 0.979560 0.977269 0.965967 0.961135 0.981077 0.981533 1.007634 1.007776
1.400350e+08 0.986665 0.984281 0.948024 0.945119 0.978915 0.976820 0.965682 0.960866 0.980725 0.981220 1.007033 1.007177
1.401150e+08 0.985726 0.983256 0.947641 0.944727 0.978293 0.976384 0.965409 0.960607 0.980385 0.980912 1.006448 1.006592
1.401950e+08 0.984812 0.982261 0.947276 0.944356 0.977695 0.975962 0.965149 0.960357 0.980059 0.980610 1.005880 1.006021
1.402750e+08 0.983925 0.981296 0.946931 0.944005 0.977122 0.975555 0.964902 0.960119 0.979747 0.980317 1.005330 1.005467
1.403550e+08 0.983066 0.980362 0.946605 0.943678 0.976576 0.975164 0.964671 0.959892 0.979450 0.980033 1.004798 1.004929
1.404350e+08 0.982236 0.979460 0.946300 0.943373 0.976056 0.974791 0.964455 0.959679 0.979170 0.979759 1.004287 1.004409
1.405150e+08 0.981435 0.978592 0.946017 0.943092 0.975565 0.974435 0.964257 0.959481 0.978907 0.979496 1.003797 1.003909
1.405950e+08 0.980665 0.977758 0.945757 0.942837 0.975103 0.974099 0.964078 0.959297 0.978663 0.979246 1.003329 1.003428
1.406750e+08 0.979927 0.976958 0.945521 0.942607 0.974670 0.973784 0.963918 0.959131 0.978438 0.979010 1.002885 1.002968
1.407550e+08 0.979221 0.976195 0.945310 0.942404 0.974269 0.973489 0.963778 0.958982 0.978234 0.978788 1.002464 1.002530
1.408350e+08 0.978548 0.975467 0.945124 0.942228 0.973900 0.973217 0.963659 0.958851 0.978051 0.978582 1.002068 1.002114
1.409150e+08 0.977909 0.974777 0.944965 0.942081 0.973563 0.972969 0.963563 0.958741 0.977891 0.978393 1.001698 1.001722
1.409950e+08 0.977305 0.974125 0.944833 0.941963 0.973260 0.972744 0.963491 0.958651 0.977753 0.978222 1.001354 1.001355
1.410750e+08 0.976737 0.973511 0.944730 0.941874 0.972991 0.972545 0.963442 0.958582 0.977639 0.978069 1.001038 1.001012
1.411550e+08 0.976204 0.972937 0.944655 0.941815 0.972757 0.972372 0.963419 0.958536 0.977550 0.977936 1.000749 1.000696
1.412350e+08 0.975709 0.972402 0.944609 0.941788 0.972559 0.972225 0.963421 0.958514 0.977487 0.977824 1.000490 1.000406
1.413150e+08 0.975250 0.971907 0.944594 0.941792 0.972397 0.972106 0.963450 0.958515 0.977449 0.977733 1.000260 1.000144
1.413950e+08 0.974830 0.971453 0.944609 0.941828 0.972271 0.972016 0.963506 0.958542 0.977439 0.977664 1.000061 0.999910
1.414750e+08 0.974448 0.971040 0.944656 0.941896 0.972183 0.971954 0.963590 0.958594 0.977455 0.977619 0.999892 0.999704
1.415550e+08 0.974104 0.970669 0.944735 0.941998 0.972132 0.971921 0.963703 0.958673 0.977500 0.977597 0.999754 0.999528
1.416350e+08 0.973800 0.970340 0.944847 0.942133 0.972119 0.971919 0.963845 0.958779 0.977573 0.977600 0.999648 0.999381
1.417150e+08 0.973535 0.970052 0.944991 0.942302 0.972145 0.971948 0.964016 0.958912 0.977676 0.977629 0.999574 0.999265
1.417950e+08 0.973311 0.969807 0.945169 0.942505 0.972210 0.972008 0.964218 0.959074 0.977808 0.977683 0.999532 0.999179
1.418750e+08 0.973126 0.969605 0.945381 0.942743 0.972314 0.972100 0.964451 0.959265 0.977969 0.977764 0.999524 0.999124
1.419550e+08 0.972981 0.969445 0.945627 0.943016 0.972457 0.972224 0.964714 0.959485 0.978161 0.977872 0.999549 0.999101
1.420350e+08 0.972877 0.969328 0.945907 0.943323 0.972640 0.972380 0.965009 0.959735 0.978384 0.978007 0.999607 0.999109
1.421150e+08 0.972813 0.969254 0.946222 0.943666 0.972862 0.972569 0.965335 0.960015 0.978637 0.978170 0.999699 0.999150
1.421950e+08 0.972790 0.969222 0.946572 0.944044 0.973123 0.972792 0.965693 0.960326 0.978921 0.978362 0.999824 0.999222
1.422750e+08 0.972807 0.969234 0.946956 0.944458 0.973425 0.973048 0.966083 0.960667 0.979236 0.978583 0.999984 0.999327
1.423550e+08 0.972865 0.969288 0.947376 0.944906 0.973765 0.973337 0.966506 0.961040 0.979583 0.978833 1.000177 0.999465
1.424350e+08 0.972963 0.969384 0.947831 0.945390 0.974146 0.973660 0.966960 0.961444 0.979961 0.979112 1.000404 0.999635
1.425150e+08 0.973101 0.969523 0.948321 0.945910 0.974565 0.974017 0.967447 0.961880 0.980370 0.979421 1.000665 0.999837
1.425950e+08 0.973280 0.969703 0.948847 0.946465 0.975023 0.974407 0.967966 0.962347 0.980811 0.979759 1.000960 1.000072
1.426750e+08 0.973497 0.969925 0.949407 0.947054 0.975520 0.974831 0.968517 0.962845 0.981283 0.980128 1.001288 1.000339
1.427550e+08 0.973755 0.970189 0.950002 0.947679 0.976056 0.975289 0.969100 0.963376 0.981786 0.980526 1.001650 1.000638
1.428350e+08 0.974051 0.970493 0.950632 0.948338 0.976629 0.975780 0.969715 0.963937 0.982319 0.980954 1.002044 1.000970
1.429150e+08 0.974385 0.970837 0.951296 0.949031 0.977240 0.976305 0.970361 0.964531 0.982884 0.981412 1.002471 1.001333
1.429950e+08 0.974758 0.971222 0.951994 0.949758 0.977888 0.976862 0.971039 0.965155 0.983478 0.981900 1.002931 1.001728
1.430750e+08 0.975168 0.971645 0.952726 0.950519 0.978572 0.977452 0.971747 0.965810 0.984103 0.982417 1.003422 1.002154
1.431550e+08 0.975615 0.972107 0.953491 0.951312 0.979293 0.978075 0.972486 0.966497 0.984757 0.982964 1.003945 1.002611
1.432350e+08 0.976099 0.972607 0.954290 0.952139 0.980048 0.978730 0.973255 0.967213 0.985440 0.983540 1.004498 1.003098
1.433150e+08 0.976618 0.973145 0.955120 0.952997 0.980838 0.979416 0.974054 0.967960 0.986152 0.984145 1.005082 1.003615
1.433950e+08 0.977172 0.973718 0.955983 0.953886 0.981662 0.980133 0.974881 0.968736 0.986892 0.984778 1.005696 1.004161
1.434750e+08 0.977760 0.974328 0.956877 0.954807 0.982519 0.980881 0.975737 0.969542 0.987660 0.985440 1.006338 1.004736
1.435550e+08 0.978382 0.974972 0.957801 0.955757 0.983408 0.981659 0.976620 0.970376 0.988454 0.986129 1.007009 1.005339
1.436350e+08 0.979036 0.975650 0.958755 0.956737 0.984328 0.982466 0.977530 0.971238 0.989275 0.986845 1.007707 1.005969
1.437150e+08 0.979721 0.976360 0.959739 0.957745 0.985278 0.983301 0.978467 0.972128 0.990121 0.987588 1.008432 1.006626
1.437950e+08 0.980438 0.977103 0.960751 0.958782 0.986258 0.984164 0.979429 0.973044 0.990991 0.988357 1.009183 1.007309
1.438750e+08 0.981183 0.977877 0.961791 0.959845 0.987265 0.985054 0.980415 0.973986 0.991886 0.989151 1.009959 1.008018
1.439550e+08 0.981958 0.978680 0.962857 0.960934 0.988300 0.985971 0.981425 0.974954 0.992804 0.989970 1.010758 1.008750
1.440350e+08 0.982760 0.979512 0.963949 0.962048 0.989361 0.986912 0.982458 0.975946 0.993743 0.990813 1.011581 1.009506
1.441150e+08 0.983588 0.980372 0.965066 0.963187 0.990447 0.987879 0.983513 0.976962 0.994704 0.991678 1.012425 1.010285
1.441950e+08 0.984442 0.981258 0.966208 0.964349 0.991556 0.988868 0.984588 0.978001 0.995686 0.992567 1.013290 1.011085
1.442750e+08 0.985320 0.982170 0.967372 0.965533 0.992688 0.989880 0.985683 0.979061 0.996686 0.993476 1.014175 1.011906
1.443550e+08 0.986221 0.983105 0.968558 0.966738 0.993841 0.990913 0.986797 0.980143 0.997705 0.994406 1.015079 1.012746
1.444350e+08 0.987143 0.984063 0.969764 0.967963 0.995014 0.991967 0.987928 0.981244 0.998741 0.995356 1.016001 1.013605
1.445150e+08 0.988087 0.985042 0.970991 0.969206 0.996205 0.993040 0.989076 0.982364 0.999792 0.996324 1.016938 1.014481
1.445950e+08 0.989049 0.986042 0.972236 0.970468 0.997414 0.994131 0.990239 0.983501 1.000859 0.997310 1.017891 1.015373
1.446750e+08 0.990029 0.987060 0.973498 0.971746 0.998638 0.995238 0.991416 0.984655 1.001939 0.998313 1.018857 1.016281
1.447550e+08 0.991025 0.988095 0.974777 0.973039 0.999877 0.996362 0.992605 0.985825 1.003032 0.999331 1.019836 1.017202
1.448350e+08 0.992037 0.989147 0.976070 0.974347 1.001129 0.997500 0.993806 0.987009 1.004137 1.000363 1.020827 1.018136
1.449150e+08 0.993062 0.990213 0.977377 0.975667 1.002392 0.998651 0.995018 0.988206 1.005251 1.001408 1.021827 1.019081
1.449950e+08 0.994100 0.991292 0.978696 0.976999 1.003665 0.999814 0.996238 0.989415 1.006374 1.002466 1.022836 1.020037
1.450750e+08 0.995149 0.992382 0.980027 0.978341 1.004946 1.000988 0.997465 0.990635 1.007505 1.003534 1.023852 1.021002
1.451550e+08 0.996207 0.993483 0.981367 0.979692 1.006235 1.002170 0.998699 0.991864 1.008642 1.004612 1.024875 1.021975
1.452350e+08 0.997274 0.994593 0.982715 0.981050 1.007529 1.003361 0.999938 0.993101 1.009784 1.005699 1.025901 1.022953
1.453150e+08 0.998347 0.995710 0.984071 0.982415 1.008827 1.004559 1.001180 0.994345 1.010930 1.006792 1.026931 1.023937
1.453950e+08 0.999425 0.996833 0.985432 0.983785 1.010128 1.005761 1.002425 0.995594 1.012078 1.007892 1.027963 1.024925
1.454750e+08 1.000508 0.997959 0.986798 0.985158 1.011429 1.006968 1.003670 0.996847 1.013227 1.008996 1.028995 1.025915
1.455550e+08 1.001592 0.999089 0.988166 0.986533 1.012730 1.008177 1.004914 0.998103 1.014376 1.010103 1.030025 1.026907
1.456350e+08 1.002677 1.000220 0.989536 0.987910 1.014028 1.009387 1.006157 0.999361 1.015523 1.011213 1.031054 1.027898
1.457150e+08 1.003762 1.001351 0.990906 0.989285 1.015323 1.010596 1.007396 1.000618 1.016667 1.012323 1.032078 1.028887
1.457950e+08 1.004844 1.002480 0.992275 0.990659 1.016612 1.011804 1.008630 1.001875 1.017807 1.013432 1.033097 1.029873
1.458750e+08 1.005923 1.003606 0.993641 0.992029 1.017895 1.013008 1.009858 1.003128 1.018941 1.014539 1.034109 1.030855
1.459550e+08 1.006997 1.004728 0.995003 0.993395 1.019169 1.014208 1.011078 1.004378 1.020067 1.015643 1.035114 1.031832
1.460350e+08 1.008064 1.005843 0.996359 0.994754 1.020434 1.015402 1.012289 1.005621 1.021186 1.016742 1.036108 1.032801
1.461150e+08 1.009124 1.006950 0.997708 0.996106 1.021686 1.016589 1.013490 1.006858 1.022294 1.017835 1.037092 1.033762
1.461950e+08 1.010174 1.008049 0.999050 0.997449 1.022926 1.017766 1.014679 1.008087 1.023392 1.018921 1.038063 1.034714
1.462750e+08 1.011214 1.009137 1.000381 0.998782 1.024152 1.018934 1.015854 1.009307 1.024477 1.019999 1.039021 1.035654
1.463550e+08 1.012241 1.010213 1.001702 1.000104 1.025362 1.020089 1.017015 1.010515 1.025549 1.021066 1.039964 1.036582
1.464350e+08 1.013255 1.011276 1.003010 1.001413 1.026554 1.021232 1.018161 1.011711 1.026605 1.022122 1.040890 1.037496
1.465150e+08 1.014254 1.012325 1.004304 1.002707 1.027728 1.022361 1.019289 1.012894 1.027645 1.023165 1.041799 1.038396
1.465950e+08 1.015238 1.013357 1.005583 1.003986 1.028882 1.023474 1.020399 1.014062 1.028668 1.024195 1.042689 1.039279
1.466750e+08 1.016203 1.014372 1.006846 1.005249 1.030014 1.024570 1.021489 1.015213 1.029672 1.025209 1.043558 1.040145
1.467550e+08 1.017151 1.015368 1.008091 1.006493 1.031124 1.025647 1.022559 1.016348 1.030657 1.026207 1.044407 1.040993
1.468350e+08 1.018078 1.016345 1.009318 1.007719 1.032209 1.026705 1.023606 1.017463 1.031620 1.027187 1.045232 1.041820
1.469150e+08 1.018984 1.017300 1.010524 1.008924 1.033269 1.027743 1.024630 1.018559 1.032561 1.028149 1.046034 1.042627
1.469950e+08 1.019868 1.018234 1.011709 1.010108 1.034303 1.028758 1.025629 1.019633 1.033479 1.029091 1.046811 1.043412
1.470750e+08 1.020728 1.019143 1.012871 1.011269 1.035308 1.029751 1.026603 1.020686 1.034372 1.030012 1.047562 1.044173
1.471550e+08 1.021564 1.020029 1.014010 1.012406 1.036285 1.030719 1.027551 1.021715 1.035240 1.030910 1.048286 1.044910
1.472350e+08 1.022375 1.020888 1.015124 1.013518 1.037232 1.031662 1.028470 1.022720 1.036082 1.031785 1.048982 1.045622
1.473150e+08 1.023158 1.021721 1.016212 1.014605 1.038147 1.032578 1.029362 1.023699 1.036896 1.032636 1.049649 1.046308
1.473950e+08 1.023915 1.022526 1.017273 1.015665 1.039031 1.033467 1.030223 1.024651 1.037682 1.033461 1.050285 1.046966
1.474750e+08 1.024642 1.023302 1.018306 1.016697 1.039881 1.034327 1.031054 1.025576 1.038438 1.034260 1.050891 1.047596
1.475550e+08 1.025341 1.024048 1.019311 1.017700 1.040697 1.035158 1.031854 1.026473 1.039165 1.035032 1.051464 1.048197
1.476350e+08 1.026009 1.024764 1.020286 1.018674 1.041478 1.035959 1.032621 1.027340 1.039860 1.035776 1.052006 1.048768
1.477150e+08 1.026645 1.025449 1.021230 1.019617 1.042224 1.036728 1.033356 1.028177 1.040524 1.036490 1.052513 1.049308
1.477950e+08 1.027250 1.026101 1.022142 1.020529 1.042932 1.037465 1.034056 1.028983 1.041156 1.037175 1.052987 1.049816
1.478750e+08 1.027823 1.026721 1.023023 1.021409 1.043604 1.038169 1.034723 1.029757 1.041754 1.037829 1.053425 1.050293
1.479550e+08 1.028362 1.027307 1.023870 1.022256 1.044237 1.038840 1.035354 1.030498 1.042318 1.038451 1.053828 1.050736
1.480350e+08 1.028867 1.027858 1.024684 1.023070 1.044831 1.039477 1.035949 1.031206 1.042849 1.039041 1.054195 1.051146
1.481150e+08 1.029338 1.028375 1.025463 1.023850 1.045387 1.040078 1.036509 1.031880 1.043344 1.039599 1.054526 1.051521
1.481950e+08 1.029774 1.028857 1.026207 1.024595 1.045902 1.040644 1.037031 1.032519 1.043804 1.040123 1.054819 1.051862
1.482750e+08 1.030175 1.029302 1.026916 1.025305 1.046377 1.041174 1.037517 1.033124 1.044228 1.040613 1.055075 1.052168
1.483550e+08 1.030540 1.029711 1.027588 1.025980 1.046812 1.041668 1.037965 1.033693 1.044616 1.041069 1.055293 1.052438
1.484350e+08 1.030869 1.030084 1.028224 1.026619 1.047205 1.042124 1.038375 1.034225 1.044968 1.041490 1.055473 1.052672
1.485150e+08 1.031161 1.030419 1.028824 1.027221 1.047558 1.042543 1.038748 1.034722 1.045282 1.041876 1.055614 1.052870
1.485950e+08 1.031417 1.030718 1.029386 1.027786 1.047868 1.042924 1.039082 1.035181 1.045560 1.042226 1.055716 1.053030
1.486750e+08 1.031635 1.030978 1.029910 1.028315 1.048137 1.043268 1.039377 1.035604 1.045800 1.042540 1.055780 1.053155
1.487550e+08 1.031817 1.031202 1.030397 1.028807 1.048364 1.043573 1.039634 1.035989 1.046003 1.042818 1.055804 1.053241
1.488350e+08 1.031962 1.031387 1.030845 1.029261 1.048549 1.043840 1.039852 1.036337 1.046169 1.043060 1.055790 1.053291
1.489150e+08 1.032069 1.031534 1.031256 1.029678 1.048692 1.044069 1.040032 1.036648 1.046297 1.043265 1.055737 1.053304
1.489950e+08 1.032140 1.031644 1.031629 1.030057 1.048794 1.044259 1.040173 1.036921 1.046388 1.043434 1.055644 1.053279
1.490750e+08 1.032174 1.031716 1.031963 1.030399 1.048854 1.044411 1.040276 1.037156 1.046441 1.043566 1.055513 1.053216
1.491550e+08 1.032171 1.031751 1.032259 1.030704 1.048872 1.044524 1.040341 1.037354 1.046457 1.043662 1.055344 1.053117
1.492350e+08 1.032131 1.031748 1.032517 1.030971 1.048848 1.044599 1.040367 1.037514 1.046437 1.043721 1.055135 1.052981
1.493150e+08 1.032055 1.031708 1.032738 1.031201 1.048784 1.044636 1.040356 1.037638 1.046379 1.043743 1.054889 1.052807
1.493950e+08 1.031942 1.031630 1.032920 1.031394 1.048679 1.044635 1.040308 1.037724 1.046285 1.043730 1.054605 1.052597
1.494750e+08 1.031795 1.031517 1.033065 1.031551 1.048534 1.044596 1.040222 1.037773 1.046155 1.043681 1.054283 1.052351
1.495550e+08 1.031612 1.031367 1.033173 1.031671 1.048349 1.044520 1.040100 1.037786 1.045989 1.043596 1.053925 1.052068
1.496350e+08 1.031394 1.031181 1.033245 1.031755 1.048125 1.044408 1.039943 1.037763 1.045788 1.043476 1.053529 1.051750
1.497150e+08 1.031142 1.030961 1.033279 1.031804 1.047863 1.044259 1.039749 1.037704 1.045552 1.043321 1.053098 1.051396
1.497950e+08 1.030856 1.030705 1.033278 1.031817 1.047562 1.044074 1.039521 1.037610 1.045283 1.043131 1.052632 1.051008
1.498750e+08 1.030537 1.030416 1.033242 1.031796 1.047224 1.043853 1.039259 1.037481 1.044979 1.042908 1.052131 1.050586
1.499550e+08 1.030186 1.030093 1.033171 1.031742 1.046849 1.043598 1.038963 1.037319 1.044642 1.042652 1.051596 1.050130
1.500350e+08 1.029803 1.029737 1.033065 1.031653 1.046438 1.043309 1.038634 1.037123 1.044274 1.042362 1.051027 1.049641
1.501150e+08 1.029389 1.029350 1.032926 1.031532 1.045993 1.042987 1.038274 1.036894 1.043873 1.042041 1.050426 1.049120
1.501950e+08 1.028945 1.028931 1.032754 1.031379 1.045513 1.042632 1.037882 1.036633 1.043442 1.041688 1.049793 1.048567
1.502750e+08 1.028472 1.028482 1.032550 1.031195 1.045000 1.042245 1.037460 1.036341 1.042981 1.041304 1.049130 1.047983
1.503550e+08 1.027970 1.028004 1.032315 1.030980 1.044455 1.041827 1.037009 1.036019 1.042491 1.040891 1.048436 1.047369
1.504350e+08 1.027442 1.027497 1.032050 1.030736 1.043879 1.041378 1.036530 1.035667 1.041973 1.040448 1.047714 1.046726
1.505150e+08 1.026886 1.026962 1.031754 1.030462 1.043273 1.040901 1.036024 1.035287 1.041428 1.039978 1.046964 1.046055
1.505950e+08 1.026306 1.026401 1.031431 1.030161 1.042638 1.040396 1.035491 1.034879 1.040856 1.039480 1.046186 1.045357
1.506750e+08 1.025701 1.025814 1.031079 1.029834 1.041975 1.039863 1.034933 1.034444 1.040260 1.038956 1.045383 1.044631
1.507550e+08 1.025073 1.025203 1.030701 1.029480 1.041285 1.039304 1.034351 1.033984 1.039639 1.038406 1.044555 1.043881
1.508350e+08 1.024422 1.024569 1.030298 1.029101 1.040570 1.038720 1.033747 1.033499 1.038995 1.037832 1.043703 1.043106
1.509150e+08 1.023751 1.023913 1.029870 1.028699 1.039831 1.038111 1.033120 1.032990 1.038329 1.037235 1.042829 1.042307
1.509950e+08 1.023060 1.023235 1.029418 1.028274 1.039069 1.037481 1.032474 1.032459 1.037642 1.036615 1.041933 1.041487
1.510750e+08 1.022350 1.022538 1.028944 1.027827 1.038285 1.036828 1.031808 1.031907 1.036935 1.035975 1.041018 1.040645
1.511550e+08 1.021624 1.021823 1.028449 1.027360 1.037481 1.036155 1.031124 1.031335 1.036211 1.035315 1.040083 1.039783
1.512350e+08 1.020881 1.021090 1.027934 1.026873 1.036658 1.035462 1.030423 1.030744 1.035468 1.034635 1.039131 1.038902
1.513150e+08 1.020123 1.020341 1.027401 1.026369 1.035817 1.034752 1.029708 1.030136 1.034710 1.033939 1.038162 1.038004
1.513950e+08 1.019352 1.019578 1.026850 1.025848 1.034961 1.034025 1.028978 1.029511 1.033937 1.033225 1.037178 1.037089
1.514750e+08 1.018569 1.018801 1.026283 1.025311 1.034089 1.033282 1.028235 1.028872 1.033151 1.032497 1.036181 1.036158
1.515550e+08 1.017775 1.018012 1.025701 1.024759 1.033205 1.032526 1.027482 1.028218 1.032352 1.031755 1.035171 1.035214
1.516350e+08 1.016971 1.017213 1.025105 1.024195 1.032308 1.031756 1.026718 1.027552 1.031542 1.031001 1.034150 1.034257
1.517150e+08 1.016160 1.016404 1.024498 1.023618 1.031401 1.030975 1.025946 1.026875 1.030723 1.030235 1.033119 1.033288
1.517950e+08 1.015341 1.015588 1.023879 1.023032 1.030486 1.030184 1.025167 1.026189 1.029895 1.029459 1.032080 1.032310
1.518750e+08 1.014518 1.014765 1.023250 1.022436 1.029563 1.029384 1.024382 1.025494 1.029061 1.028674 1.031033 1.031322
1.519550e+08 1.013691 1.013937 1.022614 1.021832 1.028634 1.028577 1.023593 1.024792 1.028220 1.027882 1.029981 1.030326
1.520350e+08 1.012861 1.013105 1.021970 1.021221 1.027700 1.027764 1.022801 1.024084 1.027376 1.027084 1.028925 1.029324
1.521150e+08 1.012030 1.012271 1.021322 1.020605 1.026764 1.026946 1.022007 1.023372 1.026528 1.026281 1.027865 1.028318
1.521950e+08 1.011199 1.011437 1.020668 1.019986 1.025826 1.026125 1.021213 1.022657 1.025679 1.025475 1.026804 1.027307
1.522750e+08 1.010370 1.010603 1.020013 1.019364 1.024888 1.025302 1.020421 1.021940 1.024829 1.024666 1.025743 1.026294
1.523550e+08 1.009544 1.009770 1.019355 1.018740 1.023952 1.024479 1.019631 1.021223 1.023980 1.023857 1.024683 1.025279
1.524350e+08 1.008722 1.008941 1.018698 1.018117 1.023018 1.023656 1.018845 1.020508 1.023134 1.023048 1.023625 1.024265
1.525150e+08 1.007906 1.008117 1.018042 1.017494 1.022089 1.022836 1.018065 1.019795 1.022291 1.022242 1.022571 1.023252
1.525950e+08 1.007098 1.007299 1.017388 1.016875 1.021166 1.022019 1.017291 1.019085 1.021453 1.021438 1.021522 1.022242
1.526750e+08 1.006298 1.006489 1.016739 1.016259 1.020250 1.021207 1.016526 1.018381 1.020621 1.020639 1.020479 1.021235
1.527550e+08 1.005507 1.005687 1.016094 1.015649 1.019343 1.020402 1.015769 1.017684 1.019796 1.019845 1.019444 1.020234
1.528350e+08 1.004728 1.004896 1.015457 1.015045 1.018445 1.019603 1.015024 1.016994 1.018980 1.019059 1.018417 1.019239
1.529150e+08 1.003961 1.004115 1.014827 1.014449 1.017559 1.018814 1.014290 1.016313 1.018174 1.018280 1.017401 1.018252
1.529950e+08 1.003208 1.003348 1.014206 1.013862 1.016686 1.018034 1.013570 1.015642 1.017378 1.017511 1.016396 1.017273
1.530750e+08 1.002469 1.002595 1.013596 1.013285 1.015826 1.017266 1.012864 1.014983 1.016595 1.016753 1.015403 1.016304
1.531550e+08 1.001747 1.001857 1.012997 1.012720 1.014982 1.016511 1.012173 1.014337 1.015825 1.016006 1.014424 1.015347
1.532350e+08 1.001042 1.001135 1.012411 1.012167 1.014154 1.015769 1.011500 1.013704 1.015069 1.015273 1.013460 1.014401
1.533150e+08 1.000355 1.000432 1.011839 1.011627 1.013344 1.015042 1.010844 1.013087 1.014329 1.014553 1.012511 1.013469
1.533950e+08 0.999688 0.999747 1.011282 1.011103 1.012553 1.014330 1.010207 1.012486 1.013605 1.013848 1.011579 1.012551
1.534750e+08 0.999042 0.999082 1.010742 1.010594 1.011782 1.013636 1.009590 1.011902 1.012898 1.013160 1.010665 1.011648
1.535550e+08 0.998417 0.998438 1.010218 1.010101 1.011032 1.012960 1.008994 1.011336 1.012210 1.012488 1.009770 1.010762
1.536350e+08 0.997815 0.997816 1.009713 1.009627 1.010304 1.012302 1.008420 1.010790 1.011542 1.011835 1.008894 1.009892
1.537150e+08 0.997237 0.997217 1.009227 1.009172 1.009599 1.011665 1.007869 1.010264 1.010894 1.011201 1.008040 1.009041
1.537950e+08 0.996683 0.996642 1.008762 1.008736 1.008918 1.011049 1.007342 1.009759 1.010267 1.010587 1.007207 1.008210
1.538750e+08 0.996155 0.996093 1.008317 1.008321 1.008263 1.010455 1.006839 1.009276 1.009661 1.009993 1.006396 1.007398
1.539550e+08 0.995653 0.995569 1.007895 1.007927 1.007633 1.009883 1.006362 1.008817 1.009079 1.009422 1.005608 1.006606
1.540350e+08 0.995179 0.995072 1.007496 1.007556 1.007030 1.009335 1.005911 1.008381 1.008520 1.008873 1.004844 1.005837
1.541150e+08 0.994732 0.994603 1.007120 1.007208 1.006454 1.008811 1.005487 1.007969 1.007985 1.008347 1.004105 1.005089
1.541950e+08 0.994314 0.994162 1.006769 1.006883 1.005907 1.008312 1.005091 1.007583 1.007475 1.007845 1.003390 1.004365
1.542750e+08 0.993925 0.993750 1.006443 1.006583 1.005389 1.007839 1.004722 1.007223 1.006990 1.007367 1.002702 1.003663
1.543550e+08 0.993566 0.993368 1.006143 1.006308 1.004900 1.007392 1.004383 1.006889 1.006532 1.006915 1.002040 1.002987
1.544350e+08 0.993238 0.993016 1.005870 1.006059 1.004441 1.006972 1.004072 1.006582 1.006099 1.006488 1.001404 1.002334
1.545150e+08 0.992940 0.992695 1.005623 1.005836 1.004013 1.006579 1.003791 1.006303 1.005694 1.006088 1.000796 1.001707
1.545950e+08 0.992675 0.992406 1.005404 1.005639 1.003616 1.006214 1.003541 1.006053 1.005316 1.005714 1.000216 1.001106
1.546750e+08 0.992440 0.992148 1.005213 1.005470 1.003251 1.005877 1.003320 1.005830 1.004965 1.005367 0.999663 1.000530
1.547550e+08 0.992239 0.991923 1.005051 1.005328 1.002917 1.005569 1.003131 1.005637 1.004642 1.005048 0.999139 0.999981
1.548350e+08 0.992069 0.991730 1.004917 1.005214 1.002615 1.005290 1.002972 1.005472 1.004348 1.004756 0.998643 0.999459
1.549150e+08 0.991933 0.991570 1.004812 1.005128 1.002346 1.005039 1.002844 1.005337 1.004082 1.004492 0.998176 0.998964
1.549950e+08 0.991829 0.991444 1.004737 1.005071 1.002109 1.004818 1.002748 1.005232 1.003844 1.004257 0.997737 0.998495
1.550750e+08 0.991759 0.991351 1.004691 1.005042 1.001905 1.004627 1.002683 1.005156 1.003635 1.004049 0.997328 0.998054
1.551550e+08 0.991722 0.991291 1.004675 1.005042 1.001733 1.004465 1.002649 1.005110 1.003454 1.003870 0.996947 0.997641
1.552350e+08 0.991718 0.991265 1.004689 1.005071 1.001595 1.004333 1.002646 1.005095 1.003302 1.003719 0.996595 0.997255
1.553150e+08 0.991747 0.991273 1.004733 1.005128 1.001488 1.004230 1.002675 1.005108 1.003179 1.003597 0.996271 0.996896
1.553950e+08 0.991810 0.991315 1.004806 1.005215 1.001415 1.004156 1.002734 1.005152 1.003084 1.003503 0.995977 0.996565
1.554750e+08 0.991906 0.991390 1.004909 1.005330 1.001373 1.004112 1.002825 1.005226 1.003017 1.003437 0.995710 0.996261
1.555550e+08 0.992034 0.991498 1.005042 1.005473 1.001364 1.004097 1.002945 1.005328 1.002978 1.003399 0.995472 0.995984
1.556350e+08 0.992195 0.991640 1.005204 1.005645 1.001386 1.004111 1.003096 1.005461 1.002966 1.003389 0.995262 0.995734
1.557150e+08 0.992388 0.991814 1.005395 1.005845 1.001440 1.004153 1.003277 1.005622 1.002983 1.003406 0.995079 0.995511
1.557950e+08 0.992614 0.992022 1.005615 1.006073 1.001525 1.004224 1.003487 1.005811 1.003026 1.003450 0.994923 0.995314
1.558750e+08 0.992870 0.992261 1.005864 1.006328 1.001641 1.004322 1.003725 1.006029 1.003095 1.003521 0.994794 0.995143
1.559550e+08 0.993158 0.992533 1.006141 1.006611 1.001786 1.004448 1.003992 1.006274 1.003191 1.003619 0.994691 0.994998
1.560350e+08 0.993477 0.992836 1.006445 1.006920 1.001961 1.004601 1.004287 1.006547 1.003312 1.003742 0.994614 0.994879
1.561150e+08 0.993825 0.993170 1.006777 1.007256 1.002165 1.004780 1.004609 1.006846 1.003458 1.003890 0.994561 0.994783
1.561950e+08 0.994203 0.993534 1.007135 1.007617 1.002397 1.004985 1.004958 1.007171 1.003629 1.004063 0.994533 0.994712
1.562750e+08 0.994610 0.993928 1.007520 1.008003 1.002657 1.005214 1.005332 1.007522 1.003823 1.004260 0.994529 0.994665
1.563550e+08 0.995045 0.994352 1.007930 1.008413 1.002943 1.005468 1.005730 1.007897 1.004040 1.004480 0.994547 0.994641
1.564350e+08 0.995507 0.994804 1.008364 1.008848 1.003255 1.005746 1.006153 1.008297 1.004280 1.004723 0.994588 0.994639
1.565150e+08 0.995996 0.995283 1.008823 1.009305 1.003592 1.006046 1.006599 1.008719 1.004540 1.004987 0.994650 0.994658
1.565950e+08 0.996511 0.995789 1.009305 1.009785 1.003954 1.006369 1.007068 1.009164 1.004822 1.005273 0.994732 0.994698
1.566750e+08 0.997050 0.996322 1.009809 1.010286 1.004338 1.006712 1.007557 1.009630 1.005123 1.005579 0.994834 0.994759
1.567550e+08 0.997613 0.996879 1.010335 1.010807 1.004744 1.007076 1.008068 1.010117 1.005443 1.005904 0.994955 0.994838
1.568350e+08 0.998199 0.997461 1.010881 1.011349 1.005172 1.007458 1.008597 1.010623 1.005780 1.006248 0.995093 0.994936
1.569150e+08 0.998808 0.998066 1.011447 1.011909 1.005619 1.007859 1.009144 1.011147 1.006135 1.006609 0.995248 0.995052
1.569950e+08 0.999437 0.998694 1.012032 1.012487 1.006086 1.008277 1.009709 1.011690 1.006505 1.006986 0.995419 0.995184
1.570750e+08 1.000085 0.999342 1.012635 1.013082 1.006570 1.008712 1.010290 1.012248 1.006891 1.007379 0.995605 0.995331
1.571550e+08 1.000753 1.000011 1.013254 1.013693 1.007071 1.009161 1.010885 1.012822 1.007289 1.007786 0.995803 0.995493
1.572350e+08 1.001438 1.000699 1.013889 1.014319 1.007587 1.009624 1.011494 1.013410 1.007701 1.008206 0.996015 0.995669
1.573150e+08 1.002140 1.001404 1.014538 1.014958 1.008117 1.010099 1.012116 1.014011 1.008124 1.008638 0.996237 0.995857
1.573950e+08 1.002857 1.002126 1.015200 1.015610 1.008660 1.010587 1.012748 1.014624 1.008558 1.009081 0.996470 0.996057
1.574750e+08 1.003588 1.002864 1.015875 1.016274 1.009214 1.011084 1.013391 1.015248 1.009000 1.009534 0.996711 0.996267
1.575550e+08 1.004331 1.003616 1.016560 1.016947 1.009779 1.011591 1.014042 1.015881 1.009451 1.009996 0.996960 0.996486
1.576350e+08 1.005086 1.004381 1.017255 1.017630 1.010352 1.012106 1.014700 1.016522 1.009908 1.010465 0.997216 0.996713
1.577150e+08 1.005852 1.005158 1.017959 1.018321 1.010933 1.012627 1.015365 1.017170 1.010371 1.010940 0.997477 0.996948
1.577950e+08 1.006626 1.005946 1.018669 1.019018 1.011520 1.013153 1.016034 1.017823 1.010838 1.011420 0.997742 0.997188
1.578750e+08 1.007408 1.006742 1.019386 1.019721 1.012112 1.013684 1.016706 1.018481 1.011309 1.011904 0.998009 0.997432
1.579550e+08 1.008196 1.007546 1.020107 1.020428 1.012707 1.014217 1.017380 1.019141 1.011781 1.012390 0.998278 0.997680
1.580350e+08 1.008988 1.008357 1.020832 1.021138 1.013304 1.014751 1.018055 1.019803 1.012253 1.012877 0.998548 0.997930
1.581150e+08 1.009785 1.009173 1.021559 1.021850 1.013901 1.015286 1.018728 1.020466 1.012725 1.013364 0.998816 0.998181
1.581950e+08 1.010584 1.009993 1.022286 1.022561 1.014497 1.015819 1.019400 1.021127 1.013195 1.013850 0.999081 0.998432
1.582750e+08 1.011383 1.010815 1.023013 1.023272 1.015091 1.016350 1.020068 1.021786 1.013662 1.014332 0.999343 0.998681
1.583550e+08 1.012182 1.011638 1.023738 1.023981 1.015681 1.016876 1.020731 1.022441 1.014124 1.014811 0.999600 0.998928
1.584350e+08 1.012979 1.012460 1.024459 1.024687 1.016265 1.017398 1.021388 1.023091 1.014580 1.015285 0.999851 0.999171
1.585150e+08 1.013772 1.013281 1.025176 1.025387 1.016843 1.017913 1.022037 1.023734 1.015028 1.015752 1.000094 0.999408
1.585950e+08 1.014561 1.014099 1.025887 1.026081 1.017413 1.018419 1.022677 1.024370 1.015469 1.016211 1.000329 0.999640
1.586750e+08 1.015344 1.014912 1.026590 1.026768 1.017973 1.018917 1.023306 1.024996 1.015900 1.016660 1.000553 0.999863
1.587550e+08 1.016119 1.015720 1.027285 1.027447 1.018523 1.019404 1.023924 1.025612 1.016320 1.017100 1.000766 1.000078
1.588350e+08 1.016885 1.016520 1.027970 1.028115 1.019059 1.019879 1.024529 1.026217 1.016728 1.017527 1.000967 1.000283
1.589150e+08 1.017642 1.017311 1.028644 1.028773 1.019583 1.020341 1.025119 1.026808 1.017122 1.017942 1.001154 1.000477
1.589950e+08 1.018387 1.018092 1.029305 1.029417 1.020091 1.020789 1.025694 1.027384 1.017502 1.018343 1.001325 1.000658
1.590750e+08 1.019119 1.018862 1.029952 1.030049 1.020582 1.021221 1.026251 1.027945 1.017866 1.018728 1.001481 1.000826
1.591550e+08 1.019837 1.019620 1.030584 1.030665 1.021056 1.021636 1.026791 1.028489 1.018214 1.019097 1.001620 1.000979
1.592350e+08 1.020540 1.020363 1.031200 1.031265 1.021510 1.022033 1.027311 1.029015 1.018543 1.019449 1.001740 1.001117
1.593150e+08 1.021226 1.021092 1.031799 1.031848 1.021945 1.022410 1.027810 1.029522 1.018853 1.019781 1.001841 1.001237
1.593950e+08 1.021894 1.021803 1.032379 1.032413 1.022358 1.022768 1.028288 1.030009 1.019143 1.020094 1.001921 1.001340
1.594750e+08 1.022544 1.022498 1.032939 1.032958 1.022747 1.023104 1.028742 1.030473 1.019412 1.020385 1.001979 1.001424
1.595550e+08 1.023173 1.023173 1.033478 1.033482 1.023113 1.023417 1.029173 1.030915 1.019658 1.020655 1.002015 1.001488
1.596350e+08 1.023781 1.023828 1.033995 1.033985 1.023454 1.023706 1.029579 1.031333 1.019881 1.020902 1.002027 1.001531
1.597150e+08 1.024367 1.024462 1.034489 1.034466 1.023769 1.023971 1.029958 1.031727 1.020080 1.021124 1.002015 1.001552
1.597950e+08 1.024929 1.025073 1.034958 1.034922 1.024056 1.024211 1.030311 1.032094 1.020254 1.021322 1.001977 1.001550
1.598750e+08 1.025467 1.025661 1.035403 1.035354 1.024315 1.024423 1.030635 1.032435 1.020401 1.021494 1.001913 1.001525
1.599550e+08 1.025979 1.026225 1.035821 1.035760 1.024545 1.024608 1.030931 1.032748 1.020522 1.021639 1.001822 1.001475
1.600350e+08 1.026464 1.026763 1.036212 1.036140 1.024744 1.024765 1.031196 1.033032 1.020615 1.021757 1.001702 1.001399
1.601150e+08 1.026923 1.027274 1.036575 1.036492 1.024912 1.024893 1.031431 1.033287 1.020679 1.021846 1.001554 1.001298
1.601950e+08 1.027353 1.027758 1.036909 1.036816 1.025048 1.024990 1.031635 1.033512 1.020715 1.021907 1.001377 1.001169
1.602750e+08 1.027753 1.028214 1.037213 1.037111 1.025151 1.025057 1.031806 1.033706 1.020720 1.021937 1.001169 1.001013
1.603550e+08 1.028124 1.028641 1.037487 1.037376 1.025221 1.025092 1.031945 1.033867 1.020695 1.021937 1.000931 1.000828
1.604350e+08 1.028464 1.029037 1.037730 1.037611 1.025256 1.025096 1.032050 1.033997 1.020638 1.021906 1.000661 1.000615
1.605150e+08 1.028773 1.029403 1.037941 1.037815 1.025256 1.025066 1.032121 1.034093 1.020550 1.021844 1.000359 1.000372
1.605950e+08 1.029050 1.029737 1.038119 1.037987 1.025220 1.025004 1.032157 1.034156 1.020430 1.021749 1.000025 1.000099
1.606750e+08 1.029294 1.030039 1.038265 1.038127 1.025148 1.024907 1.032158 1.034185 1.020277 1.021622 0.999659 0.999795
1.607550e+08 1.029505 1.030309 1.038376 1.038234 1.025039 1.024777 1.032124 1.034179 1.020091 1.021462 0.999259 0.999461
1.608350e+08 1.029682 1.030545 1.038454 1.038308 1.024893 1.024612 1.032054 1.034138 1.019871 1.021268 0.998825 0.999095
1.609150e+08 1.029825 1.030747 1.038497 1.038349 1.024710 1.024411 1.031947 1.034062 1.019618 1.021041 0.998358 0.998697
1.609950e+08 1.029934 1.030915 1.038506 1.038355 1.024489 1.024176 1.031804 1.033950 1.019331 1.020780 0.997857 0.998267
1.610750e+08 1.030007 1.031048 1.038479 1.038328 1.024229 1.023905 1.031624 1.033802 1.019010 1.020484 0.997321 0.997805
1.611550e+08 1.030045 1.031146 1.038416 1.038265 1.023931 1.023599 1.031408 1.033618 1.018654 1.020155 0.996752 0.997310
1.612350e+08 1.030048 1.031208 1.038318 1.038168 1.023594 1.023257 1.031154 1.033398 1.018264 1.019790 0.996147 0.996783
1.613150e+08 1.030015 1.031235 1.038184 1.038036 1.023218 1.022879 1.030863 1.033141 1.017839 1.019392 0.995508 0.996223
1.613950e+08 1.029947 1.031226 1.038014 1.037869 1.022803 1.022465 1.030535 1.032848 1.017380 1.018959 0.994835 0.995630
1.614750e+08 1.029842 1.031181 1.037808 1.037667 1.022350 1.022016 1.030170 1.032518 1.016886 1.018491 0.994128 0.995004
1.615550e+08 1.029702 1.031100 1.037565 1.037430 1.021858 1.021530 1.029769 1.032152 1.016358 1.017989 0.993386 0.994345
1.616350e+08 1.029525 1.030982 1.037287 1.037158 1.021327 1.021009 1.029330 1.031750 1.015796 1.017453 0.992610 0.993653
1.617150e+08 1.029313 1.030829 1.036973 1.036851 1.020757 1.020453 1.028855 1.031312 1.015200 1.016883 0.991800 0.992929
1.617950e+08 1.029065 1.030639 1.036623 1.036510 1.020150 1.019861 1.028344 1.030839 1.014570 1.016279 0.990957 0.992172
1.618750e+08 1.028782 1.030414 1.036238 1.036134 1.019504 1.019235 1.027797 1.030329 1.013907 1.015642 0.990080 0.991384
1.619550e+08 1.028464 1.030152 1.035817 1.035723 1.018820 1.018574 1.027214 1.029785 1.013210 1.014971 0.989171 0.990563
1.620350e+08 1.028110 1.029856 1.035362 1.035279 1.018099 1.017879 1.026596 1.029206 1.012481 1.014268 0.988229 0.989710
1.621150e+08 1.027723 1.029523 1.034871 1.034802 1.017342 1.017150 1.025944 1.028592 1.011720 1.013533 0.987255 0.988827
1.621950e+08 1.027301 1.029156 1.034347 1.034291 1.016547 1.016388 1.025258 1.027945 1.010927 1.012766 0.986249 0.987912
1.622750e+08 1.026845 1.028755 1.033789 1.033747 1.015718 1.015594 1.024538 1.027264 1.010103 1.011968 0.985213 0.986967
1.623550e+08 1.026356 1.028320 1.033198 1.033172 1.014853 1.014768 1.023786 1.026551 1.009249 1.011139 0.984147 0.985993
1.624350e+08 1.025835 1.027851 1.032575 1.032565 1.013953 1.013910 1.023001 1.025806 1.008364 1.010281 0.983050 0.984989
1.625150e+08 1.025282 1.027349 1.031919 1.031927 1.013020 1.013022 1.022185 1.025029 1.007451 1.009393 0.981925 0.983956
1.625950e+08 1.024697 1.026815 1.031232 1.031259 1.012053 1.012104 1.021338 1.024222 1.006509 1.008477 0.980772 0.982896
1.626750e+08 1.024082 1.026249 1.030515 1.030562 1.011054 1.011157 1.020462 1.023385 1.005539 1.007533 0.979592 0.981808
1.627550e+08 1.023438 1.025652 1.029768 1.029835 1.010024 1.010182 1.019557 1.022520 1.004542 1.006563 0.978385 0.980694
1.628350e+08 1.022764 1.025025 1.028992 1.029081 1.008964 1.009180 1.018623 1.021626 1.003519 1.005566 0.977152 0.979553
1.629150e+08 1.022062 1.024368 1.028189 1.028300 1.007874 1.008151 1.017663 1.020705 1.002471 1.004545 0.975895 0.978388
1.629950e+08 1.021333 1.023684 1.027358 1.027492 1.006755 1.007097 1.016677 1.019758 1.001399 1.003499 0.974614 0.977199
1.630750e+08 1.020578 1.022971 1.026501 1.026660 1.005609 1.006018 1.015666 1.018785 1.000304 1.002430 0.973310 0.975986
1.631550e+08 1.019797 1.022232 1.025618 1.025803 1.004437 1.004916 1.014631 1.017789 0.999187 1.001339 0.971984 0.974751
1.632350e+08 1.018992 1.021467 1.024712 1.024923 1.003240 1.003792 1.013573 1.016769 0.998048 1.000227 0.970638 0.973494
1.633150e+08 1.018164 1.020678 1.023782 1.024021 1.002018 1.002646 1.012493 1.015727 0.996889 0.999094 0.969272 0.972217
1.633950e+08 1.017315 1.019865 1.022831 1.023097 1.000773 1.001481 1.011393 1.014665 0.995712 0.997943 0.967887 0.970921
1.634750e+08 1.016444 1.019029 1.021859 1.022154 0.999507 1.000297 1.010274 1.013583 0.994516 0.996774 0.966485 0.969606
1.635550e+08 1.015553 1.018173 1.020867 1.021192 0.998220 0.999095 1.009136 1.012482 0.993304 0.995588 0.965067 0.968274
1.636350e+08 1.014644 1.017296 1.019857 1.020212 0.996915 0.997877 1.007982 1.011365 0.992076 0.994387 0.963633 0.966926
1.637150e+08 1.013718 1.016400 1.018829 1.019215 0.995591 0.996643 1.006813 1.010231 0.990833 0.993172 0.962186 0.965563
1.637950e+08 1.012775 1.015487 1.017786 1.018204 0.994251 0.995396 1.005629 1.009082 0.989578 0.991943 0.960726 0.964186
1.638750e+08 1.011818 1.014557 1.016728 1.017179 0.992896 0.994136 1.004432 1.007920 0.988310 0.990703 0.959255 0.962796
1.639550e+08 1.010848 1.013613 1.015656 1.016141 0.991528 0.992865 1.003224 1.006746 0.987032 0.989452 0.957774 0.961395
1.640350e+08 1.009866 1.012654 1.014573 1.015091 0.990147 0.991584 1.002005 1.005561 0.985745 0.988192 0.956284 0.959983
1.641150e+08 1.008873 1.011683 1.013479 1.014032 0.988755 0.990295 1.000778 1.004366 0.984449 0.986924 0.954786 0.958562
1.641950e+08 1.007870 1.010702 1.012376 1.012964 0.987354 0.988998 0.999543 1.003164 0.983147 0.985649 0.953283 0.957133
1.642750e+08 1.006860 1.009711 1.011265 1.011889 0.985946 0.987695 0.998302 1.001954 0.981839 0.984368 0.951774 0.955697
1.643550e+08 1.005844 1.008711 1.010147 1.010808 0.984530 0.986388 0.997056 1.000739 0.980527 0.983083 0.950262 0.954256
1.644350e+08 1.004822 1.007705 1.009024 1.009722 0.983110 0.985078 0.995807 0.999521 0.979212 0.981796 0.948747 0.952811
1.645150e+08 1.003797 1.006694 1.007898 1.008634 0.981687 0.983766 0.994556 0.998299 0.977896 0.980507 0.947232 0.951363
1.645950e+08 1.002769 1.005679 1.006769 1.007544 0.980262 0.982454 0.993304 0.997076 0.976579 0.979218 0.945717 0.949913
1.646750e+08 1.001742 1.004662 1.005640 1.006453 0.978836 0.981143 0.992054 0.995854 0.975263 0.977930 0.944203 0.948463
1.647550e+08 1.000714 1.003644 1.004511 1.005364 0.977411 0.979834 0.990806 0.994632 0.973950 0.976644 0.942693 0.947014
1.648350e+08 0.999690 1.002627 1.003385 1.004277 0.975990 0.978530 0.989561 0.993414 0.972641 0.975362 0.941187 0.945567
1.649150e+08 0.998669 1.001612 1.002262 1.003194 0.974572 0.977230 0.988321 0.992200 0.971336 0.974085 0.939687 0.944124
1.649950e+08 0.997653 1.000601 1.001144 1.002117 0.973160 0.975938 0.987088 0.990991 0.970038 0.972814 0.938194 0.942685
1.650750e+08 0.996644 0.999595 1.000032 1.001046 0.971756 0.974653 0.985863 0.989790 0.968748 0.971550 0.936709 0.941252
1.651550e+08 0.995643 0.998596 0.998929 0.999984 0.970360 0.973378 0.984647 0.988596 0.967466 0.970296 0.935234 0.939827
1.652350e+08 0.994651 0.997606 0.997834 0.998931 0.968974 0.972113 0.983441 0.987412 0.966194 0.969051 0.933769 0.938410
1.653150e+08 0.993671 0.996625 0.996751 0.997890 0.967600 0.970860 0.982247 0.986239 0.964934 0.967817 0.932317 0.937003
1.653950e+08 0.992704 0.995655 0.995679 0.996861 0.966239 0.969621 0.981066 0.985078 0.963687 0.966596 0.930878 0.935607
1.654750e+08 0.991750 0.994699 0.994621 0.995846 0.964893 0.968396 0.979899 0.983931 0.962453 0.965388 0.929454 0.934223
1.655550e+08 0.990811 0.993756 0.993578 0.994846 0.963562 0.967187 0.978748 0.982798 0.961234 0.964195 0.928045 0.932852
1.656350e+08 0.989890 0.992829 0.992550 0.993862 0.962249 0.965996 0.977613 0.981681 0.960032 0.963017 0.926654 0.931496
1.657150e+08 0.988986 0.991920 0.991541 0.992897 0.960955 0.964822 0.976497 0.980581 0.958847 0.961857 0.925280 0.930156
1.657950e+08 0.988102 0.991029 0.990550 0.991950 0.959681 0.963668 0.975399 0.979499 0.957680 0.960714 0.923926 0.928832
1.658750e+08 0.987238 0.990158 0.989579 0.991024 0.958428 0.962535 0.974322 0.978436 0.956533 0.959591 0.922592 0.927527
1.659550e+08 0.986397 0.989308 0.988630 0.990120 0.957198 0.961423 0.973266 0.977394 0.955406 0.958487 0.921279 0.926240
1.660350e+08 0.985579 0.988482 0.987703 0.989238 0.955992 0.960335 0.972232 0.976373 0.954301 0.957404 0.919989 0.924973
1.661150e+08 0.984786 0.987679 0.986801 0.988381 0.954812 0.959270 0.971222 0.975375 0.953218 0.956343 0.918723 0.923728
1.661950e+08 0.984018 0.986902 0.985923 0.987549 0.953658 0.958230 0.970236 0.974400 0.952159 0.955304 0.917481 0.922504
1.662750e+08 0.983278 0.986151 0.985071 0.986744 0.952531 0.957216 0.969276 0.973449 0.951125 0.954290 0.916264 0.921304
1.663550e+08 0.982565 0.985429 0.984246 0.985966 0.951433 0.956230 0.968341 0.972524 0.950116 0.953299 0.915073 0.920127
1.664350e+08 0.981882 0.984736 0.983450 0.985216 0.950366 0.955270 0.967434 0.971624 0.949132 0.952334 0.913910 0.918976
1.665150e+08 0.981230 0.984073 0.982683 0.984496 0.949329 0.954340 0.966555 0.970752 0.948176 0.951395 0.912775 0.917850
1.665950e+08 0.980608 0.983442 0.981946 0.983807 0.948324 0.953439 0.965704 0.969908 0.947248 0.950482 0.911668 0.916750
1.666750e+08 0.980020 0.982844 0.981240 0.983150 0.947351 0.952569 0.964882 0.969092 0.946348 0.949596 0.910591 0.915678
1.667550e+08 0.979464 0.982279 0.980567 0.982525 0.946413 0.951729 0.964091 0.968305 0.945478 0.948738 0.909544 0.914634
1.668350e+08 0.978943 0.981750 0.979926 0.981934 0.945510 0.950921 0.963330 0.967548 0.944637 0.947909 0.908529 0.913619
1.669150e+08 0.978457 0.981256 0.979320 0.981377 0.944642 0.950146 0.962601 0.966821 0.943826 0.947108 0.907544 0.912634
1.669950e+08 0.978007 0.980799 0.978748 0.980855 0.943810 0.949404 0.961903 0.966125 0.943047 0.946337 0.906592 0.911678
1.670750e+08 0.977594 0.980380 0.978212 0.980369 0.943016 0.948695 0.961238 0.965461 0.942299 0.945595 0.905673 0.910754
1.671550e+08 0.977218 0.979999 0.977711 0.979920 0.942260 0.948020 0.960605 0.964828 0.941583 0.944883 0.904786 0.909860
1.672350e+08 0.976881 0.979659 0.977247 0.979508 0.941542 0.947380 0.960006 0.964228 0.940899 0.944202 0.903933 0.908999
1.673150e+08 0.976582 0.979358 0.976821 0.979134 0.940863 0.946775 0.959439 0.963661 0.940248 0.943552 0.903115 0.908170
1.673950e+08 0.976323 0.979099 0.976433 0.978798 0.940224 0.946205 0.958907 0.963126 0.939630 0.942932 0.902331 0.907373
1.674750e+08 0.976105 0.978881 0.976083 0.978502 0.939625 0.945671 0.958408 0.962625 0.939045 0.942344 0.901581 0.906610
1.675550e+08 0.975926 0.978706 0.975771 0.978245 0.939066 0.945173 0.957944 0.962156 0.938494 0.941786 0.900866 0.905880
1.676350e+08 0.975789 0.978574 0.975499 0.978028 0.938549 0.944710 0.957514 0.961722 0.937977 0.941260 0.900187 0.905184
1.677150e+08 0.975693 0.978485 0.975267 0.977852 0.938073 0.944284 0.957118 0.961321 0.937493 0.940765 0.899543 0.904522
1.677950e+08 0.975639 0.978441 0.975074 0.977716 0.937639 0.943895 0.956756 0.960953 0.937043 0.940302 0.898934 0.903894
1.678750e+08 0.975628 0.978441 0.974922 0.977621 0.937247 0.943542 0.956429 0.960619 0.936628 0.939869 0.898362 0.903300
1.679550e+08 0.975658 0.978486 0.974810 0.977568 0.936897 0.943225 0.956136 0.960319 0.936246 0.939468 0.897824 0.902741
1.680350e+08 0.975731 0.978577 0.974739 0.977557 0.936589 0.942945 0.955876 0.960052 0.935898 0.939097 0.897323 0.902217
1.681150e+08 0.975847 0.978713 0.974708 0.977586 0.936323 0.942702 0.955651 0.959818 0.935584 0.938757 0.896857 0.901727
1.681950e+08 0.976005 0.978895 0.974718 0.977658 0.936100 0.942494 0.955459 0.959617 0.935304 0.938448 0.896426 0.901272
1.682750e+08 0.976207 0.979123 0.974768 0.977772 0.935920 0.942323 0.955301 0.959449 0.935057 0.938168 0.896031 0.900852
1.683550e+08 0.976451 0.979398 0.974860 0.977928 0.935781 0.942187 0.955176 0.959314 0.934843 0.937918 0.895671 0.900466
1.684350e+08 0.976738 0.979719 0.974991 0.978125 0.935685 0.942087 0.955083 0.959210 0.934662 0.937698 0.895346 0.900114
1.685150e+08 0.977068 0.980086 0.975164 0.978364 0.935631 0.942023 0.955022 0.959138 0.934514 0.937506 0.895055 0.899797
1.685950e+08 0.977440 0.980500 0.975376 0.978645 0.935619 0.941993 0.954993 0.959098 0.934398 0.937342 0.894799 0.899514
1.686750e+08 0.977854 0.980960 0.975629 0.978967 0.935649 0.941997 0.954995 0.959088 0.934314 0.937207 0.894577 0.899264
1.687550e+08 0.978311 0.981466 0.975921 0.979331 0.935720 0.942036 0.955027 0.959107 0.934261 0.937098 0.894389 0.899048
1.688350e+08 0.978809 0.982019 0.976252 0.979735 0.935832 0.942108 0.955089 0.959157 0.934239 0.937016 0.894233 0.898864
1.689150e+08 0.979348 0.982618 0.976622 0.980181 0.935984 0.942213 0.955181 0.959235 0.934247 0.936960 0.894110 0.898714
1.689950e+08 0.979929 0.983262 0.977031 0.980666 0.936176 0.942350 0.955301 0.959342 0.934285 0.936929 0.894020 0.898595
1.690750e+08 0.980549 0.983951 0.977478 0.981192 0.936408 0.942519 0.955449 0.959476 0.934352 0.936923 0.893961 0.898509
1.691550e+08 0.981210 0.984686 0.977963 0.981757 0.936680 0.942720 0.955624 0.959636 0.934447 0.936940 0.893933 0.898454
1.692350e+08 0.981911 0.985465 0.978485 0.982361 0.936989 0.942950 0.955824 0.959823 0.934570 0.936981 0.893935 0.898429
1.693150e+08 0.982650 0.986288 0.979043 0.983003 0.937336 0.943210 0.956050 0.960034 0.934720 0.937043 0.893967 0.898435
1.693950e+08 0.983427 0.987155 0.979636 0.983683 0.937721 0.943499 0.956301 0.960270 0.934897 0.937127 0.894028 0.898470
1.694750e+08 0.984242 0.988066 0.980265 0.984401 0.938142 0.943816 0.956575 0.960529 0.935098 0.937230 0.894118 0.898534
1.695550e+08 0.985094 0.989019 0.980929 0.985155 0.938599 0.944161 0.956871 0.960810 0.935325 0.937354 0.894235 0.898627
1.696350e+08 0.985982 0.990013 0.981626 0.985945 0.939091 0.944531 0.957189 0.961112 0.935575 0.937495 0.894379 0.898747
