  1.67075e+08	      0.00000	      0.00000	      0.00000	      0.00000	      0.00000	      0.00000	      0.00000	      0.00000	      0.00000	      0.00000	      0.00000	      0.00000	
  1.67155e+08	      1.05210	      1.04814	      1.08855	      1.08626	      1.12259	      1.12123	      1.10864	      1.10855	      1.13230	      1.12923	      1.16637	      1.15923	
  1.67235e+08	      1.07363	      1.06977	      1.10674	      1.10541	      1.14120	      1.14004	      1.12726	      1.12738	      1.15286	      1.14848	      1.18563	      1.17729	
  1.67315e+08	      1.07421	      1.06958	      1.10553	      1.10560	      1.14331	      1.14004	      1.12731	      1.12402	      1.15161	      1.14686	      1.18703	      1.17798	
  1.67395e+08	      1.07441	      1.06930	      1.10408	      1.10352	      1.13979	      1.13858	      1.12625	      1.11920	      1.15220	      1.14632	      1.18462	      1.17625	
  1.67475e+08	      1.07502	      1.06886	      1.10133	      1.10178	      1.13849	      1.13820	      1.12655	      1.12153	      1.14966	      1.14759	      1.18359	      1.17622	
  1.67555e+08	      1.07259	      1.06794	      1.10072	      1.10108	      1.13787	      1.13819	      1.12523	      1.12437	      1.14943	      1.14692	      1.18449	      1.17422	
  1.67635e+08	      1.07208	      1.06746	      1.09772	      1.10172	      1.13724	      1.13794	      1.12687	      1.12572	      1.14783	      1.14610	      1.18206	      1.17372	
  1.67715e+08	      1.06998	      1.06734	      1.10032	      1.10016	      1.13353	      1.13616	      1.12807	      1.12439	      1.14741	      1.14732	      1.18120	      1.17167	
  1.67795e+08	      1.07033	      1.07070	      1.09987	      1.10251	      1.13690	      1.13535	      1.12889	      1.12173	      1.14981	      1.14619	      1.18212	      1.17100	
  1.67875e+08	      1.06978	      1.07005	      1.10238	      1.10276	      1.13558	      1.13480	      1.12843	      1.12558	      1.14815	      1.14663	      1.17847	      1.17127	
  1.67955e+08	      1.07007	      1.06899	      1.10363	      1.10008	      1.13365	      1.13479	      1.12716	      1.12623	      1.14579	      1.14609	      1.17685	      1.17028	
  1.68035e+08	      1.07147	      1.07187	      1.10353	      1.10149	      1.13278	      1.13374	      1.12751	      1.12543	      1.14728	      1.14363	      1.17713	      1.16934	
  1.68115e+08	      1.07214	      1.06912	      1.10027	      1.09960	      1.12997	      1.13179	      1.12556	      1.12161	      1.14581	      1.14331	      1.17514	      1.16891	
  1.68195e+08	      1.05583	      1.05356	      1.08554	      1.08391	      1.11471	      1.11738	      1.11183	      1.10383	      1.12802	      1.12548	      1.15786	      1.15216	
  1.68275e+08	      0.00000	      0.00000	      0.00000	      0.00000	      0.00000	      0.00000	      0.00000	      0.00000	      0.00000	      0.00000	      0.00000	      0.00000	
  1.68355e+08	      0.00000	      0.00000	      0.00000	      0.00000	      0.00000	      0.00000	      0.00000	      0.00000	      0.00000	      0.00000	      0.00000	      0.00000	
  1.68435e+08	      1.05268	      1.04904	      1.07683	      1.08314	      1.11065	      1.11207	      1.10898	      1.10282	      1.12243	      1.12048	      1.15249	      1.14484	
  1.68515e+08	      1.07441	      1.06996	      1.09767	      1.10204	      1.13075	      1.13238	      1.12858	      1.12030	      1.14283	      1.14049	      1.17288	      1.16683	
  1.68595e+08	      1.07483	      1.06921	      1.09942	      1.10256	      1.13144	      1.13392	      1.12896	      1.12116	      1.14606	      1.14020	      1.17497	      1.16706	
  1.68675e+08	      1.07334	      1.06858	      1.10099	      1.10267	      1.13141	      1.13432	      1.12921	      1.12081	      1.14418	      1.14085	      1.17499	      1.16638	
  1.68755e+08	      1.07326	      1.06934	      1.10273	      1.10257	      1.13188	      1.13451	      1.12448	      1.12051	      1.14276	      1.14102	      1.17206	      1.16569	
  1.68835e+08	      1.07378	      1.06927	      1.09976	      1.10137	      1.13014	      1.13368	      1.12268	      1.11989	      1.14224	      1.14230	      1.17221	      1.16656	
  1.68915e+08	      1.07328	      1.07018	      1.09905	      1.10036	      1.12935	      1.13144	      1.12298	      1.11662	      1.14260	      1.14032	      1.17023	      1.16516	
  1.68995e+08	      1.07175	      1.07264	      1.09815	      1.09907	      1.12962	      1.13030	      1.12052	      1.11770	      1.14104	      1.14138	      1.16966	      1.16207	
  1.69075e+08	      1.07282	      1.07470	      1.09708	      1.10109	      1.12804	      1.13133	      1.12112	      1.11970	      1.14237	      1.14025	      1.17161	      1.16420	
  1.69155e+08	      1.07244	      1.07578	      1.09566	      1.10197	      1.13076	      1.13080	      1.12197	      1.11981	      1.13996	      1.13908	      1.17074	      1.16275	
  1.69235e+08	      1.07412	      1.07660	      1.09558	      1.10242	      1.13012	      1.13239	      1.11973	      1.11930	      1.14002	      1.13917	      1.16900	      1.16297	
  1.69315e+08	      1.07494	      1.07689	      1.09666	      1.10386	      1.13033	      1.13133	      1.12110	      1.11808	      1.13901	      1.13929	      1.16792	      1.16120	
  1.69395e+08	      1.07303	      1.07600	      1.09790	      1.10372	      1.13084	      1.13050	      1.11838	      1.11523	      1.13697	      1.13630	      1.16587	      1.16089	
  1.69475e+08	      1.05765	      1.05906	      1.08499	      1.08919	      1.11574	      1.11627	      1.10612	      1.10382	      1.11975	      1.12134	      1.15042	      1.14410	
  1.69555e+08	      0.00000	      0.00000	      0.00000	      0.00000	      0.00000	      0.00000	      0.00000	      0.00000	      0.00000	      0.00000	      0.00000	      0.00000	
  1.69635e+08	      0.00000	      0.00000	      0.00000	      0.00000	      0.00000	      0.00000	      0.00000	      0.00000	      0.00000	      0.00000	      0.00000	      0.00000	
  1.69715e+08	      1.05593	      1.05396	      1.08144	      1.08380	      1.10992	      1.11300	      1.09978	      1.09983	      1.11737	      1.11761	      1.14387	      1.13728	
  1.69795e+08	      1.07653	      1.07395	      1.09788	      1.10208	      1.13049	      1.13365	      1.11889	      1.11963	      1.13801	      1.13729	      1.16480	      1.15868	
  1.69875e+08	      1.07795	      1.07334	      1.09884	      1.10127	      1.13082	      1.13432	      1.12198	      1.12075	      1.14186	      1.13811	      1.16292	      1.15982	
  1.69955e+08	      1.07880	      1.07290	      1.09676	      1.10340	      1.13149	      1.13325	      1.12091	      1.12103	      1.14079	      1.13772	      1.16196	      1.15805	
  1.70035e+08	      1.07819	      1.07372	      1.09806	      1.10326	      1.13112	      1.13352	      1.11895	      1.12058	      1.14100	      1.13789	      1.16102	      1.16018	
  1.70115e+08	      1.07700	      1.07376	      1.09768	      1.10360	      1.12978	      1.13241	      1.12181	      1.11871	      1.14001	      1.13640	      1.16221	      1.15925	
  1.70195e+08	      1.07759	      1.07654	      1.10027	      1.10411	      1.12930	      1.13178	      1.12072	      1.11578	      1.13919	      1.13624	      1.16134	      1.15730	
  1.70275e+08	      1.07962	      1.07615	      1.10111	      1.10264	      1.12907	      1.13156	      1.11867	      1.11529	      1.13797	      1.13616	      1.16180	      1.15840	
  1.70355e+08	      1.07821	      1.07867	      1.10358	      1.10607	      1.12951	      1.13022	      1.11943	      1.11877	      1.13666	      1.13760	      1.16086	      1.15837	
  1.70435e+08	      1.07955	      1.07919	      1.10254	      1.10473	      1.12740	      1.12952	      1.12187	      1.11758	      1.13588	      1.13642	      1.16241	      1.15638	
  1.70515e+08	      1.07873	      1.07981	      1.10217	      1.10412	      1.12671	      1.12905	      1.12045	      1.11711	      1.13475	      1.13540	      1.16078	      1.15751	
  1.70595e+08	      1.07959	      1.07995	      1.10189	      1.10237	      1.12707	      1.12905	      1.12304	      1.11585	      1.13624	      1.13724	      1.15851	      1.15697	
  1.70675e+08	      1.07830	      1.07903	      1.09767	      1.10271	      1.12518	      1.12993	      1.12125	      1.11649	      1.13439	      1.13535	      1.15865	      1.15444	
  1.70755e+08	      1.06390	      1.06373	      1.08176	      1.08902	      1.11064	      1.11516	      1.10432	      1.10306	      1.11817	      1.12287	      1.14177	      1.13840	
  1.70835e+08	      0.00000	      0.00000	      0.00000	      0.00000	      0.00000	      0.00000	      0.00000	      0.00000	      0.00000	      0.00000	      0.00000	      0.00000	
  1.70915e+08	      0.00000	      0.00000	      0.00000	      0.00000	      0.00000	      0.00000	      0.00000	      0.00000	      0.00000	      0.00000	      0.00000	      0.00000	
  1.70995e+08	      1.06152	      1.05890	      1.08355	      1.08957	      1.10953	      1.10908	      1.10025	      1.09622	      1.11187	      1.11653	      1.13731	      1.13343	
  1.71075e+08	      1.08163	      1.07839	      1.10691	      1.10892	      1.12769	      1.12998	      1.12134	      1.11740	      1.13513	      1.13734	      1.15515	      1.15477	
  1.71155e+08	      1.08580	      1.07907	      1.10808	      1.11003	      1.13044	      1.12945	      1.12336	      1.12065	      1.13789	      1.13848	      1.15571	      1.15637	
  1.71235e+08	      1.08409	      1.08026	      1.10573	      1.10860	      1.12820	      1.13198	      1.12392	      1.11789	      1.14012	      1.13742	      1.15619	      1.15563	
  1.71315e+08	      1.08590	      1.08032	      1.10520	      1.10532	      1.12862	      1.12981	      1.12544	      1.11736	      1.13818	      1.13838	      1.15654	      1.15354	
  1.71395e+08	      1.08509	      1.08115	      1.10384	      1.10584	      1.12686	      1.12886	      1.12492	      1.11733	      1.13653	      1.13660	      1.15583	      1.15524	
  1.71475e+08	      1.08514	      1.08225	      1.10272	      1.10548	      1.12548	      1.12952	      1.12375	      1.11898	      1.13457	      1.13542	      1.15519	      1.15532	
  1.71555e+08	      1.08319	      1.08421	      1.09946	      1.10635	      1.12730	      1.12844	      1.11855	      1.11887	      1.13411	      1.13378	      1.15308	      1.15481	
  1.71635e+08	      1.08301	      1.08577	      1.10083	      1.10681	      1.12580	      1.12845	      1.12325	      1.11953	      1.13344	      1.13357	      1.15535	      1.15609	
  1.71715e+08	      1.08357	      1.08681	      1.09935	      1.10806	      1.12533	      1.12815	      1.12534	      1.11290	      1.13348	      1.13407	      1.15183	      1.15419	
  1.71795e+08	      1.08265	      1.08687	      1.10093	      1.10912	      1.12538	      1.12805	      1.12293	      1.11290	      1.13508	      1.13466	      1.15101	      1.15346	
  1.71875e+08	      1.08183	      1.08820	      1.10131	      1.10677	      1.12434	      1.12728	      1.12515	      1.11404	      1.13434	      1.13333	      1.15131	      1.15243	
  1.71955e+08	      1.07967	      1.08694	      1.10318	      1.10640	      1.12406	      1.12653	      1.12346	      1.11655	      1.13324	      1.13171	      1.15307	      1.15164	
  1.72035e+08	      1.06663	      1.07108	      1.08934	      1.08961	      1.10855	      1.11213	      1.10512	      1.09779	      1.11514	      1.11517	      1.13671	      1.13568	
  1.72115e+08	      0.00000	      0.00000	      0.00000	      0.00000	      0.00000	      0.00000	      0.00000	      0.00000	      0.00000	      0.00000	      0.00000	      0.00000	
  1.72195e+08	      0.00000	      0.00000	      0.00000	      0.00000	      0.00000	      0.00000	      0.00000	      0.00000	      0.00000	      0.00000	      0.00000	      0.00000	
  1.72275e+08	      1.06356	      1.06475	      1.08162	      1.08564	      1.10231	      1.10771	      1.09954	      1.09099	      1.10922	      1.11133	      1.12842	      1.12688	
  1.72355e+08	      1.08434	      1.08355	      1.09927	      1.10614	      1.12411	      1.12636	      1.11847	      1.11107	      1.13269	      1.13129	      1.14927	      1.14803	
  1.72435e+08	      1.08461	      1.08439	      1.09991	      1.10655	      1.12612	      1.12738	      1.11917	      1.10875	      1.13183	      1.13163	      1.14721	      1.14802	
  1.72515e+08	      1.08549	      1.08328	      1.09979	      1.10653	      1.12400	      1.12620	      1.11737	      1.10937	      1.13125	      1.12929	      1.14671	      1.14701	
  1.72595e+08	      1.08279	      1.08224	      1.10155	      1.10825	      1.12526	      1.12499	      1.11900	      1.10753	      1.12972	      1.13041	      1.14559	      1.14687	
  1.72675e+08	      1.08390	      1.08391	      1.10305	      1.10795	      1.12239	      1.12460	      1.11637	      1.10880	      1.12996	      1.12836	      1.14508	      1.14599	
  1.72755e+08	      1.08279	      1.08306	      1.10306	      1.10772	      1.12101	      1.12324	      1.11549	      1.10946	      1.12883	      1.12718	      1.14341	      1.14393	
  1.72835e+08	      1.08065	      1.08514	      1.10359	      1.10431	      1.11958	      1.12256	      1.11319	      1.10739	      1.12363	      1.12524	      1.13950	      1.14039	
  1.72915e+08	      1.08134	      1.08586	      1.10186	      1.10402	      1.12119	      1.12319	      1.11340	      1.10691	      1.12546	      1.12470	      1.14136	      1.14129	
  1.72995e+08	      1.08190	      1.08644	      1.10010	      1.10320	      1.12019	      1.12338	      1.11218	      1.10532	      1.12484	      1.12482	      1.14092	      1.14076	
  1.73075e+08	      1.08181	      1.08770	      1.09679	      1.10080	      1.11933	      1.12197	      1.11043	      1.10705	      1.12591	      1.12416	      1.14136	      1.13917	
  1.73155e+08	      1.08351	      1.08928	      1.09479	      1.10060	      1.11761	      1.12076	      1.11035	      1.10753	      1.12318	      1.12328	      1.14046	      1.13828	
  1.73235e+08	      1.08157	      1.08927	      1.09094	      1.09952	      1.11694	      1.12088	      1.11132	      1.10699	      1.12001	      1.12273	      1.13805	      1.13702	
  1.73315e+08	      1.06543	      1.07304	      1.07761	      1.08440	      1.09978	      1.10449	      1.09641	      1.09033	      1.10123	      1.10642	      1.12143	      1.11932	
  1.73395e+08	      0.00000	      0.00000	      0.00000	      0.00000	      0.00000	      0.00000	      0.00000	      0.00000	      0.00000	      0.00000	      0.00000	      0.00000	
  1.73475e+08	      0.00000	      0.00000	      0.00000	      0.00000	      0.00000	      0.00000	      0.00000	      0.00000	      0.00000	      0.00000	      0.00000	      0.00000	
  1.73555e+08	      1.06252	      1.06493	      1.07650	      1.08220	      1.09313	      1.09829	      1.08913	      1.08730	      1.09859	      1.10079	      1.11517	      1.11213	
  1.73635e+08	      1.08267	      1.08453	      1.09674	      1.10020	      1.11402	      1.11579	      1.10999	      1.10474	      1.12108	      1.12119	      1.13418	      1.13137	
  1.73715e+08	      1.08305	      1.08447	      1.09723	      1.10067	      1.11186	      1.11575	      1.10715	      1.10401	      1.12016	      1.12093	      1.13403	      1.13008	
  1.73795e+08	      1.08133	      1.08071	      1.09624	      1.09808	      1.11026	      1.11530	      1.10960	      1.10576	      1.11996	      1.12005	      1.13190	      1.12981	
  1.73875e+08	      1.08044	      1.07944	      1.09267	      1.09821	      1.10796	      1.11334	      1.10588	      1.10545	      1.11569	      1.11636	      1.13298	      1.12866	
  1.73955e+08	      1.07778	      1.07994	      1.08953	      1.09732	      1.10913	      1.11260	      1.10742	      1.10548	      1.11518	      1.11562	      1.12939	      1.12641	
  1.74035e+08	      1.07705	      1.07950	      1.08770	      1.09790	      1.10749	      1.11127	      1.10532	      1.10294	      1.11652	      1.11593	      1.12779	      1.12459	
  1.74115e+08	      1.07530	      1.07876	      1.08814	      1.09572	      1.10582	      1.10924	      1.10430	      1.09762	      1.11209	      1.11314	      1.12428	      1.12059	
  1.74195e+08	      1.07565	      1.08013	      1.08837	      1.09581	      1.10493	      1.10758	      1.10452	      1.09743	      1.11123	      1.11229	      1.12622	      1.12205	
  1.74275e+08	      1.07622	      1.08210	      1.08971	      1.09755	      1.10294	      1.10588	      1.10080	      1.09964	      1.10984	      1.10979	      1.12461	      1.12004	
  1.74355e+08	      1.07434	      1.08239	      1.09045	      1.09473	      1.10132	      1.10398	      1.10089	      1.09369	      1.10848	      1.10871	      1.12210	      1.12094	
  1.74435e+08	      1.07248	      1.08280	      1.09098	      1.09271	      1.10116	      1.10344	      1.09942	      1.09059	      1.10685	      1.10971	      1.11854	      1.11835	
  1.74515e+08	      1.07005	      1.08198	      1.08844	      1.09179	      1.09965	      1.10219	      1.09491	      1.08520	      1.10565	      1.10675	      1.11807	      1.11664	
  1.74595e+08	      1.05629	      1.06388	      1.07020	      1.07510	      1.08325	      1.08558	      1.08036	      1.07104	      1.08736	      1.09183	      1.10208	      1.10004	
  1.74675e+08	      0.00000	      0.00000	      0.00000	      0.00000	      0.00000	      0.00000	      0.00000	      0.00000	      0.00000	      0.00000	      0.00000	      0.00000	
  1.74755e+08	      0.00000	      0.00000	      0.00000	      0.00000	      0.00000	      0.00000	      0.00000	      0.00000	      0.00000	      0.00000	      0.00000	      0.00000	
  1.74835e+08	      1.04940	      1.05470	      1.05910	      1.06792	      1.07674	      1.07844	      1.07061	      1.06602	      1.08037	      1.08282	      1.09216	      1.08974	
  1.74915e+08	      1.06777	      1.07354	      1.07926	      1.08653	      1.09350	      1.09751	      1.08834	      1.08377	      1.09891	      1.10063	      1.11126	      1.10893	
  1.74995e+08	      1.06804	      1.07175	      1.08055	      1.08661	      1.09528	      1.09738	      1.08651	      1.08484	      1.09847	      1.10202	      1.11223	      1.10965	
  1.75075e+08	      1.06700	      1.06982	      1.08195	      1.08559	      1.09362	      1.09499	      1.08783	      1.08571	      1.09572	      1.09825	      1.11108	      1.10570	
  1.75155e+08	      1.06892	      1.06927	      1.08354	      1.08449	      1.09252	      1.09243	      1.08401	      1.08581	      1.09638	      1.09786	      1.10716	      1.10590	
  1.75235e+08	      1.06714	      1.06749	      1.08196	      1.08139	      1.08985	      1.09115	      1.08445	      1.08199	      1.09279	      1.09658	      1.10568	      1.10309	
  1.75315e+08	      1.06516	      1.06691	      1.08154	      1.08083	      1.08872	      1.09078	      1.08343	      1.08114	      1.09492	      1.09330	      1.10314	      1.10150	
  1.75395e+08	      1.06251	      1.06527	      1.07612	      1.07734	      1.08616	      1.08739	      1.08156	      1.08472	      1.08773	      1.09221	      1.09696	      1.09835	
  1.75475e+08	      1.06404	      1.06716	      1.07483	      1.07569	      1.08482	      1.08842	      1.08355	      1.08728	      1.09173	      1.09149	      1.09676	      1.09750	
  1.75555e+08	      1.06251	      1.06770	      1.07183	      1.07579	      1.08386	      1.08618	      1.08218	      1.08778	      1.08990	      1.09186	      1.09448	      1.09526	
  1.75635e+08	      1.06066	      1.06819	      1.06954	      1.07380	      1.08212	      1.08386	      1.07773	      1.08138	      1.08754	      1.08958	      1.09239	      1.09390	
  1.75715e+08	      1.05806	      1.06784	      1.07054	      1.07242	      1.07924	      1.08167	      1.07822	      1.08042	      1.08505	      1.08749	      1.09113	      1.09398	
  1.75795e+08	      1.05531	      1.06717	      1.06995	      1.07112	      1.07687	      1.07978	      1.07600	      1.07910	      1.08151	      1.08470	      1.08904	      1.09035	
  1.75875e+08	      1.03965	      1.04958	      1.05660	      1.05654	      1.05971	      1.06589	      1.05461	      1.06404	      1.06809	      1.06882	      1.07413	      1.07692	
  1.75955e+08	      0.00000	      0.00000	      0.00000	      0.00000	      0.00000	      0.00000	      0.00000	      0.00000	      0.00000	      0.00000	      0.00000	      0.00000	
  1.76035e+08	      0.00000	      0.00000	      0.00000	      0.00000	      0.00000	      0.00000	      0.00000	      0.00000	      0.00000	      0.00000	      0.00000	      0.00000	
  1.76115e+08	      1.03420	      1.04194	      1.05244	      1.04972	      1.05107	      1.05838	      1.04679	      1.05121	      1.05859	      1.06173	      1.06674	      1.06852	
  1.76195e+08	      1.05249	      1.05918	      1.06846	      1.06816	      1.07121	      1.07525	      1.06476	      1.07282	      1.07845	      1.07885	      1.08545	      1.08729	
  1.76275e+08	      1.05493	      1.05750	      1.06474	      1.06715	      1.07101	      1.07399	      1.06453	      1.07253	      1.07848	      1.07966	      1.08463	      1.08460	
  1.76355e+08	      1.05410	      1.05477	      1.06143	      1.06556	      1.06848	      1.07434	      1.06515	      1.06987	      1.07663	      1.07688	      1.08174	      1.08284	
  1.76435e+08	      1.05230	      1.05381	      1.05732	      1.06433	      1.06653	      1.07155	      1.05922	      1.06443	      1.07492	      1.07437	      1.07790	      1.08213	
  1.76515e+08	      1.05208	      1.05118	      1.05795	      1.06399	      1.06474	      1.07050	      1.05891	      1.06521	      1.07369	      1.07450	      1.07594	      1.07989	
  1.76595e+08	      1.05081	      1.05184	      1.05688	      1.06210	      1.06316	      1.06983	      1.05614	      1.06656	      1.07068	      1.07061	      1.07491	      1.07644	
  1.76675e+08	      1.04907	      1.05036	      1.05696	      1.06007	      1.06142	      1.06572	      1.05150	      1.06228	      1.06530	      1.06860	      1.07102	      1.07267	
  1.76755e+08	      1.04800	      1.05175	      1.05741	      1.05884	      1.05833	      1.06482	      1.05344	      1.06011	      1.06665	      1.06704	      1.07124	      1.07141	
  1.76835e+08	      1.04701	      1.05159	      1.05664	      1.05796	      1.05759	      1.06322	      1.05070	      1.05602	      1.06401	      1.06634	      1.07031	      1.06935	
  1.76915e+08	      1.04636	      1.05151	      1.05625	      1.05618	      1.05541	      1.06174	      1.04758	      1.05430	      1.06302	      1.06537	      1.06892	      1.06897	
  1.76995e+08	      1.04429	      1.05194	      1.05372	      1.05397	      1.05324	      1.05850	      1.04821	      1.05382	      1.05968	      1.06223	      1.06748	      1.06700	
  1.77075e+08	      1.04289	      1.05208	      1.04957	      1.05157	      1.05260	      1.05669	      1.04547	      1.05329	      1.05788	      1.06125	      1.06451	      1.06549	
  1.77155e+08	      1.02807	      1.03739	      1.03443	      1.03737	      1.03743	      1.04021	      1.02947	      1.03669	      1.04337	      1.04684	      1.04805	      1.04903	
  1.77235e+08	      0.00000	      0.00000	      0.00000	      0.00000	      0.00000	      0.00000	      0.00000	      0.00000	      0.00000	      0.00000	      0.00000	      0.00000	
  1.77315e+08	      0.00000	      0.00000	      0.00000	      0.00000	      0.00000	      0.00000	      0.00000	      0.00000	      0.00000	      0.00000	      0.00000	      0.00000	
  1.77395e+08	      1.01906	      1.02513	      1.02847	      1.03212	      1.02920	      1.03069	      1.02563	      1.02954	      1.03607	      1.03919	      1.04111	      1.04077	
  1.77475e+08	      1.03637	      1.04185	      1.04801	      1.05048	      1.04778	      1.04880	      1.04640	      1.05037	      1.05235	      1.05724	      1.05753	      1.05677	
  1.77555e+08	      1.03611	      1.04058	      1.04946	      1.05018	      1.04741	      1.04908	      1.04357	      1.04725	      1.05272	      1.05421	      1.05779	      1.05810	
  1.77635e+08	      1.03503	      1.03784	      1.04938	      1.04943	      1.04545	      1.04831	      1.04117	      1.04366	      1.05045	      1.05305	      1.05534	      1.05640	
  1.77715e+08	      1.03365	      1.03663	      1.04682	      1.04638	      1.04345	      1.04625	      1.04195	      1.04068	      1.04937	      1.05112	      1.05277	      1.05379	
  1.77795e+08	      1.03271	      1.03511	      1.04417	      1.04457	      1.04379	      1.04465	      1.04154	      1.04444	      1.04679	      1.04859	      1.05031	      1.05216	
  1.77875e+08	      1.03276	      1.03505	      1.04014	      1.04265	      1.04187	      1.04304	      1.03978	      1.04284	      1.04475	      1.04773	      1.05016	      1.04880	
  1.77955e+08	      1.03090	      1.03542	      1.03619	      1.04033	      1.04068	      1.04088	      1.03710	      1.04235	      1.04024	      1.04370	      1.04576	      1.04821	
  1.78035e+08	      1.03173	      1.03450	      1.03443	      1.04073	      1.03998	      1.03987	      1.04105	      1.03786	      1.04011	      1.04339	      1.04588	      1.04776	
  1.78115e+08	      1.02984	      1.03376	      1.03393	      1.03984	      1.03931	      1.04033	      1.04130	      1.03876	      1.04060	      1.04285	      1.04430	      1.04496	
  1.78195e+08	      1.02821	      1.03544	      1.03381	      1.03995	      1.03907	      1.03810	      1.04073	      1.03954	      1.03954	      1.04117	      1.04342	      1.04271	
  1.78275e+08	      1.02766	      1.03621	      1.03596	      1.03869	      1.03676	      1.03766	      1.04047	      1.04018	      1.03751	      1.04058	      1.04058	      1.04184	
  1.78355e+08	      1.02725	      1.03688	      1.03445	      1.03579	      1.03433	      1.03490	      1.03547	      1.03664	      1.03646	      1.03647	      1.03851	      1.03931	
  1.78435e+08	      1.01190	      1.02101	      1.02058	      1.01922	      1.01842	      1.01945	      1.02052	      1.01961	      1.02337	      1.02509	      1.02299	      1.02463	
  1.78515e+08	      0.00000	      0.00000	      0.00000	      0.00000	      0.00000	      0.00000	      0.00000	      0.00000	      0.00000	      0.00000	      0.00000	      0.00000	
  1.78595e+08	      0.00000	      0.00000	      0.00000	      0.00000	      0.00000	      0.00000	      0.00000	      0.00000	      0.00000	      0.00000	      0.00000	      0.00000	
  1.78675e+08	      1.00825	      1.01435	      1.00925	      1.01062	      1.01124	      1.01108	      1.01400	      1.01536	      1.01273	      1.01585	      1.01720	      1.01847	
  1.78755e+08	      1.02790	      1.03206	      1.02526	      1.02817	      1.02962	      1.02837	      1.02936	      1.03234	      1.03111	      1.03377	      1.03525	      1.03673	
  1.78835e+08	      1.02663	      1.02995	      1.02504	      1.02812	      1.03086	      1.02844	      1.02998	      1.02936	      1.03096	      1.03439	      1.03333	      1.03542	
  1.78915e+08	      1.02483	      1.02752	      1.02561	      1.02867	      1.02944	      1.02763	      1.02585	      1.03073	      1.03124	      1.03229	      1.03347	      1.03359	
  1.78995e+08	      1.02312	      1.02398	      1.02642	      1.02861	      1.02812	      1.02668	      1.02693	      1.02945	      1.02934	      1.03181	      1.03018	      1.03260	
  1.79075e+08	      1.02115	      1.02130	      1.02833	      1.02709	      1.02664	      1.02658	      1.02352	      1.02775	      1.02763	      1.03081	      1.02859	      1.03078	
  1.79155e+08	      1.01975	      1.02125	      1.02822	      1.02708	      1.02478	      1.02516	      1.02169	      1.02631	      1.02516	      1.02802	      1.02582	      1.02825	
  1.79235e+08	      1.01855	      1.02042	      1.02801	      1.02664	      1.02324	      1.02072	      1.01897	      1.02113	      1.02373	      1.02545	      1.02308	      1.02370	
  1.79315e+08	      1.01820	      1.02090	      1.02690	      1.02376	      1.02407	      1.02392	      1.02195	      1.02475	      1.02416	      1.02556	      1.02434	      1.02706	
  1.79395e+08	      1.01706	      1.02227	      1.02500	      1.02297	      1.02264	      1.02245	      1.02058	      1.02206	      1.02210	      1.02587	      1.02408	      1.02552	
  1.79475e+08	      1.01704	      1.02432	      1.02265	      1.02245	      1.02161	      1.02054	      1.01990	      1.02123	      1.02136	      1.02313	      1.02419	      1.02383	
  1.79555e+08	      1.01637	      1.02467	      1.01974	      1.02186	      1.02146	      1.01925	      1.01688	      1.01683	      1.01880	      1.02150	      1.02033	      1.02218	
  1.79635e+08	      1.01607	      1.02603	      1.01747	      1.02116	      1.01880	      1.01890	      1.01594	      1.01271	      1.01829	      1.02162	      1.01919	      1.02054	
  1.79715e+08	      1.00065	      1.01174	      1.00431	      1.00738	      1.00613	      1.00504	     0.999616	     0.998288	      1.00501	      1.00766	      1.00295	      1.00435	
  1.79795e+08	      0.00000	      0.00000	      0.00000	      0.00000	      0.00000	      0.00000	      0.00000	      0.00000	      0.00000	      0.00000	      0.00000	      0.00000	
  1.79875e+08	      0.00000	      0.00000	      0.00000	      0.00000	      0.00000	      0.00000	      0.00000	      0.00000	      0.00000	      0.00000	      0.00000	      0.00000	
  1.79955e+08	     0.997989	      1.00354	      1.00517	      1.00511	     0.997067	     0.999187	     0.994058	     0.994691	      1.00004	      1.00332	     0.997598	     0.998044	
  1.80035e+08	      1.01713	      1.02191	      1.02249	      1.02049	      1.01551	      1.01583	      1.01265	      1.01407	      1.01775	      1.01967	      1.01503	      1.01457	
  1.80115e+08	      1.01720	      1.02121	      1.02243	      1.02121	      1.01430	      1.01547	      1.01095	      1.01998	      1.01695	      1.02044	      1.01481	      1.01396	
  1.80195e+08	      1.01800	      1.01903	      1.01964	      1.02000	      1.01369	      1.01356	      1.01259	      1.02111	      1.01632	      1.02072	      1.01302	      1.01460	
  1.80275e+08	      1.01694	      1.01786	      1.01747	      1.01991	      1.01178	      1.01276	      1.01532	      1.02056	      1.01850	      1.02050	      1.00945	      1.01182	
  1.80355e+08	      1.01689	      1.01496	      1.01326	      1.01676	      1.01194	      1.01279	      1.01072	      1.01599	      1.01668	      1.02083	      1.00900	      1.01114	
  1.80435e+08	      1.01583	      1.01316	      1.01196	      1.01707	      1.00919	      1.01176	      1.01064	      1.01631	      1.01495	      1.01764	      1.00643	      1.01058	
  1.80515e+08	      1.01510	      1.01270	      1.01245	      1.01661	      1.00904	      1.00956	      1.00794	      1.01999	      1.01329	      1.01699	      1.00503	      1.00947	
  1.80595e+08	      1.01691	      1.01394	      1.01325	      1.01750	      1.00833	      1.01077	      1.00975	      1.02024	      1.01335	      1.01788	      1.00710	      1.00988	
  1.80675e+08	      1.01632	      1.01437	      1.01370	      1.01734	      1.00808	      1.00978	      1.01145	      1.01829	      1.01284	      1.01624	      1.00719	      1.00988	
  1.80755e+08	      1.01714	      1.01643	      1.01602	      1.01603	      1.00683	      1.00937	      1.00955	      1.01751	      1.01011	      1.01715	      1.00725	      1.00990	
  1.80835e+08	      1.01587	      1.01628	      1.01675	      1.01565	      1.00600	      1.00937	      1.00931	      1.01529	      1.00909	      1.01517	      1.00707	      1.00890	
  1.80915e+08	      1.01503	      1.01874	      1.01415	      1.01386	      1.00351	      1.00804	      1.01289	      1.01689	      1.00964	      1.01271	      1.00707	      1.00932	
  1.80995e+08	     0.999855	      1.00372	     0.999951	      1.00022	     0.989568	     0.994167	     0.994618	      1.00177	     0.996118	      1.00080	     0.993322	     0.994158	
  1.81075e+08	      0.00000	      0.00000	      0.00000	      0.00000	      0.00000	      0.00000	      0.00000	      0.00000	      0.00000	      0.00000	      0.00000	      0.00000	
  1.81155e+08	      0.00000	      0.00000	      0.00000	      0.00000	      0.00000	      0.00000	      0.00000	      0.00000	      0.00000	      0.00000	      0.00000	      0.00000	
  1.81235e+08	     0.994974	     0.997444	     0.990116	     0.995242	     0.986026	     0.990495	     0.991373	     0.993760	     0.990014	     0.993521	     0.987294	     0.988890	
  1.81315e+08	      1.01439	      1.01672	      1.00855	      1.01438	      1.00345	      1.00855	      1.01123	      1.01293	      1.00756	      1.01291	      1.00596	      1.00439	
  1.81395e+08	      1.01732	      1.01661	      1.01180	      1.01606	      1.00407	      1.01019	      1.00840	      1.01625	      1.00691	      1.01023	      1.00559	      1.00453	
  1.81475e+08	      1.01648	      1.01440	      1.01326	      1.01732	      1.00356	      1.00789	      1.01063	      1.01212	      1.00711	      1.01064	      1.00454	      1.00429	
  1.81555e+08	      1.01731	      1.01211	      1.01555	      1.01665	      1.00309	      1.00678	      1.00860	      1.00887	      1.00631	      1.01049	      1.00314	      1.00367	
  1.81635e+08	      1.01528	      1.01154	      1.01605	      1.01686	      1.00252	      1.00630	      1.00432	      1.01083	      1.00663	      1.00997	      1.00254	      1.00215	
  1.81715e+08	      1.01620	      1.00855	      1.01481	      1.01502	      1.00129	      1.00515	      1.00139	      1.00957	      1.00460	      1.01020	      1.00149	      1.00094	
  1.81795e+08	      1.01552	      1.00946	      1.01320	      1.01356	     0.999135	      1.00436	     0.997834	      1.01031	      1.00517	      1.00964	     0.998276	     0.999645	
  1.81875e+08	      1.01596	      1.00967	      1.01165	      1.01454	     0.998854	      1.00293	      1.00139	      1.00741	      1.00666	      1.00960	      1.00210	      1.00010	
  1.81955e+08	      1.01398	      1.00974	      1.00924	      1.01420	     0.999323	      1.00392	      1.00180	      1.00417	      1.00779	      1.00980	     0.999977	     0.999820	
  1.82035e+08	      1.01467	      1.01145	      1.00924	      1.01526	     0.999545	      1.00345	      1.00295	      1.00552	      1.00555	      1.00906	     0.996913	     0.998722	
  1.82115e+08	      1.01403	      1.01349	      1.00755	      1.01512	     0.999582	      1.00226	      1.00335	      1.00901	      1.00581	      1.00911	     0.997641	     0.996879	
  1.82195e+08	      1.01290	      1.01669	      1.00958	      1.01383	     0.998033	      1.00198	      1.00343	      1.01085	      1.00592	      1.00916	     0.996140	     0.996689	
  1.82275e+08	     0.998715	      1.00131	     0.997525	     0.999790	     0.983598	     0.987557	     0.988802	     0.994312	     0.991223	     0.996110	     0.982560	     0.984803	
  1.82355e+08	      0.00000	      0.00000	      0.00000	      0.00000	      0.00000	      0.00000	      0.00000	      0.00000	      0.00000	      0.00000	      0.00000	      0.00000	
  1.82435e+08	      0.00000	      0.00000	      0.00000	      0.00000	      0.00000	      0.00000	      0.00000	      0.00000	      0.00000	      0.00000	      0.00000	      0.00000	
  1.82515e+08	     0.997980	     0.999948	     0.997229	     0.995057	     0.979145	     0.981820	     0.988115	     0.989977	     0.984347	     0.987288	     0.976902	     0.979228	
  1.82595e+08	      1.01962	      1.01954	      1.01265	      1.01282	     0.998489	     0.999935	      1.00783	      1.00858	      1.00118	      1.00505	     0.995234	     0.995589	
  1.82675e+08	      1.01924	      1.01783	      1.01212	      1.01299	     0.998773	      1.00092	      1.00852	      1.00587	      1.00189	      1.00439	     0.994343	     0.994932	
  1.82755e+08	      1.01864	      1.01705	      1.00886	      1.01381	     0.997602	     0.998979	      1.00751	      1.00420	      1.00242	      1.00445	     0.994502	     0.995529	
  1.82835e+08	      1.01721	      1.01450	      1.00734	      1.01387	     0.997779	      1.00017	      1.00611	      1.00464	      1.00457	      1.00577	     0.995416	     0.993526	
  1.82915e+08	      1.01700	      1.01239	      1.00819	      1.01453	     0.998031	      1.00064	      1.00949	      1.00790	      1.00501	      1.00505	     0.993853	     0.992325	
  1.82995e+08	      1.01590	      1.01120	      1.00991	      1.01477	     0.995444	     0.998989	      1.00760	      1.00758	      1.00272	      1.00370	     0.990300	     0.990191	
  1.83075e+08	      1.01301	      1.00963	      1.01135	      1.01455	     0.998128	     0.999367	      1.00361	      1.00143	      1.00003	      1.00379	     0.989300	     0.987786	
  1.83155e+08	      1.01448	      1.01073	      1.01333	      1.01412	     0.998709	     0.999146	      1.00494	      1.00081	     0.999984	      1.00447	     0.991190	     0.990019	
  1.83235e+08	      1.01308	      1.01185	      1.01332	      1.01452	     0.998065	     0.998502	      1.00325	      1.00312	      1.00115	      1.00445	     0.990855	     0.988011	
  1.83315e+08	      1.01313	      1.01225	      1.01317	      1.01310	     0.998329	     0.998221	      1.00504	      1.00721	      1.00141	      1.00430	     0.988579	     0.989423	
  1.83395e+08	      1.01271	      1.01441	      1.01120	      1.01264	     0.996215	     0.998090	      1.00414	      1.00683	     0.999584	      1.00501	     0.988566	     0.988566	
  1.83475e+08	      1.01215	      1.01703	      1.00978	      1.01145	     0.995873	     0.997331	      1.00209	      1.00095	     0.998400	      1.00371	     0.987494	     0.988275	
  1.83555e+08	     0.995700	      1.00097	     0.993078	     0.998123	     0.981574	     0.982911	     0.987789	     0.985268	     0.982711	     0.989099	     0.973975	     0.974782	
  1.83635e+08	      0.00000	      0.00000	      0.00000	      0.00000	      0.00000	      0.00000	      0.00000	      0.00000	      0.00000	      0.00000	      0.00000	      0.00000	
  1.83715e+08	      0.00000	      0.00000	      0.00000	      0.00000	      0.00000	      0.00000	      0.00000	      0.00000	      0.00000	      0.00000	      0.00000	      0.00000	
  1.83795e+08	     0.995326	      1.00129	     0.989275	     0.996233	     0.977245	     0.977685	     0.982078	     0.985139	     0.978981	     0.985952	     0.972534	     0.971615	
  1.83875e+08	      1.01528	      1.02057	      1.00956	      1.01349	     0.994449	     0.996126	      1.00166	      1.00365	     0.997855	      1.00276	     0.989381	     0.989422	
  1.83955e+08	      1.01641	      1.01914	      1.01140	      1.01428	     0.995253	     0.996878	      1.00009	      1.00262	     0.998113	      1.00550	     0.991176	     0.987884	
  1.84035e+08	      1.01585	      1.01818	      1.01455	      1.01376	     0.995716	     0.997958	      1.00184	      1.00344	     0.999559	      1.00525	     0.989169	     0.987266	
  1.84115e+08	      1.01542	      1.01710	      1.01261	      1.01259	     0.995071	     0.996802	      1.00342	      1.00500	     0.997089	      1.00347	     0.990010	     0.987472	
  1.84195e+08	      1.01459	      1.01453	      1.01031	      1.01185	     0.995225	     0.997062	      1.00227	      1.00529	     0.997234	      1.00268	     0.986099	     0.986888	
  1.84275e+08	      1.01256	      1.01183	      1.00711	      1.01087	     0.995864	     0.995359	      1.00326	      1.00320	     0.997210	      1.00234	     0.985728	     0.984595	
  1.84355e+08	      1.01063	      1.00969	      1.00591	      1.01134	     0.994208	     0.994019	      1.00347	      1.00052	     0.994030	     0.998414	     0.982424	     0.984049	
  1.84435e+08	      1.01194	      1.01071	      1.00510	      1.01154	     0.993650	     0.994599	      1.00317	      1.00376	     0.996846	     0.999112	     0.985473	     0.984072	
  1.84515e+08	      1.01086	      1.01136	      1.00546	      1.01264	     0.993829	     0.994230	      1.00142	      1.00235	     0.993425	     0.998060	     0.986260	     0.983462	
  1.84595e+08	      1.01099	      1.01247	      1.00546	      1.01303	     0.993436	     0.993242	      1.00128	      1.00131	     0.993283	     0.996902	     0.983116	     0.981119	
  1.84675e+08	      1.01145	      1.01382	      1.00729	      1.01266	     0.993402	     0.993228	     0.998567	     0.997354	     0.993541	     0.996616	     0.983024	     0.982584	
  1.84755e+08	      1.00822	      1.01386	      1.00878	      1.01120	     0.992737	     0.991718	     0.995470	     0.996582	     0.993594	     0.994724	     0.982057	     0.982742	
  1.84835e+08	     0.992472	     0.998724	     0.995899	     0.996795	     0.977684	     0.976564	     0.981100	     0.983976	     0.978634	     0.980268	     0.969075	     0.967824	
  1.84915e+08	      0.00000	      0.00000	      0.00000	      0.00000	      0.00000	      0.00000	      0.00000	      0.00000	      0.00000	      0.00000	      0.00000	      0.00000	
  1.84995e+08	      0.00000	      0.00000	      0.00000	      0.00000	      0.00000	      0.00000	      0.00000	      0.00000	      0.00000	      0.00000	      0.00000	      0.00000	
  1.85075e+08	     0.987684	     0.997465	     0.989263	     0.989640	     0.970483	     0.971718	     0.975449	     0.978428	     0.972586	     0.977195	     0.960056	     0.960212	
  1.85155e+08	      1.00791	      1.01539	      1.00305	      1.00745	     0.989941	     0.989565	     0.994162	     0.995993	     0.991409	     0.995402	     0.975997	     0.976325	
  1.85235e+08	      1.00975	      1.01621	      1.00366	      1.00817	     0.989410	     0.989630	     0.996398	      1.00127	     0.990836	     0.995225	     0.976700	     0.976993	
  1.85315e+08	      1.00862	      1.01485	      1.00300	      1.00830	     0.989176	     0.988041	     0.997079	      1.00045	     0.990090	     0.995853	     0.975922	     0.975401	
  1.85395e+08	      1.01010	      1.01226	      1.00322	      1.00852	     0.988573	     0.987944	     0.995692	     0.999569	     0.990215	     0.995036	     0.974055	     0.975003	
  1.85475e+08	      1.00812	      1.00891	      1.00503	      1.00682	     0.988114	     0.987453	     0.993363	     0.996543	     0.987674	     0.994392	     0.972305	     0.974859	
  1.85555e+08	      1.00744	      1.00675	      1.00624	      1.00757	     0.985736	     0.986081	     0.990113	     0.996087	     0.987448	     0.992421	     0.969876	     0.973812	
  1.85635e+08	      1.00449	      1.00357	      1.00633	      1.00411	     0.985277	     0.986042	     0.992936	     0.997656	     0.985909	     0.989896	     0.968574	     0.972345	
  1.85715e+08	      1.00469	      1.00297	      1.00763	      1.00395	     0.986259	     0.986871	     0.989714	     0.998147	     0.986479	     0.989389	     0.970452	     0.973899	
  1.85795e+08	      1.00192	      1.00187	      1.00503	      1.00361	     0.985663	     0.984895	     0.987514	     0.994224	     0.984839	     0.988874	     0.968886	     0.971046	
  1.85875e+08	      1.00206	      1.00348	      1.00218	      1.00111	     0.985096	     0.983561	     0.987423	     0.988796	     0.984140	     0.987838	     0.968150	     0.970171	
  1.85955e+08	      1.00080	      1.00479	     0.999621	      1.00070	     0.982541	     0.981565	     0.985557	     0.987525	     0.983165	     0.984704	     0.967642	     0.969460	
  1.86035e+08	      1.00102	      1.00646	     0.996609	      1.00014	     0.979547	     0.981058	     0.982272	     0.989059	     0.982120	     0.985274	     0.965908	     0.966196	
  1.86115e+08	     0.986458	     0.993636	     0.981059	     0.986017	     0.966920	     0.966858	     0.970911	     0.977829	     0.969213	     0.971550	     0.950506	     0.952795	
  1.86195e+08	      0.00000	      0.00000	      0.00000	      0.00000	      0.00000	      0.00000	      0.00000	      0.00000	      0.00000	      0.00000	      0.00000	      0.00000	
  1.86275e+08	      0.00000	      0.00000	      0.00000	      0.00000	      0.00000	      0.00000	      0.00000	      0.00000	      0.00000	      0.00000	      0.00000	      0.00000	
  1.86355e+08	     0.981521	     0.991123	     0.982971	     0.981420	     0.960215	     0.961247	     0.966238	     0.971471	     0.962326	     0.962755	     0.944530	     0.943795	
  1.86435e+08	      1.00165	      1.01313	     0.999830	     0.998626	     0.978106	     0.978616	     0.981290	     0.991159	     0.977707	     0.982291	     0.960314	     0.962488	
  1.86515e+08	      1.00264	      1.01012	     0.999565	     0.996540	     0.977974	     0.977599	     0.985693	     0.991581	     0.977550	     0.981872	     0.960829	     0.961649	
  1.86595e+08	      1.00069	      1.00897	     0.997904	     0.996814	     0.976586	     0.977572	     0.984717	     0.987736	     0.977759	     0.980367	     0.959791	     0.961772	
  1.86675e+08	     0.999756	      1.00632	     0.994689	     0.994532	     0.976754	     0.976967	     0.979731	     0.982542	     0.977041	     0.978718	     0.958758	     0.961285	
  1.86755e+08	     0.999677	      1.00386	     0.990841	     0.993476	     0.976650	     0.976472	     0.978400	     0.984166	     0.974080	     0.976730	     0.957877	     0.960365	
  1.86835e+08	     0.998221	      1.00072	     0.988177	     0.992880	     0.974475	     0.974584	     0.975890	     0.982632	     0.973630	     0.975850	     0.955653	     0.958260	
  1.86915e+08	     0.995624	     0.996693	     0.986607	     0.991446	     0.971679	     0.973633	     0.975551	     0.981537	     0.970429	     0.972441	     0.954583	     0.957094	
  1.86995e+08	     0.994038	     0.995143	     0.987759	     0.991245	     0.972458	     0.972268	     0.974493	     0.978316	     0.970167	     0.972938	     0.956898	     0.956393	
  1.87075e+08	     0.993171	     0.995508	     0.987340	     0.991753	     0.971537	     0.971318	     0.973745	     0.974319	     0.967879	     0.972430	     0.953722	     0.954736	
  1.87155e+08	     0.991300	     0.995557	     0.989285	     0.990530	     0.970024	     0.970456	     0.968509	     0.975702	     0.968217	     0.970616	     0.954046	     0.954524	
  1.87235e+08	     0.991546	     0.995976	     0.991143	     0.987977	     0.970440	     0.968760	     0.969166	     0.976736	     0.965954	     0.970191	     0.950738	     0.952562	
  1.87315e+08	     0.989616	     0.995348	     0.989105	     0.985759	     0.968382	     0.967275	     0.968618	     0.974536	     0.965583	     0.966295	     0.948798	     0.952223	
  1.87395e+08	     0.975900	     0.982160	     0.974084	     0.971046	     0.953428	     0.953157	     0.952890	     0.958249	     0.949631	     0.953245	     0.935759	     0.936262	
  1.87475e+08	      0.00000	      0.00000	      0.00000	      0.00000	      0.00000	      0.00000	      0.00000	      0.00000	      0.00000	      0.00000	      0.00000	      0.00000	
  1.87555e+08	      0.00000	      0.00000	      0.00000	      0.00000	      0.00000	      0.00000	      0.00000	      0.00000	      0.00000	      0.00000	      0.00000	      0.00000	
  1.87635e+08	     0.949215	     0.950165	     0.929435	     0.925752	     0.929590	     0.924009	     0.922773	     0.926091	     0.923625	     0.914305	     0.914420	     0.916486	
  1.87715e+08	     0.953916	     0.953035	     0.927709	     0.925042	     0.936602	     0.930318	     0.931300	     0.928779	     0.928207	     0.918866	     0.926333	     0.927165	
  1.87795e+08	     0.950424	     0.948132	     0.923413	     0.919119	     0.933603	     0.924532	     0.926158	     0.922728	     0.925910	     0.912275	     0.922681	     0.923352	
  1.87875e+08	     0.948719	     0.944852	     0.921924	     0.916721	     0.931432	     0.922924	     0.924083	     0.920958	     0.923247	     0.910748	     0.921232	     0.923872	
  1.87955e+08	     0.947597	     0.943135	     0.923948	     0.915828	     0.930144	     0.921623	     0.924217	     0.920160	     0.922884	     0.909957	     0.921481	     0.920456	
  1.88035e+08	     0.946276	     0.938267	     0.923810	     0.914238	     0.929078	     0.919964	     0.923571	     0.919740	     0.918501	     0.907767	     0.919582	     0.921177	
  1.88115e+08	     0.944678	     0.935764	     0.923521	     0.913294	     0.926838	     0.920326	     0.921622	     0.918620	     0.918109	     0.906820	     0.919834	     0.920362	
  1.88195e+08	     0.942794	     0.932229	     0.920651	     0.912834	     0.922642	     0.917292	     0.921227	     0.914711	     0.914797	     0.903103	     0.918298	     0.915712	
  1.88275e+08	     0.939659	     0.931282	     0.919024	     0.910297	     0.922484	     0.916552	     0.918502	     0.914088	     0.914567	     0.905219	     0.915298	     0.916517	
  1.88355e+08	     0.939741	     0.929618	     0.916166	     0.909928	     0.923018	     0.916010	     0.920213	     0.915682	     0.912696	     0.903493	     0.913180	     0.915864	
  1.88435e+08	     0.937780	     0.928956	     0.915670	     0.909540	     0.921436	     0.914115	     0.921098	     0.917381	     0.912927	     0.904087	     0.911943	     0.913379	
  1.88515e+08	     0.937357	     0.928909	     0.914074	     0.908930	     0.918110	     0.913571	     0.920201	     0.916192	     0.911511	     0.902401	     0.908768	     0.912794	
  1.88595e+08	     0.938893	     0.933296	     0.917250	     0.913784	     0.922120	     0.915439	     0.923935	     0.919947	     0.913906	     0.904513	     0.908395	     0.912417	
  1.88675e+08	     0.934029	     0.932753	     0.920063	     0.915890	     0.914487	     0.911312	     0.922282	     0.916477	     0.910212	     0.906453	     0.899874	     0.903082	
  1.88755e+08	      0.00000	      0.00000	      0.00000	      0.00000	      0.00000	      0.00000	      0.00000	      0.00000	      0.00000	      0.00000	      0.00000	      0.00000	
  1.88835e+08	      0.00000	      0.00000	      0.00000	      0.00000	      0.00000	      0.00000	      0.00000	      0.00000	      0.00000	      0.00000	      0.00000	      0.00000	
  1.88915e+08	     0.932313	     0.934671	     0.921874	     0.915429	     0.910756	     0.908767	     0.915902	     0.914574	     0.906702	     0.902204	     0.892197	     0.896637	
  1.88995e+08	     0.941982	     0.940643	     0.923554	     0.915428	     0.917263	     0.913825	     0.922914	     0.917129	     0.911199	     0.905756	     0.903949	     0.904394	
  1.89075e+08	     0.938612	     0.935670	     0.915985	     0.909533	     0.914165	     0.908558	     0.917704	     0.914463	     0.908671	     0.900038	     0.901873	     0.903168	
  1.89155e+08	     0.937597	     0.934070	     0.912936	     0.907333	     0.912741	     0.907959	     0.918119	     0.913699	     0.906711	     0.899338	     0.899723	     0.901104	
  1.89235e+08	     0.938261	     0.931760	     0.910660	     0.907429	     0.911680	     0.906543	     0.915639	     0.916888	     0.905910	     0.898764	     0.898417	     0.899849	
  1.89315e+08	     0.936982	     0.929109	     0.908671	     0.905326	     0.910107	     0.906461	     0.914977	     0.913520	     0.905058	     0.896895	     0.897638	     0.899030	
  1.89395e+08	     0.936977	     0.927727	     0.908259	     0.903106	     0.910182	     0.904969	     0.913412	     0.912543	     0.903492	     0.894651	     0.897756	     0.897914	
  1.89475e+08	     0.933580	     0.923131	     0.908134	     0.902868	     0.908110	     0.902653	     0.909535	     0.910634	     0.900314	     0.893115	     0.896340	     0.896200	
  1.89555e+08	     0.933436	     0.921030	     0.907958	     0.901524	     0.907630	     0.902636	     0.911256	     0.911145	     0.900350	     0.892300	     0.894309	     0.895599	
  1.89635e+08	     0.932452	     0.919838	     0.907990	     0.901428	     0.905510	     0.901454	     0.911434	     0.912275	     0.901002	     0.892833	     0.893207	     0.893145	
  1.89715e+08	     0.930329	     0.918300	     0.906821	     0.898481	     0.904476	     0.900526	     0.908949	     0.910085	     0.900174	     0.892603	     0.892340	     0.893054	
  1.89795e+08	     0.929304	     0.917874	     0.906130	     0.897750	     0.902789	     0.899723	     0.908672	     0.908904	     0.897802	     0.891455	     0.890968	     0.893019	
  1.89875e+08	     0.929943	     0.921408	     0.906243	     0.901377	     0.903754	     0.901628	     0.911174	     0.911521	     0.898779	     0.894858	     0.892161	     0.894445	
  1.89955e+08	     0.924551	     0.919013	     0.905223	     0.903074	     0.898046	     0.896967	     0.906469	     0.910334	     0.894018	     0.892043	     0.881369	     0.885070	
  1.90035e+08	      0.00000	      0.00000	      0.00000	      0.00000	      0.00000	      0.00000	      0.00000	      0.00000	      0.00000	      0.00000	      0.00000	      0.00000	
  1.90115e+08	      0.00000	      0.00000	      0.00000	      0.00000	      0.00000	      0.00000	      0.00000	      0.00000	      0.00000	      0.00000	      0.00000	      0.00000	
  1.90195e+08	     0.922655	     0.922546	     0.902855	     0.903222	     0.892601	     0.892419	     0.900523	     0.903514	     0.888325	     0.888208	     0.874767	     0.876978	
  1.90275e+08	     0.930862	     0.929136	     0.907362	     0.904063	     0.900369	     0.898391	     0.906335	     0.906590	     0.897204	     0.894111	     0.886230	     0.887064	
  1.90355e+08	     0.927894	     0.924825	     0.904638	     0.898238	     0.897411	     0.895320	     0.901770	     0.902278	     0.892137	     0.889362	     0.885265	     0.886344	
  1.90435e+08	     0.927557	     0.923688	     0.905251	     0.897764	     0.897155	     0.894541	     0.902538	     0.903618	     0.893172	     0.888781	     0.883920	     0.883969	
  1.90515e+08	     0.925980	     0.920786	     0.905588	     0.896926	     0.895901	     0.893582	     0.901235	     0.897863	     0.891692	     0.885544	     0.881398	     0.883878	
  1.90595e+08	     0.924087	     0.918717	     0.904608	     0.896817	     0.895534	     0.892573	     0.899257	     0.896255	     0.888048	     0.884194	     0.879443	     0.882301	
  1.90675e+08	     0.923846	     0.916198	     0.902749	     0.895498	     0.894484	     0.891527	     0.899035	     0.895633	     0.887231	     0.882136	     0.880060	     0.881663	
  1.90755e+08	     0.920708	     0.912856	     0.899165	     0.895380	     0.893596	     0.890059	     0.896785	     0.898284	     0.882917	     0.877620	     0.878339	     0.878423	
  1.90835e+08	     0.919425	     0.910244	     0.897895	     0.894310	     0.892296	     0.891065	     0.896727	     0.896401	     0.881865	     0.877890	     0.877841	     0.878523	
  1.90915e+08	     0.917924	     0.907999	     0.896842	     0.894395	     0.891800	     0.890140	     0.895449	     0.893983	     0.879768	     0.878883	     0.875145	     0.877846	
  1.90995e+08	     0.915944	     0.907413	     0.897093	     0.892738	     0.890813	     0.889608	     0.895413	     0.891373	     0.881322	     0.876159	     0.872311	     0.876511	
  1.91075e+08	     0.914004	     0.906005	     0.896500	     0.893088	     0.891065	     0.889160	     0.892970	     0.890322	     0.879547	     0.876475	     0.871987	     0.875771	
  1.91155e+08	     0.915680	     0.909791	     0.901110	     0.896848	     0.891907	     0.890346	     0.897357	     0.894032	     0.881570	     0.879697	     0.872894	     0.876062	
  1.91235e+08	     0.909242	     0.907249	     0.900662	     0.895771	     0.885480	     0.885419	     0.889052	     0.887878	     0.876868	     0.877993	     0.862682	     0.868548	
  1.91315e+08	      0.00000	      0.00000	      0.00000	      0.00000	      0.00000	      0.00000	      0.00000	      0.00000	      0.00000	      0.00000	      0.00000	      0.00000	
  1.91395e+08	      0.00000	      0.00000	      0.00000	      0.00000	      0.00000	      0.00000	      0.00000	      0.00000	      0.00000	      0.00000	      0.00000	      0.00000	
  1.91475e+08	     0.908563	     0.908181	     0.896229	     0.893155	     0.879955	     0.880815	     0.884405	     0.881702	     0.870529	     0.873960	     0.857479	     0.860915	
  1.91555e+08	     0.917768	     0.917379	     0.897713	     0.895233	     0.889398	     0.888743	     0.890557	     0.892948	     0.881068	     0.879638	     0.869386	     0.872509	
  1.91635e+08	     0.914718	     0.914960	     0.891996	     0.891099	     0.885859	     0.885180	     0.887130	     0.887269	     0.879577	     0.875717	     0.867752	     0.871079	
  1.91715e+08	     0.915026	     0.913396	     0.890737	     0.890340	     0.885680	     0.883290	     0.887803	     0.886537	     0.877967	     0.873476	     0.866886	     0.868235	
  1.91795e+08	     0.915040	     0.911303	     0.891577	     0.888987	     0.883696	     0.884262	     0.884604	     0.884898	     0.876689	     0.874656	     0.865501	     0.867569	
  1.91875e+08	     0.913058	     0.909495	     0.891561	     0.888658	     0.883126	     0.883869	     0.882209	     0.883993	     0.877750	     0.874347	     0.863759	     0.866505	
  1.91955e+08	     0.913079	     0.907399	     0.892699	     0.889013	     0.883359	     0.883904	     0.882132	     0.886619	     0.877110	     0.873606	     0.864005	     0.866607	
  1.92035e+08	     0.910520	     0.904406	     0.894011	     0.888940	     0.883281	     0.881265	     0.881636	     0.881032	     0.875375	     0.871477	     0.862056	     0.865490	
  1.92115e+08	     0.911224	     0.902605	     0.893535	     0.886137	     0.882711	     0.881266	     0.881357	     0.883304	     0.876007	     0.870957	     0.864610	     0.865558	
  1.92195e+08	     0.910678	     0.901801	     0.892479	     0.886252	     0.882413	     0.879623	     0.881685	     0.883507	     0.875169	     0.868936	     0.862724	     0.864595	
  1.92275e+08	     0.909602	     0.900539	     0.891903	     0.886592	     0.880622	     0.880527	     0.884423	     0.884339	     0.874307	     0.868443	     0.862584	     0.865177	
  1.92355e+08	     0.909187	     0.900128	     0.888431	     0.885726	     0.881345	     0.878680	     0.885347	     0.887500	     0.872544	     0.867599	     0.862493	     0.865669	
  1.92435e+08	     0.911231	     0.904998	     0.889573	     0.889541	     0.881649	     0.880160	     0.888865	     0.890527	     0.872842	     0.868823	     0.860344	     0.865517	
  1.92515e+08	     0.904068	     0.901361	     0.889002	     0.891044	     0.875903	     0.875434	     0.883894	     0.885468	     0.867234	     0.865159	     0.850801	     0.856782	
  1.92595e+08	      0.00000	      0.00000	      0.00000	      0.00000	      0.00000	      0.00000	      0.00000	      0.00000	      0.00000	      0.00000	      0.00000	      0.00000	
  1.92675e+08	      0.00000	      0.00000	      0.00000	      0.00000	      0.00000	      0.00000	      0.00000	      0.00000	      0.00000	      0.00000	      0.00000	      0.00000	
  1.92755e+08	     0.904149	     0.905835	     0.890326	     0.889418	     0.873636	     0.870974	     0.880512	     0.882210	     0.861052	     0.862007	     0.846677	     0.850915	
  1.92835e+08	     0.914704	     0.914621	     0.897018	     0.891536	     0.882478	     0.877871	     0.887643	     0.889231	     0.873311	     0.870766	     0.857237	     0.863185	
  1.92915e+08	     0.912629	     0.912058	     0.892048	     0.886986	     0.880062	     0.875582	     0.885104	     0.885441	     0.870769	     0.867506	     0.857381	     0.860172	
  1.92995e+08	     0.913831	     0.912067	     0.892170	     0.886162	     0.879341	     0.875606	     0.882179	     0.881340	     0.869742	     0.868945	     0.856770	     0.860006	
  1.93075e+08	     0.912877	     0.910432	     0.890967	     0.885970	     0.878836	     0.876096	     0.881481	     0.882811	     0.869146	     0.867925	     0.857071	     0.859799	
  1.93155e+08	     0.912184	     0.910904	     0.889051	     0.885919	     0.878642	     0.874163	     0.881812	     0.883091	     0.871094	     0.868226	     0.855215	     0.857271	
  1.93235e+08	     0.911798	     0.907403	     0.888428	     0.886476	     0.879090	     0.874638	     0.879572	     0.882721	     0.869628	     0.866669	     0.855234	     0.856655	
  1.93315e+08	     0.910050	     0.903769	     0.887483	     0.886065	     0.877576	     0.874532	     0.880684	     0.879977	     0.868631	     0.865028	     0.853939	     0.855126	
  1.93395e+08	     0.909267	     0.901852	     0.887341	     0.885644	     0.878820	     0.875296	     0.880548	     0.881778	     0.868020	     0.865118	     0.854316	     0.856670	
  1.93475e+08	     0.907540	     0.900703	     0.888295	     0.885925	     0.877130	     0.873856	     0.880457	     0.879750	     0.867452	     0.863754	     0.854509	     0.855400	
  1.93555e+08	     0.906104	     0.899757	     0.887987	     0.885605	     0.877833	     0.874920	     0.880610	     0.881898	     0.867311	     0.864241	     0.854932	     0.855655	
  1.93635e+08	     0.905992	     0.897882	     0.888023	     0.883924	     0.877534	     0.875029	     0.880992	     0.881088	     0.865293	     0.865093	     0.855523	     0.854879	
  1.93715e+08	     0.906390	     0.901309	     0.893538	     0.887945	     0.878518	     0.876290	     0.880816	     0.881828	     0.867546	     0.866698	     0.854720	     0.854985	
  1.93795e+08	     0.899677	     0.897650	     0.892267	     0.886919	     0.872045	     0.869685	     0.875190	     0.877916	     0.860430	     0.862567	     0.844809	     0.844843	
  1.93875e+08	      0.00000	      0.00000	      0.00000	      0.00000	      0.00000	      0.00000	      0.00000	      0.00000	      0.00000	      0.00000	      0.00000	      0.00000	
  1.93955e+08	      0.00000	      0.00000	      0.00000	      0.00000	      0.00000	      0.00000	      0.00000	      0.00000	      0.00000	      0.00000	      0.00000	      0.00000	
  1.94035e+08	     0.898877	     0.900260	     0.886397	     0.886626	     0.870268	     0.868609	     0.873192	     0.876455	     0.856170	     0.859192	     0.841065	     0.837876	
  1.94115e+08	     0.909441	     0.910252	     0.890733	     0.890868	     0.880624	     0.878119	     0.883652	     0.879607	     0.867444	     0.866619	     0.853992	     0.851425	
  1.94195e+08	     0.906736	     0.908136	     0.886418	     0.886257	     0.880186	     0.875867	     0.880536	     0.878015	     0.865260	     0.863225	     0.853064	     0.850821	
  1.94275e+08	     0.906538	     0.909443	     0.888080	     0.885654	     0.879912	     0.875046	     0.884534	     0.880989	     0.862535	     0.862948	     0.854235	     0.850529	
  1.94355e+08	     0.907040	     0.907264	     0.889240	     0.885779	     0.878612	     0.874592	     0.883853	     0.882957	     0.864108	     0.862743	     0.853644	     0.850242	
  1.94435e+08	     0.907446	     0.906466	     0.890888	     0.885244	     0.876952	     0.872706	     0.883454	     0.883199	     0.864068	     0.862291	     0.852626	     0.849448	
  1.94515e+08	     0.907533	     0.905792	     0.891232	     0.885159	     0.876843	     0.873678	     0.881159	     0.882739	     0.864162	     0.862655	     0.851470	     0.850816	
  1.94595e+08	     0.907176	     0.902112	     0.891525	     0.885990	     0.876530	     0.872001	     0.881323	     0.881181	     0.862827	     0.861247	     0.849501	     0.847002	
  1.94675e+08	     0.905961	     0.900452	     0.891746	     0.885091	     0.877407	     0.873044	     0.883224	     0.882338	     0.862931	     0.862383	     0.850095	     0.849697	
  1.94755e+08	     0.905386	     0.899075	     0.889219	     0.884521	     0.877272	     0.873929	     0.880569	     0.882977	     0.862872	     0.861990	     0.849128	     0.849737	
  1.94835e+08	     0.904917	     0.897153	     0.889088	     0.885415	     0.877435	     0.872902	     0.880967	     0.880717	     0.862159	     0.861492	     0.848428	     0.849113	
  1.94915e+08	     0.904302	     0.896108	     0.888068	     0.886734	     0.878676	     0.872743	     0.879782	     0.877276	     0.860539	     0.860448	     0.849081	     0.848769	
  1.94995e+08	     0.904503	     0.898416	     0.891795	     0.890139	     0.877980	     0.874171	     0.882359	     0.879870	     0.862715	     0.863247	     0.848039	     0.848800	
  1.95075e+08	     0.897077	     0.895389	     0.891228	     0.888080	     0.871207	     0.869104	     0.874800	     0.878307	     0.856076	     0.860682	     0.837703	     0.839122	
  1.95155e+08	      0.00000	      0.00000	      0.00000	      0.00000	      0.00000	      0.00000	      0.00000	      0.00000	      0.00000	      0.00000	      0.00000	      0.00000	
  1.95235e+08	      0.00000	      0.00000	      0.00000	      0.00000	      0.00000	      0.00000	      0.00000	      0.00000	      0.00000	      0.00000	      0.00000	      0.00000	
  1.95315e+08	     0.897269	     0.900270	     0.894423	     0.886725	     0.869456	     0.865458	     0.872899	     0.870008	     0.853929	     0.856060	     0.835237	     0.836658	
  1.95395e+08	     0.909344	     0.909811	     0.899711	     0.891117	     0.878784	     0.873609	     0.881303	     0.880010	     0.864497	     0.864718	     0.846278	     0.848753	
  1.95475e+08	     0.907469	     0.908677	     0.895086	     0.886033	     0.876939	     0.871758	     0.880545	     0.880465	     0.861537	     0.862527	     0.847000	     0.847735	
  1.95555e+08	     0.906674	     0.909000	     0.895146	     0.887280	     0.877249	     0.871319	     0.878850	     0.879150	     0.862269	     0.861884	     0.846771	     0.847689	
  1.95635e+08	     0.906557	     0.908452	     0.892894	     0.887667	     0.876823	     0.871530	     0.878082	     0.878034	     0.862717	     0.860254	     0.845904	     0.846961	
  1.95715e+08	     0.906833	     0.908632	     0.891521	     0.887662	     0.876464	     0.872150	     0.878342	     0.876575	     0.861999	     0.858707	     0.846509	     0.847326	
  1.95795e+08	     0.906940	     0.906259	     0.891586	     0.888276	     0.876963	     0.871646	     0.878838	     0.875641	     0.862836	     0.860371	     0.844961	     0.845182	
  1.95875e+08	     0.906535	     0.903176	     0.892844	     0.887350	     0.875693	     0.871827	     0.877370	     0.875868	     0.859823	     0.859619	     0.843412	     0.844937	
  1.95955e+08	     0.906662	     0.903643	     0.892959	     0.887786	     0.875783	     0.869968	     0.879832	     0.878484	     0.861510	     0.860174	     0.843546	     0.844382	
  1.96035e+08	     0.905092	     0.900357	     0.894369	     0.888282	     0.876690	     0.871084	     0.878705	     0.876645	     0.859583	     0.857625	     0.841820	     0.843989	
  1.96115e+08	     0.904492	     0.898588	     0.895039	     0.888117	     0.875262	     0.870724	     0.879002	     0.875618	     0.859808	     0.858663	     0.842902	     0.843421	
  1.96195e+08	     0.904570	     0.897487	     0.894013	     0.887582	     0.875251	     0.870190	     0.879064	     0.875270	     0.858867	     0.859148	     0.842326	     0.842286	
  1.96275e+08	     0.905517	     0.899123	     0.896681	     0.891574	     0.876638	     0.872497	     0.880726	     0.879155	     0.860201	     0.859335	     0.841689	     0.843605	
  1.96355e+08	     0.897987	     0.895221	     0.893808	     0.891147	     0.869867	     0.867015	     0.874543	     0.876002	     0.855135	     0.856022	     0.831917	     0.834011	
  1.96435e+08	      0.00000	      0.00000	      0.00000	      0.00000	      0.00000	      0.00000	      0.00000	      0.00000	      0.00000	      0.00000	      0.00000	      0.00000	
  1.96515e+08	      0.00000	      0.00000	      0.00000	      0.00000	      0.00000	      0.00000	      0.00000	      0.00000	      0.00000	      0.00000	      0.00000	      0.00000	
  1.96595e+08	     0.895325	     0.896601	     0.889235	     0.889630	     0.866079	     0.864147	     0.872581	     0.871766	     0.850226	     0.853491	     0.830296	     0.832435	
  1.96675e+08	     0.906503	     0.908187	     0.896553	     0.894481	     0.876316	     0.873167	     0.881342	     0.879926	     0.862308	     0.860468	     0.842521	     0.844184	
  1.96755e+08	     0.905169	     0.905181	     0.893895	     0.889995	     0.875194	     0.870780	     0.879178	     0.878729	     0.862185	     0.860258	     0.842297	     0.841736	
  1.96835e+08	     0.905088	     0.907120	     0.894230	     0.888201	     0.874209	     0.870645	     0.879398	     0.877518	     0.860901	     0.859810	     0.842126	     0.841637	
  1.96915e+08	     0.907133	     0.906527	     0.895256	     0.888751	     0.874646	     0.870153	     0.877169	     0.873989	     0.862085	     0.858288	     0.840855	     0.840375	
  1.96995e+08	     0.906479	     0.907331	     0.894320	     0.887827	     0.873354	     0.869123	     0.878355	     0.875444	     0.861788	     0.857011	     0.839834	     0.839263	
  1.97075e+08	     0.906019	     0.905637	     0.893530	     0.888767	     0.872118	     0.868055	     0.876032	     0.874409	     0.858990	     0.858052	     0.838588	     0.839804	
  1.97155e+08	     0.906150	     0.902917	     0.890095	     0.887900	     0.871276	     0.867571	     0.875904	     0.874285	     0.858660	     0.853330	     0.837891	     0.840112	
  1.97235e+08	     0.905367	     0.900516	     0.890056	     0.887145	     0.871172	     0.867344	     0.875100	     0.874084	     0.859685	     0.855444	     0.838391	     0.838809	
  1.97315e+08	     0.904055	     0.898355	     0.888953	     0.887083	     0.871171	     0.866426	     0.874457	     0.872301	     0.859379	     0.855684	     0.837873	     0.839826	
  1.97395e+08	     0.903422	     0.896323	     0.889160	     0.888024	     0.870757	     0.866452	     0.876155	     0.872335	     0.858325	     0.854264	     0.837764	     0.838202	
  1.97475e+08	     0.901505	     0.893961	     0.888879	     0.887210	     0.871072	     0.864739	     0.875715	     0.873715	     0.855847	     0.854397	     0.837151	     0.839153	
  1.97555e+08	     0.901020	     0.895070	     0.892755	     0.891104	     0.872052	     0.866270	     0.878256	     0.876574	     0.857438	     0.855879	     0.836957	     0.838256	
  1.97635e+08	     0.894449	     0.889007	     0.891205	     0.890346	     0.862896	     0.861088	     0.871994	     0.869586	     0.851416	     0.850133	     0.826298	     0.827426	
  1.97715e+08	      0.00000	      0.00000	      0.00000	      0.00000	      0.00000	      0.00000	      0.00000	      0.00000	      0.00000	      0.00000	      0.00000	      0.00000	
