1.389950e+08 0.992944 0.990840 0.948395 0.946586 0.985001 0.980856 0.969634 0.961728 0.986932 0.985110 1.016562 1.014728
1.390750e+08 0.992915 0.990899 0.948827 0.947072 0.985166 0.981214 0.969902 0.962170 0.987117 0.985393 1.016579 1.014819
1.391550e+08 0.992874 0.990942 0.949245 0.947543 0.985318 0.981556 0.970157 0.962594 0.987291 0.985660 1.016585 1.014896
1.392350e+08 0.992822 0.990971 0.949648 0.948000 0.985455 0.981882 0.970399 0.963002 0.987454 0.985913 1.016579 1.014960
1.393150e+08 0.992758 0.990986 0.950037 0.948443 0.985579 0.982192 0.970630 0.963394 0.987607 0.986153 1.016564 1.015011
1.393950e+08 0.992683 0.990986 0.950413 0.948872 0.985690 0.982487 0.970849 0.963770 0.987750 0.986379 1.016538 1.015051
1.394750e+08 0.992599 0.990973 0.950777 0.949289 0.985789 0.982767 0.971058 0.964131 0.987883 0.986592 1.016503 1.015079
1.395550e+08 0.992504 0.990947 0.951128 0.949694 0.985877 0.983033 0.971256 0.964477 0.988008 0.986793 1.016460 1.015096
1.396350e+08 0.992400 0.990908 0.951467 0.950086 0.985955 0.983285 0.971445 0.964810 0.988125 0.986982 1.016409 1.015102
1.397150e+08 0.992288 0.990858 0.951796 0.950468 0.986023 0.983525 0.971624 0.965129 0.988235 0.987160 1.016350 1.015099
1.397950e+08 0.992168 0.990796 0.952114 0.950838 0.986082 0.983752 0.971796 0.965435 0.988338 0.987327 1.016285 1.015087
1.398750e+08 0.992040 0.990723 0.952421 0.951199 0.986133 0.983966 0.971960 0.965729 0.988434 0.987485 1.016213 1.015066
1.399550e+08 0.991905 0.990639 0.952720 0.951550 0.986176 0.984170 0.972118 0.966011 0.988525 0.987633 1.016137 1.015037
1.400350e+08 0.991763 0.990546 0.953010 0.951891 0.986212 0.984363 0.972269 0.966282 0.988611 0.987773 1.016055 1.015001
1.401150e+08 0.991616 0.990444 0.953292 0.952224 0.986242 0.984545 0.972415 0.966543 0.988692 0.987904 1.015969 1.014959
1.401950e+08 0.991464 0.990334 0.953566 0.952550 0.986268 0.984718 0.972555 0.966794 0.988770 0.988028 1.015880 1.014910
1.402750e+08 0.991306 0.990215 0.953834 0.952868 0.986288 0.984883 0.972692 0.967036 0.988845 0.988145 1.015788 1.014855
1.403550e+08 0.991145 0.990090 0.954096 0.953179 0.986305 0.985039 0.972826 0.967270 0.988917 0.988256 1.015694 1.014796
1.404350e+08 0.990981 0.989957 0.954352 0.953485 0.986320 0.985187 0.972956 0.967496 0.988988 0.988361 1.015598 1.014732
1.405150e+08 0.990814 0.989819 0.954603 0.953784 0.986332 0.985328 0.973085 0.967715 0.989057 0.988461 1.015502 1.014665
1.405950e+08 0.990644 0.989676 0.954851 0.954080 0.986342 0.985464 0.973213 0.967927 0.989126 0.988558 1.015405 1.014595
1.406750e+08 0.990473 0.989528 0.955094 0.954371 0.986353 0.985593 0.973339 0.968135 0.989195 0.988650 1.015308 1.014523
1.407550e+08 0.990301 0.989376 0.955336 0.954658 0.986363 0.985718 0.973466 0.968337 0.989264 0.988740 1.015213 1.014449
1.408350e+08 0.990129 0.989222 0.955574 0.954943 0.986375 0.985839 0.973594 0.968535 0.989335 0.988828 1.015119 1.014374
1.409150e+08 0.989957 0.989064 0.955812 0.955225 0.986388 0.985956 0.973723 0.968730 0.989408 0.988914 1.015027 1.014299
1.409950e+08 0.989786 0.988905 0.956049 0.955506 0.986404 0.986070 0.973854 0.968922 0.989483 0.988999 1.014938 1.014224
1.410750e+08 0.989617 0.988745 0.956285 0.955785 0.986423 0.986183 0.973988 0.969111 0.989562 0.989084 1.014853 1.014149
1.411550e+08 0.989450 0.988585 0.956523 0.956065 0.986446 0.986293 0.974126 0.969300 0.989644 0.989169 1.014772 1.014076
1.412350e+08 0.989286 0.988425 0.956761 0.956345 0.986474 0.986403 0.974267 0.969488 0.989730 0.989256 1.014695 1.014005
1.413150e+08 0.989125 0.988266 0.957001 0.956625 0.986508 0.986513 0.974413 0.969676 0.989821 0.989344 1.014624 1.013937
1.413950e+08 0.988968 0.988109 0.957244 0.956907 0.986547 0.986624 0.974565 0.969865 0.989918 0.989434 1.014558 1.013872
1.414750e+08 0.988816 0.987954 0.957490 0.957192 0.986594 0.986735 0.974722 0.970056 0.990020 0.989527 1.014499 1.013811
1.415550e+08 0.988668 0.987802 0.957740 0.957479 0.986647 0.986849 0.974886 0.970248 0.990129 0.989624 1.014446 1.013754
1.416350e+08 0.988527 0.987654 0.957994 0.957769 0.986709 0.986965 0.975058 0.970444 0.990245 0.989725 1.014400 1.013702
1.417150e+08 0.988392 0.987511 0.958253 0.958063 0.986780 0.987084 0.975236 0.970643 0.990368 0.989831 1.014363 1.013655
1.417950e+08 0.988264 0.987372 0.958518 0.958362 0.986860 0.987207 0.975423 0.970846 0.990499 0.989942 1.014333 1.013615
1.418750e+08 0.988143 0.987240 0.958788 0.958666 0.986951 0.987335 0.975619 0.971054 0.990638 0.990059 1.014313 1.013581
1.419550e+08 0.988030 0.987114 0.959066 0.958975 0.987051 0.987467 0.975824 0.971267 0.990786 0.990183 1.014301 1.013554
1.420350e+08 0.987926 0.986994 0.959351 0.959291 0.987163 0.987606 0.976039 0.971487 0.990944 0.990313 1.014299 1.013534
1.421150e+08 0.987830 0.986883 0.959643 0.959613 0.987287 0.987750 0.976265 0.971713 0.991111 0.990451 1.014307 1.013522
1.421950e+08 0.987744 0.986779 0.959944 0.959942 0.987423 0.987901 0.976500 0.971947 0.991288 0.990597 1.014325 1.013518
1.422750e+08 0.987667 0.986685 0.960254 0.960279 0.987571 0.988059 0.976747 0.972188 0.991475 0.990751 1.014354 1.013524
1.423550e+08 0.987601 0.986599 0.960573 0.960624 0.987732 0.988226 0.977006 0.972438 0.991673 0.990914 1.014394 1.013538
1.424350e+08 0.987546 0.986524 0.960902 0.960978 0.987907 0.988400 0.977276 0.972697 0.991882 0.991086 1.014445 1.013562
1.425150e+08 0.987501 0.986459 0.961240 0.961340 0.988096 0.988583 0.977559 0.972965 0.992102 0.991268 1.014507 1.013596
1.425950e+08 0.987468 0.986405 0.961590 0.961712 0.988299 0.988776 0.977854 0.973243 0.992334 0.991460 1.014582 1.013640
1.426750e+08 0.987447 0.986362 0.961950 0.962093 0.988517 0.988978 0.978162 0.973532 0.992577 0.991663 1.014668 1.013695
1.427550e+08 0.987438 0.986331 0.962322 0.962485 0.988749 0.989191 0.978484 0.973831 0.992833 0.991877 1.014767 1.013760
1.428350e+08 0.987441 0.986312 0.962706 0.962887 0.988997 0.989413 0.978819 0.974142 0.993101 0.992102 1.014878 1.013837
1.429150e+08 0.987458 0.986306 0.963101 0.963300 0.989261 0.989647 0.979167 0.974464 0.993381 0.992338 1.015002 1.013924
1.429950e+08 0.987487 0.986313 0.963509 0.963724 0.989540 0.989892 0.979530 0.974798 0.993674 0.992586 1.015139 1.014024
1.430750e+08 0.987529 0.986333 0.963929 0.964159 0.989834 0.990149 0.979906 0.975145 0.993980 0.992846 1.015288 1.014135
1.431550e+08 0.987585 0.986367 0.964362 0.964606 0.990145 0.990417 0.980297 0.975504 0.994298 0.993118 1.015450 1.014259
1.432350e+08 0.987654 0.986415 0.964809 0.965064 0.990473 0.990698 0.980702 0.975877 0.994629 0.993403 1.015626 1.014394
1.433150e+08 0.987737 0.986477 0.965268 0.965535 0.990816 0.990990 0.981122 0.976262 0.994973 0.993700 1.015814 1.014542
1.433950e+08 0.987834 0.986554 0.965741 0.966018 0.991176 0.991296 0.981556 0.976661 0.995331 0.994010 1.016016 1.014702
1.434750e+08 0.987946 0.986646 0.966227 0.966513 0.991552 0.991614 0.982005 0.977074 0.995701 0.994333 1.016230 1.014874
1.435550e+08 0.988071 0.986753 0.966728 0.967021 0.991945 0.991945 0.982468 0.977501 0.996084 0.994669 1.016458 1.015059
1.436350e+08 0.988211 0.986875 0.967241 0.967541 0.992354 0.992290 0.982946 0.977942 0.996480 0.995018 1.016698 1.015256
1.437150e+08 0.988365 0.987012 0.967769 0.968074 0.992779 0.992647 0.983439 0.978397 0.996889 0.995380 1.016951 1.015466
1.437950e+08 0.988533 0.987164 0.968311 0.968619 0.993221 0.993018 0.983945 0.978866 0.997310 0.995755 1.017217 1.015689
1.438750e+08 0.988715 0.987332 0.968866 0.969177 0.993678 0.993402 0.984467 0.979349 0.997744 0.996143 1.017495 1.015924
1.439550e+08 0.988912 0.987516 0.969435 0.969748 0.994152 0.993799 0.985002 0.979847 0.998191 0.996545 1.017786 1.016171
1.440350e+08 0.989123 0.987715 0.970019 0.970331 0.994641 0.994210 0.985552 0.980360 0.998650 0.996959 1.018089 1.016430
1.441150e+08 0.989348 0.987930 0.970615 0.970927 0.995146 0.994634 0.986115 0.980886 0.999121 0.997386 1.018404 1.016702
1.441950e+08 0.989587 0.988160 0.971226 0.971536 0.995666 0.995071 0.986692 0.981427 0.999604 0.997826 1.018731 1.016985
1.442750e+08 0.989840 0.988406 0.971850 0.972156 0.996202 0.995522 0.987282 0.981982 1.000099 0.998278 1.019069 1.017281
1.443550e+08 0.990106 0.988667 0.972487 0.972789 0.996751 0.995985 0.987886 0.982552 1.000605 0.998743 1.019418 1.017587
1.444350e+08 0.990386 0.988944 0.973137 0.973434 0.997316 0.996462 0.988503 0.983135 1.001122 0.999220 1.019778 1.017906
1.445150e+08 0.990679 0.989235 0.973800 0.974091 0.997894 0.996951 0.989132 0.983732 1.001649 0.999709 1.020148 1.018235
1.445950e+08 0.990986 0.989541 0.974476 0.974760 0.998486 0.997452 0.989773 0.984343 1.002188 1.000210 1.020529 1.018575
1.446750e+08 0.991305 0.989863 0.975165 0.975440 0.999091 0.997966 0.990426 0.984967 1.002736 1.000723 1.020919 1.018926
1.447550e+08 0.991636 0.990198 0.975865 0.976131 0.999709 0.998492 0.991091 0.985604 1.003294 1.001246 1.021319 1.019287
1.448350e+08 0.991980 0.990548 0.976577 0.976833 1.000339 0.999029 0.991767 0.986254 1.003861 1.001780 1.021727 1.019658
1.449150e+08 0.992335 0.990912 0.977301 0.977545 1.000981 0.999578 0.992453 0.986916 1.004437 1.002325 1.022144 1.020039
1.449950e+08 0.992702 0.991289 0.978036 0.978267 1.001634 1.000138 0.993149 0.987591 1.005022 1.002880 1.022569 1.020428
1.450750e+08 0.993080 0.991679 0.978781 0.978999 1.002298 1.000709 0.993856 0.988277 1.005614 1.003444 1.023002 1.020827
1.451550e+08 0.993469 0.992083 0.979537 0.979741 1.002972 1.001290 0.994571 0.988975 1.006215 1.004018 1.023442 1.021233
1.452350e+08 0.993868 0.992498 0.980303 0.980492 1.003656 1.001880 0.995295 0.989684 1.006822 1.004601 1.023888 1.021648
1.453150e+08 0.994277 0.992926 0.981078 0.981251 1.004348 1.002481 0.996027 0.990404 1.007435 1.005192 1.024340 1.022070
1.453950e+08 0.994696 0.993366 0.981862 0.982018 1.005049 1.003090 0.996766 0.991133 1.008055 1.005790 1.024797 1.022499
1.454750e+08 0.995123 0.993816 0.982654 0.982793 1.005757 1.003708 0.997513 0.991873 1.008680 1.006397 1.025260 1.022934
1.455550e+08 0.995559 0.994278 0.983455 0.983575 1.006472 1.004334 0.998266 0.992621 1.009310 1.007010 1.025727 1.023375
1.456350e+08 0.996003 0.994749 0.984262 0.984363 1.007194 1.004967 0.999024 0.993378 1.009944 1.007629 1.026197 1.023822
1.457150e+08 0.996454 0.995230 0.985077 0.985158 1.007921 1.005608 0.999788 0.994143 1.010582 1.008254 1.026671 1.024274
1.457950e+08 0.996912 0.995720 0.985897 0.985958 1.008653 1.006254 1.000557 0.994915 1.011224 1.008884 1.027147 1.024729
1.458750e+08 0.997376 0.996219 0.986724 0.986764 1.009388 1.006907 1.001329 0.995694 1.011867 1.009519 1.027625 1.025189
1.459550e+08 0.997846 0.996725 0.987555 0.987573 1.010128 1.007565 1.002104 0.996480 1.012513 1.010158 1.028104 1.025652
1.460350e+08 0.998322 0.997239 0.988391 0.988387 1.010869 1.008227 1.002882 0.997271 1.013160 1.010801 1.028584 1.026117
1.461150e+08 0.998802 0.997759 0.989231 0.989204 1.011613 1.008894 1.003661 0.998067 1.013808 1.011446 1.029064 1.026585
1.461950e+08 0.999286 0.998286 0.990074 0.990023 1.012358 1.009564 1.004442 0.998867 1.014456 1.012093 1.029543 1.027053
1.462750e+08 0.999773 0.998817 0.990919 0.990845 1.013103 1.010236 1.005223 0.999671 1.015103 1.012742 1.030021 1.027523
1.463550e+08 1.000264 0.999354 0.991767 0.991668 1.013847 1.010911 1.006004 1.000478 1.015750 1.013391 1.030497 1.027992
1.464350e+08 1.000756 0.999895 0.992615 0.992491 1.014590 1.011587 1.006784 1.001288 1.016394 1.014041 1.030970 1.028462
1.465150e+08 1.001250 1.000439 0.993464 0.993315 1.015331 1.012264 1.007562 1.002099 1.017036 1.014691 1.031440 1.028929
1.465950e+08 1.001746 1.000986 0.994313 0.994139 1.016069 1.012941 1.008338 1.002910 1.017674 1.015339 1.031907 1.029396
1.466750e+08 1.002241 1.001535 0.995161 0.994961 1.016803 1.013617 1.009111 1.003722 1.018309 1.015985 1.032368 1.029859
1.467550e+08 1.002736 1.002085 0.996008 0.995781 1.017532 1.014292 1.009879 1.004534 1.018940 1.016629 1.032825 1.030320
1.468350e+08 1.003230 1.002636 0.996852 0.996599 1.018256 1.014965 1.010643 1.005344 1.019565 1.017269 1.033275 1.030777
1.469150e+08 1.003723 1.003186 0.997693 0.997413 1.018974 1.015636 1.011402 1.006152 1.020185 1.017906 1.033719 1.031230
1.469950e+08 1.004213 1.003736 0.998531 0.998224 1.019685 1.016302 1.012155 1.006957 1.020798 1.018538 1.034156 1.031677
1.470750e+08 1.004701 1.004285 0.999364 0.999030 1.020389 1.016965 1.012901 1.007759 1.021404 1.019165 1.034585 1.032119
1.471550e+08 1.005185 1.004831 1.000192 0.999831 1.021084 1.017623 1.013640 1.008556 1.022003 1.019787 1.035005 1.032555
1.472350e+08 1.005665 1.005374 1.001015 1.000627 1.021769 1.018275 1.014370 1.009348 1.022593 1.020401 1.035416 1.032984
1.473150e+08 1.006141 1.005914 1.001831 1.001415 1.022444 1.018921 1.015092 1.010135 1.023175 1.021008 1.035818 1.033405
1.473950e+08 1.006611 1.006449 1.002640 1.002197 1.023109 1.019560 1.015804 1.010915 1.023747 1.021608 1.036209 1.033818
1.474750e+08 1.007075 1.006980 1.003441 1.002971 1.023762 1.020192 1.016506 1.011688 1.024308 1.022198 1.036590 1.034223
1.475550e+08 1.007532 1.007504 1.004234 1.003737 1.024402 1.020815 1.017197 1.012453 1.024859 1.022780 1.036958 1.034617
1.476350e+08 1.007983 1.008023 1.005017 1.004493 1.025030 1.021429 1.017876 1.013210 1.025399 1.023352 1.037315 1.035002
1.477150e+08 1.008426 1.008534 1.005791 1.005240 1.025644 1.022033 1.018543 1.013957 1.025927 1.023913 1.037659 1.035377
1.477950e+08 1.008860 1.009037 1.006555 1.005976 1.026243 1.022628 1.019198 1.014694 1.026442 1.024463 1.037990 1.035740
1.478750e+08 1.009286 1.009532 1.007307 1.006702 1.026827 1.023211 1.019839 1.015420 1.026945 1.025001 1.038308 1.036091
1.479550e+08 1.009702 1.010018 1.008047 1.007416 1.027396 1.023782 1.020466 1.016134 1.027434 1.025527 1.038611 1.036430
1.480350e+08 1.010109 1.010495 1.008776 1.008118 1.027948 1.024342 1.021078 1.016837 1.027909 1.026041 1.038899 1.036757
1.481150e+08 1.010505 1.010961 1.009491 1.008808 1.028483 1.024888 1.021676 1.017527 1.028370 1.026540 1.039172 1.037070
1.481950e+08 1.010890 1.011416 1.010193 1.009484 1.029001 1.025421 1.022257 1.018203 1.028815 1.027026 1.039430 1.037369
1.482750e+08 1.011264 1.011860 1.010880 1.010147 1.029500 1.025940 1.022822 1.018865 1.029245 1.027497 1.039671 1.037654
1.483550e+08 1.011626 1.012291 1.011554 1.010795 1.029981 1.026445 1.023371 1.019513 1.029659 1.027954 1.039896 1.037923
1.484350e+08 1.011976 1.012710 1.012212 1.011429 1.030442 1.026934 1.023902 1.020145 1.030057 1.028394 1.040103 1.038178
1.485150e+08 1.012313 1.013116 1.012854 1.012048 1.030884 1.027408 1.024416 1.020762 1.030438 1.028819 1.040294 1.038417
1.485950e+08 1.012637 1.013509 1.013480 1.012651 1.031306 1.027866 1.024911 1.021362 1.030803 1.029227 1.040466 1.038640
1.486750e+08 1.012947 1.013887 1.014090 1.013238 1.031707 1.028307 1.025388 1.021946 1.031149 1.029619 1.040621 1.038846
1.487550e+08 1.013244 1.014251 1.014682 1.013809 1.032087 1.028731 1.025846 1.022512 1.031478 1.029993 1.040757 1.039035
1.488350e+08 1.013526 1.014600 1.015257 1.014363 1.032445 1.029138 1.026285 1.023060 1.031789 1.030349 1.040875 1.039207
1.489150e+08 1.013794 1.014933 1.015814 1.014899 1.032782 1.029526 1.026704 1.023589 1.032081 1.030687 1.040974 1.039361
1.489950e+08 1.014046 1.015251 1.016353 1.015418 1.033097 1.029897 1.027102 1.024100 1.032354 1.031007 1.041053 1.039497
1.490750e+08 1.014284 1.015552 1.016874 1.015919 1.033389 1.030248 1.027481 1.024592 1.032609 1.031308 1.041114 1.039615
1.491550e+08 1.014507 1.015837 1.017375 1.016402 1.033659 1.030581 1.027839 1.025064 1.032844 1.031591 1.041154 1.039715
1.492350e+08 1.014713 1.016106 1.017857 1.016867 1.033906 1.030895 1.028176 1.025517 1.033060 1.031854 1.041175 1.039795
1.493150e+08 1.014904 1.016357 1.018319 1.017313 1.034130 1.031188 1.028492 1.025948 1.033257 1.032097 1.041176 1.039857
1.493950e+08 1.015079 1.016590 1.018762 1.017740 1.034330 1.031462 1.028787 1.026360 1.033434 1.032321 1.041157 1.039899
1.494750e+08 1.015238 1.016807 1.019185 1.018147 1.034507 1.031716 1.029061 1.026750 1.033591 1.032525 1.041117 1.039922
1.495550e+08 1.015381 1.017005 1.019587 1.018536 1.034661 1.031950 1.029313 1.027120 1.033728 1.032709 1.041058 1.039926
1.496350e+08 1.015507 1.017185 1.019969 1.018905 1.034791 1.032163 1.029544 1.027468 1.033845 1.032872 1.040978 1.039910
1.497150e+08 1.015617 1.017348 1.020331 1.019254 1.034897 1.032356 1.029753 1.027794 1.033942 1.033015 1.040878 1.039874
1.497950e+08 1.015710 1.017492 1.020672 1.019584 1.034980 1.032528 1.029940 1.028099 1.034019 1.033138 1.040757 1.039818
1.498750e+08 1.015787 1.017617 1.020992 1.019894 1.035039 1.032679 1.030105 1.028382 1.034075 1.033241 1.040617 1.039742
1.499550e+08 1.015847 1.017725 1.021291 1.020185 1.035074 1.032809 1.030249 1.028643 1.034112 1.033323 1.040456 1.039647
1.500350e+08 1.015891 1.017814 1.021570 1.020455 1.035086 1.032919 1.030371 1.028882 1.034129 1.033384 1.040275 1.039531
1.501150e+08 1.015918 1.017885 1.021827 1.020706 1.035075 1.033007 1.030472 1.029099 1.034126 1.033425 1.040074 1.039396
1.501950e+08 1.015929 1.017937 1.022064 1.020937 1.035041 1.033075 1.030551 1.029294 1.034103 1.033446 1.039853 1.039241
1.502750e+08 1.015924 1.017971 1.022280 1.021149 1.034983 1.033122 1.030608 1.029467 1.034060 1.033447 1.039613 1.039066
1.503550e+08 1.015902 1.017987 1.022476 1.021341 1.034903 1.033148 1.030645 1.029618 1.033997 1.033427 1.039353 1.038871
1.504350e+08 1.015865 1.017985 1.022651 1.021514 1.034800 1.033154 1.030660 1.029747 1.033916 1.033387 1.039074 1.038657
1.505150e+08 1.015812 1.017965 1.022805 1.021668 1.034675 1.033139 1.030655 1.029854 1.033815 1.033328 1.038775 1.038423
1.505950e+08 1.015743 1.017927 1.022939 1.021802 1.034527 1.033103 1.030629 1.029940 1.033695 1.033248 1.038458 1.038171
1.506750e+08 1.015659 1.017871 1.023053 1.021918 1.034358 1.033048 1.030583 1.030004 1.033557 1.033150 1.038123 1.037899
1.507550e+08 1.015560 1.017799 1.023148 1.022015 1.034168 1.032973 1.030516 1.030047 1.033400 1.033032 1.037769 1.037608
1.508350e+08 1.015446 1.017709 1.023222 1.022094 1.033957 1.032878 1.030431 1.030068 1.033225 1.032895 1.037397 1.037299
1.509150e+08 1.015317 1.017603 1.023278 1.022155 1.033726 1.032764 1.030325 1.030069 1.033032 1.032740 1.037008 1.036972
1.509950e+08 1.015175 1.017480 1.023314 1.022198 1.033474 1.032631 1.030201 1.030050 1.032822 1.032566 1.036601 1.036627
1.510750e+08 1.015018 1.017341 1.023332 1.022224 1.033203 1.032479 1.030058 1.030010 1.032595 1.032375 1.036178 1.036264
1.511550e+08 1.014848 1.017187 1.023331 1.022233 1.032913 1.032309 1.029897 1.029950 1.032351 1.032166 1.035738 1.035884
1.512350e+08 1.014665 1.017017 1.023313 1.022225 1.032605 1.032122 1.029719 1.029871 1.032091 1.031939 1.035283 1.035487
1.513150e+08 1.014469 1.016832 1.023276 1.022201 1.032278 1.031916 1.029523 1.029773 1.031815 1.031697 1.034812 1.035073
1.513950e+08 1.014262 1.016633 1.023223 1.022161 1.031935 1.031694 1.029311 1.029656 1.031523 1.031437 1.034326 1.034644
1.514750e+08 1.014042 1.016420 1.023153 1.022106 1.031574 1.031454 1.029082 1.029521 1.031217 1.031162 1.033825 1.034198
1.515550e+08 1.013811 1.016194 1.023067 1.022036 1.031197 1.031199 1.028837 1.029368 1.030896 1.030872 1.033311 1.033738
1.516350e+08 1.013569 1.015955 1.022965 1.021951 1.030805 1.030928 1.028578 1.029198 1.030561 1.030566 1.032782 1.033262
1.517150e+08 1.013317 1.015703 1.022848 1.021853 1.030398 1.030642 1.028304 1.029012 1.030213 1.030247 1.032241 1.032772
1.517950e+08 1.013055 1.015439 1.022717 1.021741 1.029977 1.030342 1.028015 1.028809 1.029852 1.029913 1.031688 1.032269
1.518750e+08 1.012784 1.015164 1.022571 1.021617 1.029542 1.030027 1.027714 1.028590 1.029478 1.029567 1.031123 1.031752
1.519550e+08 1.012504 1.014879 1.022412 1.021480 1.029094 1.029699 1.027400 1.028356 1.029093 1.029207 1.030546 1.031222
1.520350e+08 1.012216 1.014583 1.022239 1.021332 1.028635 1.029358 1.027073 1.028108 1.028696 1.028836 1.029959 1.030680
1.521150e+08 1.011921 1.014278 1.022055 1.021173 1.028164 1.029005 1.026735 1.027846 1.028289 1.028453 1.029362 1.030126
1.521950e+08 1.011618 1.013964 1.021858 1.021003 1.027682 1.028640 1.026387 1.027571 1.027871 1.028059 1.028755 1.029562
1.522750e+08 1.011309 1.013642 1.021651 1.020823 1.027191 1.028264 1.026028 1.027283 1.027445 1.027655 1.028139 1.028986
1.523550e+08 1.010994 1.013313 1.021433 1.020634 1.026691 1.027878 1.025659 1.026984 1.027009 1.027241 1.027516 1.028401
1.524350e+08 1.010674 1.012976 1.021205 1.020436 1.026183 1.027483 1.025282 1.026673 1.026565 1.026819 1.026884 1.027806
1.525150e+08 1.010349 1.012634 1.020969 1.020231 1.025667 1.027078 1.024897 1.026352 1.026114 1.026388 1.026246 1.027203
1.525950e+08 1.010021 1.012286 1.020723 1.020018 1.025145 1.026665 1.024505 1.026021 1.025655 1.025949 1.025601 1.026591
1.526750e+08 1.009689 1.011933 1.020470 1.019799 1.024616 1.026244 1.024106 1.025680 1.025191 1.025503 1.024951 1.025972
1.527550e+08 1.009354 1.011576 1.020210 1.019573 1.024083 1.025817 1.023701 1.025332 1.024720 1.025052 1.024296 1.025346
1.528350e+08 1.009017 1.011216 1.019944 1.019343 1.023546 1.025383 1.023291 1.024975 1.024245 1.024594 1.023636 1.024714
1.529150e+08 1.008679 1.010853 1.019671 1.019107 1.023005 1.024944 1.022876 1.024612 1.023765 1.024131 1.022973 1.024076
1.529950e+08 1.008340 1.010488 1.019394 1.018868 1.022461 1.024499 1.022458 1.024243 1.023282 1.023665 1.022306 1.023433
1.530750e+08 1.008001 1.010122 1.019113 1.018626 1.021916 1.024051 1.022036 1.023868 1.022796 1.023194 1.021637 1.022785
1.531550e+08 1.007663 1.009755 1.018828 1.018381 1.021370 1.023600 1.021613 1.023489 1.022307 1.022721 1.020967 1.022134
1.532350e+08 1.007325 1.009389 1.018540 1.018134 1.020824 1.023145 1.021188 1.023106 1.021816 1.022246 1.020295 1.021480
1.533150e+08 1.006990 1.009024 1.018250 1.017886 1.020278 1.022689 1.020762 1.022719 1.021325 1.021769 1.019623 1.020823
1.533950e+08 1.006656 1.008660 1.017959 1.017637 1.019734 1.022231 1.020336 1.022330 1.020833 1.021291 1.018951 1.020165
1.534750e+08 1.006326 1.008298 1.017667 1.017388 1.019191 1.021773 1.019910 1.021940 1.020341 1.020813 1.018280 1.019506
1.535550e+08 1.005999 1.007940 1.017375 1.017140 1.018652 1.021315 1.019486 1.021549 1.019850 1.020336 1.017611 1.018845
1.536350e+08 1.005677 1.007585 1.017084 1.016894 1.018117 1.020858 1.019064 1.021157 1.019361 1.019859 1.016943 1.018186
1.537150e+08 1.005359 1.007235 1.016794 1.016650 1.017586 1.020403 1.018645 1.020766 1.018873 1.019385 1.016278 1.017526
1.537950e+08 1.005047 1.006889 1.016506 1.016408 1.017061 1.019949 1.018229 1.020377 1.018389 1.018913 1.015617 1.016868
1.538750e+08 1.004740 1.006550 1.016221 1.016170 1.016541 1.019498 1.017818 1.019989 1.017907 1.018444 1.014959 1.016212
1.539550e+08 1.004441 1.006217 1.015940 1.015936 1.016028 1.019051 1.017411 1.019604 1.017430 1.017979 1.014306 1.015559
1.540350e+08 1.004148 1.005891 1.015662 1.015706 1.015522 1.018608 1.017009 1.019223 1.016957 1.017518 1.013657 1.014908
1.541150e+08 1.003863 1.005572 1.015390 1.015481 1.015025 1.018170 1.016614 1.018846 1.016489 1.017062 1.013014 1.014261
1.541950e+08 1.003586 1.005262 1.015123 1.015263 1.014536 1.017737 1.016225 1.018473 1.016026 1.016611 1.012378 1.013619
1.542750e+08 1.003317 1.004960 1.014861 1.015050 1.014056 1.017310 1.015844 1.018106 1.015570 1.016167 1.011747 1.012981
1.543550e+08 1.003058 1.004668 1.014607 1.014844 1.013586 1.016890 1.015470 1.017746 1.015121 1.015729 1.011124 1.012349
1.544350e+08 1.002809 1.004386 1.014360 1.014646 1.013127 1.016477 1.015105 1.017392 1.014678 1.015299 1.010509 1.011722
1.545150e+08 1.002569 1.004114 1.014120 1.014456 1.012679 1.016071 1.014749 1.017045 1.014244 1.014876 1.009901 1.011102
1.545950e+08 1.002340 1.003853 1.013889 1.014274 1.012243 1.015674 1.014402 1.016706 1.013817 1.014461 1.009302 1.010488
1.546750e+08 1.002122 1.003604 1.013666 1.014101 1.011819 1.015285 1.014066 1.016376 1.013399 1.014056 1.008712 1.009882
1.547550e+08 1.001915 1.003367 1.013454 1.013938 1.011407 1.014906 1.013740 1.016056 1.012991 1.013659 1.008132 1.009284
1.548350e+08 1.001720 1.003142 1.013251 1.013784 1.011009 1.014536 1.013425 1.015744 1.012591 1.013272 1.007561 1.008693
1.549150e+08 1.001537 1.002929 1.013058 1.013640 1.010625 1.014177 1.013121 1.015443 1.012202 1.012894 1.007000 1.008112
1.549950e+08 1.001366 1.002730 1.012876 1.013507 1.010254 1.013827 1.012830 1.015153 1.011823 1.012528 1.006449 1.007539
1.550750e+08 1.001208 1.002545 1.012706 1.013385 1.009898 1.013489 1.012550 1.014874 1.011454 1.012172 1.005909 1.006976
1.551550e+08 1.001063 1.002373 1.012547 1.013274 1.009556 1.013162 1.012284 1.014607 1.011097 1.011827 1.005381 1.006422
1.552350e+08 1.000931 1.002216 1.012400 1.013175 1.009230 1.012847 1.012030 1.014351 1.010750 1.011493 1.004863 1.005879
1.553150e+08 1.000813 1.002073 1.012265 1.013087 1.008919 1.012544 1.011790 1.014108 1.010416 1.011171 1.004358 1.005346
1.553950e+08 1.000708 1.001945 1.012144 1.013012 1.008623 1.012253 1.011563 1.013878 1.010093 1.010862 1.003864 1.004823
1.554750e+08 1.000617 1.001831 1.012035 1.012950 1.008344 1.011974 1.011350 1.013661 1.009782 1.010564 1.003382 1.004312
1.555550e+08 1.000541 1.001733 1.011940 1.012899 1.008081 1.011708 1.011152 1.013457 1.009484 1.010279 1.002912 1.003811
1.556350e+08 1.000478 1.001651 1.011858 1.012862 1.007834 1.011455 1.010967 1.013267 1.009198 1.010007 1.002455 1.003322
1.557150e+08 1.000430 1.001584 1.011790 1.012838 1.007603 1.011215 1.010798 1.013091 1.008924 1.009748 1.002010 1.002845
1.557950e+08 1.000396 1.001532 1.011736 1.012827 1.007389 1.010989 1.010643 1.012929 1.008664 1.009502 1.001578 1.002379
1.558750e+08 1.000376 1.001496 1.011697 1.012829 1.007192 1.010776 1.010503 1.012782 1.008416 1.009268 1.001158 1.001925
1.559550e+08 1.000371 1.001476 1.011671 1.012844 1.007012 1.010576 1.010377 1.012649 1.008182 1.009048 1.000751 1.001484
1.560350e+08 1.000381 1.001472 1.011660 1.012873 1.006848 1.010390 1.010267 1.012531 1.007960 1.008842 1.000357 1.001054
1.561150e+08 1.000405 1.001484 1.011664 1.012915 1.006701 1.010218 1.010172 1.012428 1.007752 1.008648 0.999976 1.000637
1.561950e+08 1.000443 1.001511 1.011682 1.012971 1.006570 1.010059 1.010092 1.012339 1.007557 1.008468 0.999608 1.000232
1.562750e+08 1.000496 1.001554 1.011715 1.013040 1.006456 1.009914 1.010027 1.012266 1.007375 1.008301 0.999252 0.999839
1.563550e+08 1.000562 1.001613 1.011762 1.013122 1.006359 1.009782 1.009978 1.012208 1.007206 1.008148 0.998909 0.999458
1.564350e+08 1.000643 1.001687 1.011825 1.013217 1.006278 1.009664 1.009943 1.012164 1.007051 1.008008 0.998579 0.999090
1.565150e+08 1.000738 1.001777 1.011901 1.013326 1.006212 1.009560 1.009923 1.012136 1.006908 1.007880 0.998261 0.998734
1.565950e+08 1.000847 1.001882 1.011992 1.013448 1.006163 1.009468 1.009917 1.012122 1.006778 1.007766 0.997955 0.998390
1.566750e+08 1.000970 1.002002 1.012098 1.013582 1.006130 1.009390 1.009927 1.012123 1.006661 1.007664 0.997661 0.998058
1.567550e+08 1.001105 1.002136 1.012217 1.013729 1.006112 1.009324 1.009951 1.012139 1.006557 1.007575 0.997380 0.997737
1.568350e+08 1.001254 1.002285 1.012351 1.013888 1.006109 1.009271 1.009988 1.012169 1.006465 1.007499 0.997110 0.997429
1.569150e+08 1.001416 1.002448 1.012498 1.014060 1.006121 1.009231 1.010040 1.012213 1.006385 1.007434 0.996851 0.997132
1.569950e+08 1.001590 1.002625 1.012659 1.014243 1.006147 1.009202 1.010106 1.012271 1.006318 1.007381 0.996604 0.996846
1.570750e+08 1.001777 1.002815 1.012834 1.014438 1.006188 1.009186 1.010185 1.012343 1.006262 1.007340 0.996368 0.996572
1.571550e+08 1.001975 1.003019 1.013021 1.014644 1.006242 1.009181 1.010277 1.012429 1.006217 1.007311 0.996142 0.996308
1.572350e+08 1.002185 1.003235 1.013221 1.014861 1.006309 1.009187 1.010382 1.012528 1.006184 1.007292 0.995926 0.996055
1.573150e+08 1.002406 1.003464 1.013434 1.015088 1.006389 1.009204 1.010499 1.012639 1.006161 1.007283 0.995721 0.995813
1.573950e+08 1.002638 1.003704 1.013659 1.015326 1.006481 1.009231 1.010628 1.012763 1.006149 1.007285 0.995525 0.995580
1.574750e+08 1.002881 1.003956 1.013895 1.015573 1.006585 1.009269 1.010768 1.012899 1.006147 1.007297 0.995338 0.995357
1.575550e+08 1.003133 1.004219 1.014143 1.015830 1.006700 1.009315 1.010920 1.013047 1.006155 1.007318 0.995160 0.995143
1.576350e+08 1.003394 1.004492 1.014401 1.016095 1.006825 1.009371 1.011082 1.013206 1.006172 1.007348 0.994990 0.994938
1.577150e+08 1.003665 1.004775 1.014670 1.016369 1.006961 1.009435 1.011255 1.013375 1.006198 1.007386 0.994828 0.994742
1.577950e+08 1.003943 1.005067 1.014949 1.016650 1.007106 1.009508 1.011437 1.013555 1.006232 1.007432 0.994674 0.994554
1.578750e+08 1.004230 1.005368 1.015237 1.016939 1.007259 1.009588 1.011628 1.013745 1.006275 1.007486 0.994526 0.994373
1.579550e+08 1.004524 1.005677 1.015534 1.017235 1.007421 1.009674 1.011828 1.013944 1.006325 1.007547 0.994385 0.994200
1.580350e+08 1.004826 1.005994 1.015839 1.017536 1.007590 1.009767 1.012036 1.014151 1.006382 1.007614 0.994249 0.994033
1.581150e+08 1.005133 1.006317 1.016152 1.017844 1.007766 1.009866 1.012251 1.014366 1.006445 1.007687 0.994119 0.993873
1.581950e+08 1.005446 1.006647 1.016473 1.018156 1.007948 1.009971 1.012473 1.014589 1.006515 1.007765 0.993994 0.993719
1.582750e+08 1.005764 1.006983 1.016800 1.018473 1.008136 1.010079 1.012701 1.014819 1.006590 1.007847 0.993873 0.993570
1.583550e+08 1.006087 1.007323 1.017133 1.018794 1.008328 1.010192 1.012934 1.015055 1.006669 1.007934 0.993756 0.993425
1.584350e+08 1.006414 1.007668 1.017472 1.019118 1.008524 1.010308 1.013173 1.015297 1.006753 1.008024 0.993642 0.993285
1.585150e+08 1.006744 1.008016 1.017815 1.019445 1.008722 1.010426 1.013416 1.015543 1.006841 1.008117 0.993530 0.993148
1.585950e+08 1.007077 1.008367 1.018162 1.019773 1.008924 1.010547 1.013662 1.015794 1.006932 1.008212 0.993420 0.993015
1.586750e+08 1.007412 1.008721 1.018513 1.020103 1.009126 1.010669 1.013911 1.016048 1.007025 1.008309 0.993312 0.992884
1.587550e+08 1.007748 1.009076 1.018867 1.020434 1.009330 1.010792 1.014163 1.016305 1.007121 1.008406 0.993204 0.992755
1.588350e+08 1.008086 1.009432 1.019222 1.020764 1.009533 1.010914 1.014416 1.016564 1.007218 1.008504 0.993096 0.992627
1.589150e+08 1.008423 1.009788 1.019580 1.021094 1.009736 1.011036 1.014670 1.016825 1.007315 1.008601 0.992988 0.992500
1.589950e+08 1.008761 1.010143 1.019938 1.021422 1.009937 1.011156 1.014924 1.017086 1.007412 1.008697 0.992878 0.992373
1.590750e+08 1.009097 1.010497 1.020296 1.021749 1.010136 1.011275 1.015177 1.017347 1.007509 1.008791 0.992767 0.992246
1.591550e+08 1.009431 1.010849 1.020653 1.022072 1.010331 1.011390 1.015429 1.017608 1.007605 1.008883 0.992654 0.992117
1.592350e+08 1.009763 1.011199 1.021009 1.022393 1.010523 1.011502 1.015679 1.017867 1.007698 1.008972 0.992537 0.991987
1.593150e+08 1.010093 1.011545 1.021362 1.022709 1.010710 1.011610 1.015926 1.018123 1.007790 1.009057 0.992416 0.991854
1.593950e+08 1.010418 1.011886 1.021713 1.023020 1.010891 1.011712 1.016169 1.018377 1.007878 1.009137 0.992291 0.991719
1.594750e+08 1.010740 1.012223 1.022061 1.023326 1.011065 1.011809 1.016408 1.018627 1.007962 1.009212 0.992162 0.991580
1.595550e+08 1.011056 1.012554 1.022404 1.023626 1.011233 1.011900 1.016642 1.018872 1.008042 1.009282 0.992026 0.991436
1.596350e+08 1.011367 1.012879 1.022742 1.023919 1.011392 1.011984 1.016871 1.019112 1.008117 1.009344 0.991885 0.991288
1.597150e+08 1.011672 1.013197 1.023074 1.024205 1.011543 1.012060 1.017093 1.019346 1.008186 1.009400 0.991736 0.991135
1.597950e+08 1.011971 1.013508 1.023400 1.024482 1.011684 1.012128 1.017308 1.019573 1.008248 1.009448 0.991580 0.990975
1.598750e+08 1.012262 1.013810 1.023719 1.024751 1.011815 1.012186 1.017515 1.019793 1.008304 1.009487 0.991416 0.990809
1.599550e+08 1.012545 1.014103 1.024031 1.025010 1.011935 1.012235 1.017714 1.020004 1.008352 1.009518 0.991243 0.990636
1.600350e+08 1.012820 1.014387 1.024333 1.025259 1.012044 1.012274 1.017903 1.020206 1.008392 1.009538 0.991061 0.990454
1.601150e+08 1.013086 1.014661 1.024627 1.025498 1.012140 1.012301 1.018083 1.020399 1.008423 1.009548 0.990869 0.990264
1.601950e+08 1.013343 1.014924 1.024911 1.025726 1.012222 1.012317 1.018252 1.020582 1.008444 1.009547 0.990667 0.990065
1.602750e+08 1.013589 1.015175 1.025184 1.025941 1.012291 1.012321 1.018409 1.020753 1.008456 1.009535 0.990454 0.989857
1.603550e+08 1.013825 1.015415 1.025446 1.026144 1.012345 1.012312 1.018555 1.020913 1.008456 1.009511 0.990229 0.989638
1.604350e+08 1.014050 1.015642 1.025696 1.026335 1.012385 1.012290 1.018688 1.021060 1.008446 1.009473 0.989992 0.989409
1.605150e+08 1.014264 1.015856 1.025934 1.026511 1.012408 1.012253 1.018808 1.021194 1.008424 1.009423 0.989743 0.989168
1.605950e+08 1.014465 1.016057 1.026159 1.026674 1.012415 1.012202 1.018915 1.021315 1.008390 1.009359 0.989480 0.988916
1.606750e+08 1.014654 1.016243 1.026370 1.026822 1.012405 1.012137 1.019007 1.021421 1.008343 1.009280 0.989204 0.988651
1.607550e+08 1.014830 1.016415 1.026568 1.026956 1.012378 1.012055 1.019084 1.021512 1.008282 1.009187 0.988913 0.988374
1.608350e+08 1.014994 1.016573 1.026750 1.027073 1.012332 1.011958 1.019146 1.021588 1.008208 1.009078 0.988609 0.988083
1.609150e+08 1.015143 1.016715 1.026917 1.027175 1.012268 1.011844 1.019191 1.021648 1.008119 1.008954 0.988289 0.987778
1.609950e+08 1.015278 1.016841 1.027069 1.027260 1.012185 1.011713 1.019221 1.021691 1.008016 1.008813 0.987954 0.987459
1.610750e+08 1.015400 1.016951 1.027204 1.027329 1.012082 1.011565 1.019233 1.021718 1.007897 1.008656 0.987603 0.987126
1.611550e+08 1.015506 1.017045 1.027323 1.027381 1.011959 1.011399 1.019228 1.021726 1.007763 1.008482 0.987236 0.986777
1.612350e+08 1.015598 1.017121 1.027424 1.027414 1.011816 1.011215 1.019205 1.021717 1.007613 1.008290 0.986852 0.986413
1.613150e+08 1.015674 1.017181 1.027508 1.027431 1.011652 1.011013 1.019163 1.021689 1.007446 1.008081 0.986451 0.986033
1.613950e+08 1.015735 1.017224 1.027574 1.027428 1.011467 1.010792 1.019104 1.021642 1.007262 1.007854 0.986034 0.985637
1.614750e+08 1.015781 1.017249 1.027621 1.027408 1.011260 1.010552 1.019024 1.021576 1.007062 1.007608 0.985598 0.985224
1.615550e+08 1.015810 1.017256 1.027650 1.027369 1.011032 1.010293 1.018926 1.021490 1.006844 1.007344 0.985145 0.984794
1.616350e+08 1.015824 1.017246 1.027659 1.027310 1.010781 1.010014 1.018808 1.021385 1.006608 1.007061 0.984674 0.984348
1.617150e+08 1.015821 1.017217 1.027649 1.027233 1.010508 1.009715 1.018670 1.021259 1.006354 1.006759 0.984185 0.983884
1.617950e+08 1.015802 1.017170 1.027620 1.027136 1.010213 1.009396 1.018511 1.021112 1.006081 1.006437 0.983677 0.983402
1.618750e+08 1.015767 1.017105 1.027570 1.027020 1.009895 1.009058 1.018332 1.020944 1.005790 1.006096 0.983150 0.982902
1.619550e+08 1.015715 1.017022 1.027501 1.026885 1.009554 1.008699 1.018132 1.020756 1.005480 1.005735 0.982605 0.982384
1.620350e+08 1.015646 1.016920 1.027411 1.026729 1.009190 1.008319 1.017911 1.020546 1.005152 1.005355 0.982040 0.981847
1.621150e+08 1.015561 1.016800 1.027301 1.026554 1.008803 1.007920 1.017670 1.020314 1.004804 1.004954 0.981457 0.981293
1.621950e+08 1.015460 1.016661 1.027170 1.026359 1.008393 1.007499 1.017406 1.020061 1.004437 1.004534 0.980854 0.980719
1.622750e+08 1.015342 1.016504 1.027018 1.026144 1.007960 1.007059 1.017122 1.019787 1.004050 1.004094 0.980232 0.980127
1.623550e+08 1.015208 1.016329 1.026845 1.025909 1.007503 1.006598 1.016816 1.019490 1.003644 1.003634 0.979591 0.979516
1.624350e+08 1.015057 1.016136 1.026652 1.025655 1.007024 1.006116 1.016489 1.019172 1.003219 1.003153 0.978930 0.978886
1.625150e+08 1.014890 1.015925 1.026437 1.025380 1.006521 1.005614 1.016140 1.018832 1.002774 1.002653 0.978251 0.978237
1.625950e+08 1.014707 1.015696 1.026202 1.025086 1.005996 1.005092 1.015770 1.018469 1.002309 1.002133 0.977552 0.977569
1.626750e+08 1.014509 1.015450 1.025946 1.024773 1.005448 1.004550 1.015378 1.018085 1.001825 1.001593 0.976833 0.976882
1.627550e+08 1.014294 1.015186 1.025669 1.024440 1.004877 1.003988 1.014965 1.017680 1.001321 1.001034 0.976096 0.976176
1.628350e+08 1.014064 1.014906 1.025371 1.024088 1.004284 1.003406 1.014531 1.017252 1.000798 1.000455 0.975339 0.975452
1.629150e+08 1.013819 1.014608 1.025052 1.023717 1.003669 1.002804 1.014075 1.016803 1.000255 0.999857 0.974564 0.974708
1.629950e+08 1.013558 1.014295 1.024713 1.023328 1.003032 1.002183 1.013598 1.016333 0.999693 0.999239 0.973770 0.973946
1.630750e+08 1.013283 1.013965 1.024354 1.022919 1.002373 1.001543 1.013101 1.015842 0.999112 0.998603 0.972957 0.973166
1.631550e+08 1.012994 1.013619 1.023975 1.022493 1.001693 1.000884 1.012583 1.015329 0.998512 0.997948 0.972126 0.972366
1.632350e+08 1.012690 1.013258 1.023576 1.022049 1.000992 1.000207 1.012045 1.014796 0.997893 0.997274 0.971277 0.971549
1.633150e+08 1.012373 1.012882 1.023157 1.021587 1.000271 0.999512 1.011486 1.014242 0.997256 0.996583 0.970410 0.970714
1.633950e+08 1.012042 1.012492 1.022718 1.021108 0.999529 0.998798 1.010908 1.013669 0.996600 0.995873 0.969525 0.969860
1.634750e+08 1.011699 1.012087 1.022261 1.020612 0.998767 0.998068 1.010310 1.013075 0.995926 0.995147 0.968623 0.968990
1.635550e+08 1.011343 1.011670 1.021785 1.020099 0.997986 0.997320 1.009693 1.012462 0.995234 0.994403 0.967704 0.968101
1.636350e+08 1.010974 1.011239 1.021291 1.019571 0.997187 0.996556 1.009058 1.011830 0.994525 0.993642 0.966769 0.967196
1.637150e+08 1.010594 1.010795 1.020779 1.019026 0.996369 0.995775 1.008403 1.011179 0.993798 0.992866 0.965816 0.966274
1.637950e+08 1.010203 1.010340 1.020249 1.018467 0.995533 0.994980 1.007731 1.010510 0.993054 0.992073 0.964848 0.965336
1.638750e+08 1.009802 1.009873 1.019702 1.017893 0.994680 0.994168 1.007041 1.009823 0.992294 0.991265 0.963865 0.964381
1.639550e+08 1.009390 1.009396 1.019138 1.017305 0.993810 0.993343 1.006334 1.009119 0.991518 0.990442 0.962866 0.963411
1.640350e+08 1.008968 1.008908 1.018558 1.016704 0.992924 0.992503 1.005611 1.008398 0.990726 0.989605 0.961852 0.962425
1.641150e+08 1.008537 1.008411 1.017962 1.016089 0.992023 0.991650 1.004871 1.007661 0.989919 0.988753 0.960824 0.961425
1.641950e+08 1.008098 1.007905 1.017351 1.015461 0.991107 0.990783 1.004116 1.006908 0.989096 0.987888 0.959782 0.960410
1.642750e+08 1.007650 1.007390 1.016726 1.014822 0.990177 0.989905 1.003345 1.006140 0.988260 0.987011 0.958727 0.959381
1.643550e+08 1.007195 1.006868 1.016086 1.014171 0.989233 0.989014 1.002560 1.005357 0.987409 0.986121 0.957659 0.958338
1.644350e+08 1.006734 1.006339 1.015433 1.013510 0.988276 0.988112 1.001761 1.004561 0.986545 0.985219 0.956578 0.957282
1.645150e+08 1.006266 1.005804 1.014767 1.012838 0.987307 0.987200 1.000949 1.003750 0.985667 0.984306 0.955486 0.956213
1.645950e+08 1.005792 1.005263 1.014088 1.012157 0.986327 0.986277 1.000123 1.002928 0.984778 0.983383 0.954382 0.955133
1.646750e+08 1.005313 1.004717 1.013398 1.011466 0.985336 0.985346 0.999286 1.002093 0.983876 0.982450 0.953267 0.954040
1.647550e+08 1.004830 1.004167 1.012696 1.010768 0.984335 0.984406 0.998437 1.001246 0.982963 0.981507 0.952142 0.952936
1.648350e+08 1.004343 1.003613 1.011984 1.010062 0.983324 0.983457 0.997577 1.000389 0.982039 0.980555 0.951008 0.951822
1.649150e+08 1.003853 1.003057 1.011262 1.009348 0.982305 0.982502 0.996707 0.999522 0.981105 0.979596 0.949864 0.950697
1.649950e+08 1.003360 1.002498 1.010531 1.008629 0.981279 0.981539 0.995827 0.998645 0.980161 0.978628 0.948711 0.949563
1.650750e+08 1.002865 1.001938 1.009792 1.007903 0.980245 0.980571 0.994938 0.997760 0.979208 0.977654 0.947551 0.948420
1.651550e+08 1.002369 1.001377 1.009044 1.007173 0.979205 0.979597 0.994042 0.996866 0.978246 0.976674 0.946383 0.947269
1.652350e+08 1.001873 1.000817 1.008290 1.006438 0.978160 0.978619 0.993137 0.995966 0.977276 0.975688 0.945208 0.946109
1.653150e+08 1.001376 1.000257 1.007529 1.005700 0.977110 0.977636 0.992226 0.995058 0.976299 0.974698 0.944027 0.944942
1.653950e+08 1.000880 0.999698 1.006762 1.004958 0.976056 0.976651 0.991309 0.994145 0.975316 0.973703 0.942841 0.943769
1.654750e+08 1.000385 0.999142 1.005991 1.004214 0.974999 0.975663 0.990386 0.993227 0.974326 0.972704 0.941649 0.942589
1.655550e+08 0.999892 0.998588 1.005215 1.003469 0.973940 0.974672 0.989458 0.992305 0.973330 0.971703 0.940453 0.941404
1.656350e+08 0.999401 0.998038 1.004435 1.002722 0.972879 0.973681 0.988526 0.991379 0.972330 0.970699 0.939253 0.940214
1.657150e+08 0.998913 0.997492 1.003652 1.001975 0.971817 0.972689 0.987591 0.990450 0.971326 0.969693 0.938050 0.939019
1.657950e+08 0.998429 0.996951 1.002867 1.001229 0.970755 0.971697 0.986654 0.989519 0.970317 0.968687 0.936844 0.937821
1.658750e+08 0.997950 0.996415 1.002081 1.000483 0.969694 0.970706 0.985714 0.988586 0.969306 0.967680 0.935636 0.936619
1.659550e+08 0.997475 0.995886 1.001294 0.999739 0.968634 0.969716 0.984774 0.987653 0.968293 0.966674 0.934427 0.935415
1.660350e+08 0.997006 0.995363 1.000506 0.998997 0.967577 0.968728 0.983832 0.986719 0.967277 0.965668 0.933217 0.934209
1.661150e+08 0.996543 0.994848 0.999719 0.998258 0.966522 0.967743 0.982891 0.985787 0.966261 0.964664 0.932007 0.933001
1.661950e+08 0.996086 0.994340 0.998934 0.997523 0.965471 0.966761 0.981951 0.984855 0.965244 0.963662 0.930797 0.931792
1.662750e+08 0.995636 0.993841 0.998150 0.996791 0.964424 0.965782 0.981013 0.983926 0.964227 0.962663 0.929588 0.930584
1.663550e+08 0.995194 0.993352 0.997369 0.996064 0.963383 0.964809 0.980076 0.983000 0.963210 0.961667 0.928380 0.929375
1.664350e+08 0.994760 0.992872 0.996591 0.995343 0.962347 0.963840 0.979143 0.982077 0.962195 0.960675 0.927174 0.928167
1.665150e+08 0.994335 0.992402 0.995817 0.994627 0.961317 0.962877 0.978213 0.981158 0.961182 0.959687 0.925971 0.926961
1.665950e+08 0.993919 0.991943 0.995047 0.993917 0.960295 0.961920 0.977287 0.980244 0.960171 0.958704 0.924771 0.925756
1.666750e+08 0.993513 0.991495 0.994283 0.993215 0.959280 0.960969 0.976366 0.979335 0.959163 0.957727 0.923574 0.924554
1.667550e+08 0.993116 0.991058 0.993524 0.992519 0.958273 0.960026 0.975450 0.978433 0.958158 0.956756 0.922382 0.923355
1.668350e+08 0.992730 0.990634 0.992772 0.991832 0.957275 0.959091 0.974540 0.977537 0.957158 0.955792 0.921194 0.922159
1.669150e+08 0.992355 0.990222 0.992027 0.991153 0.956286 0.958163 0.973637 0.976648 0.956162 0.954834 0.920011 0.920968
1.669950e+08 0.991992 0.989823 0.991289 0.990482 0.955308 0.957244 0.972742 0.975767 0.955171 0.953884 0.918834 0.919780
1.670750e+08 0.991639 0.989438 0.990559 0.989821 0.954340 0.956334 0.971853 0.974894 0.954186 0.952942 0.917663 0.918598
1.671550e+08 0.991299 0.989066 0.989838 0.989169 0.953383 0.955434 0.970973 0.974030 0.953207 0.952009 0.916499 0.917421
1.672350e+08 0.990971 0.988708 0.989125 0.988528 0.952437 0.954543 0.970102 0.973175 0.952235 0.951084 0.915341 0.916250
1.673150e+08 0.990656 0.988364 0.988422 0.987897 0.951503 0.953662 0.969240 0.972330 0.951270 0.950168 0.914190 0.915085
1.673950e+08 0.990354 0.988035 0.987729 0.987276 0.950582 0.952792 0.968388 0.971495 0.950312 0.949262 0.913047 0.913927
1.674750e+08 0.990064 0.987720 0.987047 0.986667 0.949673 0.951933 0.967546 0.970672 0.949362 0.948366 0.911913 0.912775
1.675550e+08 0.989788 0.987420 0.986375 0.986068 0.948778 0.951084 0.966715 0.969859 0.948420 0.947480 0.910786 0.911631
1.676350e+08 0.989526 0.987136 0.985715 0.985482 0.947896 0.950247 0.965894 0.969057 0.947487 0.946604 0.909668 0.910495
1.677150e+08 0.989277 0.986866 0.985066 0.984907 0.947028 0.949422 0.965085 0.968268 0.946563 0.945740 0.908560 0.909367
1.677950e+08 0.989043 0.986612 0.984429 0.984345 0.946173 0.948608 0.964288 0.967491 0.945649 0.944886 0.907460 0.908248
1.678750e+08 0.988822 0.986374 0.983805 0.983794 0.945334 0.947807 0.963503 0.966726 0.944744 0.944043 0.906371 0.907137
1.679550e+08 0.988615 0.986151 0.983192 0.983256 0.944508 0.947017 0.962730 0.965974 0.943849 0.943212 0.905291 0.906035
1.680350e+08 0.988423 0.985943 0.982593 0.982731 0.943698 0.946240 0.961970 0.965235 0.942965 0.942393 0.904221 0.904942
1.681150e+08 0.988245 0.985751 0.982007 0.982218 0.942902 0.945475 0.961223 0.964509 0.942091 0.941585 0.903161 0.903859
1.681950e+08 0.988081 0.985574 0.981434 0.981718 0.942122 0.944722 0.960489 0.963796 0.941228 0.940789 0.902112 0.902785
1.682750e+08 0.987931 0.985413 0.980875 0.981231 0.941356 0.943982 0.959769 0.963098 0.940376 0.940006 0.901073 0.901722
1.683550e+08 0.987796 0.985268 0.980329 0.980757 0.940606 0.943255 0.959062 0.962413 0.939536 0.939234 0.900046 0.900668
1.684350e+08 0.987675 0.985137 0.979797 0.980296 0.939872 0.942540 0.958369 0.961742 0.938707 0.938475 0.899029 0.899625
1.685150e+08 0.987568 0.985022 0.979279 0.979847 0.939153 0.941837 0.957690 0.961084 0.937889 0.937727 0.898023 0.898592
1.685950e+08 0.987475 0.984922 0.978775 0.979412 0.938449 0.941147 0.957024 0.960441 0.937083 0.936992 0.897028 0.897569
1.686750e+08 0.987396 0.984836 0.978285 0.978989 0.937760 0.940469 0.956373 0.959812 0.936289 0.936269 0.896044 0.896557
1.687550e+08 0.987330 0.984765 0.977809 0.978578 0.937087 0.939804 0.955736 0.959197 0.935507 0.935558 0.895071 0.895555
1.688350e+08 0.987279 0.984708 0.977347 0.978181 0.936429 0.939150 0.955113 0.958596 0.934736 0.934859 0.894109 0.894564
1.689150e+08 0.987240 0.984665 0.976899 0.977795 0.935786 0.938508 0.954504 0.958009 0.933978 0.934171 0.893159 0.893584
1.689950e+08 0.987215 0.984636 0.976464 0.977422 0.935158 0.937878 0.953909 0.957435 0.933232 0.933496 0.892219 0.892614
1.690750e+08 0.987203 0.984620 0.976044 0.977061 0.934544 0.937260 0.953328 0.956876 0.932497 0.932832 0.891290 0.891655
1.691550e+08 0.987203 0.984617 0.975638 0.976711 0.933945 0.936652 0.952761 0.956329 0.931775 0.932180 0.890372 0.890706
1.692350e+08 0.987215 0.984627 0.975245 0.976373 0.933360 0.936056 0.952208 0.955797 0.931064 0.931538 0.889465 0.889767
1.693150e+08 0.987240 0.984649 0.974865 0.976046 0.932790 0.935470 0.951668 0.955277 0.930365 0.930908 0.888569 0.888839
1.693950e+08 0.987276 0.984682 0.974499 0.975730 0.932233 0.934895 0.951142 0.954770 0.929678 0.930288 0.887683 0.887922
1.694750e+08 0.987323 0.984727 0.974146 0.975425 0.931689 0.934330 0.950629 0.954277 0.929003 0.929679 0.886807 0.887014
1.695550e+08 0.987382 0.984783 0.973805 0.975129 0.931158 0.933774 0.950129 0.953795 0.928338 0.929080 0.885941 0.886116
1.696350e+08 0.987451 0.984849 0.973477 0.974844 0.930640 0.933228 0.949642 0.953325 0.927685 0.928491 0.885085 0.885228
