  1.67075e+08	      0.00000	      0.00000	      0.00000	      0.00000	      0.00000	      0.00000	      0.00000	      0.00000	      0.00000	      0.00000	      0.00000	      0.00000	
  1.67155e+08	      1.06472	      1.06300	      1.09572	      1.09564	      1.12971	      1.13242	      1.11766	      1.11694	      1.13870	      1.13931	      1.16929	      1.16745	
  1.67235e+08	      1.08338	      1.08039	      1.11515	      1.11501	      1.14910	      1.15090	      1.13874	      1.14119	      1.16161	      1.15995	      1.19262	      1.18783	
  1.67315e+08	      1.08319	      1.08103	      1.11361	      1.11394	      1.14784	      1.15013	      1.13599	      1.13865	      1.16204	      1.15954	      1.19490	      1.18763	
  1.67395e+08	      1.08349	      1.08019	      1.11287	      1.11296	      1.14581	      1.14858	      1.13571	      1.13517	      1.16030	      1.15795	      1.19344	      1.18828	
  1.67475e+08	      1.08221	      1.08070	      1.10856	      1.11317	      1.14506	      1.14909	      1.12878	      1.13300	      1.15794	      1.15542	      1.19296	      1.18640	
  1.67555e+08	      1.08117	      1.08079	      1.10664	      1.11136	      1.14361	      1.14803	      1.13443	      1.13893	      1.15822	      1.15248	      1.19354	      1.18513	
  1.67635e+08	      1.07897	      1.08105	      1.10252	      1.10992	      1.14122	      1.14505	      1.13511	      1.13622	      1.15621	      1.15370	      1.19128	      1.18392	
  1.67715e+08	      1.07811	      1.07930	      1.10320	      1.10872	      1.13822	      1.14339	      1.13281	      1.13229	      1.15420	      1.15334	      1.18959	      1.18012	
  1.67795e+08	      1.07728	      1.08187	      1.10289	      1.10936	      1.13693	      1.14384	      1.13210	      1.13288	      1.15446	      1.15314	      1.18843	      1.18021	
  1.67875e+08	      1.07800	      1.08211	      1.10387	      1.11026	      1.13784	      1.14264	      1.12917	      1.13092	      1.15468	      1.15186	      1.18492	      1.18101	
  1.67955e+08	      1.07746	      1.08112	      1.10590	      1.10658	      1.13636	      1.14116	      1.12470	      1.13149	      1.15316	      1.15174	      1.18450	      1.17825	
  1.68035e+08	      1.07738	      1.08124	      1.10377	      1.10510	      1.13395	      1.14044	      1.12828	      1.13036	      1.15031	      1.15071	      1.18200	      1.17629	
  1.68115e+08	      1.07711	      1.07993	      1.10140	      1.10164	      1.13419	      1.14026	      1.12767	      1.12444	      1.14975	      1.14607	      1.18172	      1.17535	
  1.68195e+08	      1.06163	      1.06315	      1.08230	      1.08521	      1.11896	      1.12316	      1.11236	      1.10986	      1.13229	      1.13105	      1.16648	      1.15925	
  1.68275e+08	      0.00000	      0.00000	      0.00000	      0.00000	      0.00000	      0.00000	      0.00000	      0.00000	      0.00000	      0.00000	      0.00000	      0.00000	
  1.68355e+08	      0.00000	      0.00000	      0.00000	      0.00000	      0.00000	      0.00000	      0.00000	      0.00000	      0.00000	      0.00000	      0.00000	      0.00000	
  1.68435e+08	      1.05562	      1.05717	      1.07554	      1.08271	      1.11400	      1.11855	      1.10653	      1.10966	      1.12530	      1.12411	      1.15715	      1.15229	
  1.68515e+08	      1.07686	      1.07568	      1.09901	      1.10616	      1.13375	      1.13614	      1.12695	      1.12629	      1.14601	      1.14694	      1.17722	      1.17113	
  1.68595e+08	      1.07559	      1.07474	      1.10165	      1.10854	      1.13589	      1.13836	      1.12332	      1.12241	      1.14698	      1.14531	      1.17782	      1.17118	
  1.68675e+08	      1.07567	      1.07539	      1.10550	      1.10739	      1.13507	      1.13824	      1.12183	      1.12315	      1.14506	      1.14323	      1.17331	      1.17063	
  1.68755e+08	      1.07495	      1.07457	      1.10657	      1.10774	      1.13464	      1.13524	      1.12335	      1.12348	      1.14325	      1.14185	      1.17168	      1.16870	
  1.68835e+08	      1.07509	      1.07424	      1.10450	      1.10637	      1.13364	      1.13408	      1.12258	      1.12572	      1.14147	      1.14028	      1.17118	      1.16845	
  1.68915e+08	      1.07227	      1.07452	      1.10282	      1.10533	      1.13318	      1.13344	      1.12245	      1.12454	      1.13969	      1.14049	      1.16901	      1.16911	
  1.68995e+08	      1.07334	      1.07513	      1.09728	      1.10355	      1.13051	      1.13439	      1.11952	      1.11925	      1.14051	      1.13797	      1.16611	      1.16340	
  1.69075e+08	      1.07111	      1.07540	      1.09686	      1.10393	      1.13212	      1.13290	      1.11655	      1.11836	      1.14069	      1.14043	      1.16774	      1.16557	
  1.69155e+08	      1.07192	      1.07728	      1.09566	      1.10316	      1.12977	      1.13268	      1.11653	      1.11979	      1.14074	      1.14060	      1.16774	      1.16501	
  1.69235e+08	      1.07168	      1.07668	      1.09370	      1.10319	      1.13026	      1.13060	      1.11436	      1.12155	      1.13877	      1.13990	      1.16810	      1.16628	
  1.69315e+08	      1.07263	      1.07568	      1.09316	      1.10386	      1.12859	      1.13027	      1.11227	      1.11983	      1.14137	      1.14007	      1.16650	      1.16301	
  1.69395e+08	      1.07244	      1.07413	      1.09660	      1.10317	      1.12796	      1.12924	      1.11239	      1.11669	      1.13928	      1.13859	      1.16482	      1.16269	
  1.69475e+08	      1.05605	      1.05795	      1.07953	      1.08712	      1.11204	      1.11562	      1.10195	      1.10442	      1.12164	      1.12193	      1.14959	      1.14733	
  1.69555e+08	      0.00000	      0.00000	      0.00000	      0.00000	      0.00000	      0.00000	      0.00000	      0.00000	      0.00000	      0.00000	      0.00000	      0.00000	
  1.69635e+08	      0.00000	      0.00000	      0.00000	      0.00000	      0.00000	      0.00000	      0.00000	      0.00000	      0.00000	      0.00000	      0.00000	      0.00000	
  1.69715e+08	      1.05253	      1.05059	      1.07740	      1.08327	      1.10395	      1.10876	      1.09255	      1.10065	      1.11172	      1.11322	      1.14436	      1.14258	
  1.69795e+08	      1.07127	      1.06873	      1.09631	      1.10201	      1.12234	      1.12724	      1.10893	      1.11564	      1.13217	      1.13488	      1.16182	      1.16073	
  1.69875e+08	      1.07120	      1.06932	      1.09454	      1.10300	      1.12337	      1.12631	      1.10951	      1.11757	      1.13430	      1.13461	      1.16703	      1.16160	
  1.69955e+08	      1.07180	      1.06880	      1.09348	      1.10064	      1.12364	      1.12752	      1.11043	      1.12110	      1.13406	      1.13165	      1.16260	      1.15968	
  1.70035e+08	      1.07147	      1.06701	      1.09194	      1.10142	      1.12299	      1.12631	      1.11087	      1.11706	      1.13417	      1.13468	      1.16160	      1.15957	
  1.70115e+08	      1.07109	      1.07078	      1.09356	      1.10119	      1.12302	      1.12744	      1.10956	      1.11303	      1.13054	      1.13070	      1.16157	      1.15694	
  1.70195e+08	      1.07187	      1.06861	      1.09503	      1.10183	      1.12434	      1.12719	      1.10937	      1.11285	      1.13012	      1.12994	      1.15839	      1.15612	
  1.70275e+08	      1.07150	      1.07169	      1.09498	      1.10118	      1.12309	      1.12622	      1.11224	      1.11373	      1.12965	      1.13059	      1.15402	      1.15183	
  1.70355e+08	      1.07334	      1.07543	      1.09924	      1.10191	      1.12284	      1.12678	      1.11075	      1.11438	      1.12551	      1.12933	      1.15340	      1.15185	
  1.70435e+08	      1.07332	      1.07506	      1.09840	      1.10051	      1.12517	      1.12475	      1.11269	      1.11597	      1.12523	      1.13014	      1.15244	      1.14971	
  1.70515e+08	      1.07336	      1.07582	      1.09590	      1.09972	      1.12414	      1.12465	      1.11286	      1.11197	      1.12597	      1.12888	      1.14890	      1.14887	
  1.70595e+08	      1.07389	      1.07535	      1.09400	      1.09818	      1.12179	      1.12472	      1.10887	      1.11010	      1.12508	      1.12889	      1.14655	      1.14918	
  1.70675e+08	      1.07151	      1.07324	      1.09383	      1.09737	      1.12053	      1.12531	      1.11060	      1.10918	      1.12258	      1.12905	      1.14881	      1.14827	
  1.70755e+08	      1.05970	      1.05985	      1.07630	      1.08188	      1.10590	      1.11020	      1.09719	      1.09702	      1.10638	      1.11362	      1.12834	      1.13060	
  1.70835e+08	      0.00000	      0.00000	      0.00000	      0.00000	      0.00000	      0.00000	      0.00000	      0.00000	      0.00000	      0.00000	      0.00000	      0.00000	
  1.70915e+08	      0.00000	      0.00000	      0.00000	      0.00000	      0.00000	      0.00000	      0.00000	      0.00000	      0.00000	      0.00000	      0.00000	      0.00000	
  1.70995e+08	      1.05368	      1.05294	      1.07225	      1.07864	      1.10059	      1.10230	      1.08981	      1.08869	      1.10264	      1.10737	      1.12257	      1.12448	
  1.71075e+08	      1.07301	      1.07172	      1.09261	      1.09819	      1.11913	      1.12115	      1.11621	      1.11165	      1.12272	      1.12804	      1.14551	      1.14544	
  1.71155e+08	      1.07487	      1.07106	      1.09479	      1.09847	      1.12075	      1.12137	      1.11200	      1.11144	      1.12362	      1.12799	      1.14471	      1.14630	
  1.71235e+08	      1.07425	      1.07193	      1.09510	      1.09740	      1.11967	      1.12198	      1.11558	      1.11050	      1.12296	      1.12580	      1.14537	      1.14600	
  1.71315e+08	      1.07496	      1.07114	      1.09439	      1.09689	      1.12013	      1.12079	      1.11589	      1.10892	      1.12330	      1.12433	      1.14518	      1.14605	
  1.71395e+08	      1.07392	      1.07110	      1.09043	      1.09541	      1.11869	      1.12043	      1.11390	      1.10892	      1.12225	      1.12588	      1.14228	      1.14464	
  1.71475e+08	      1.07321	      1.07230	      1.09054	      1.09371	      1.12047	      1.11980	      1.11558	      1.10832	      1.12288	      1.12419	      1.14102	      1.14364	
  1.71555e+08	      1.07177	      1.07383	      1.08899	      1.09563	      1.11730	      1.11930	      1.11216	      1.10916	      1.12064	      1.12395	      1.13600	      1.14244	
  1.71635e+08	      1.07161	      1.07397	      1.09169	      1.09600	      1.11739	      1.11783	      1.10980	      1.10695	      1.12000	      1.12521	      1.13871	      1.14147	
  1.71715e+08	      1.07336	      1.07586	      1.09026	      1.09652	      1.11460	      1.11799	      1.11096	      1.10709	      1.11939	      1.12344	      1.13845	      1.14281	
  1.71795e+08	      1.07320	      1.07601	      1.09073	      1.09646	      1.11482	      1.11647	      1.11070	      1.10425	      1.12043	      1.12398	      1.13909	      1.14285	
  1.71875e+08	      1.07356	      1.07636	      1.09307	      1.09618	      1.11257	      1.11643	      1.11267	      1.10654	      1.11910	      1.12618	      1.13458	      1.13909	
  1.71955e+08	      1.07440	      1.07656	      1.09243	      1.09538	      1.11251	      1.11347	      1.11077	      1.10527	      1.12132	      1.12412	      1.13515	      1.13617	
  1.72035e+08	      1.05893	      1.06142	      1.07484	      1.07937	      1.09705	      1.09850	      1.09753	      1.09065	      1.10343	      1.10742	      1.12027	      1.12179	
  1.72115e+08	      0.00000	      0.00000	      0.00000	      0.00000	      0.00000	      0.00000	      0.00000	      0.00000	      0.00000	      0.00000	      0.00000	      0.00000	
  1.72195e+08	      0.00000	      0.00000	      0.00000	      0.00000	      0.00000	      0.00000	      0.00000	      0.00000	      0.00000	      0.00000	      0.00000	      0.00000	
  1.72275e+08	      1.05334	      1.05248	      1.06890	      1.07502	      1.09185	      1.09256	      1.09185	      1.08251	      1.09661	      1.10351	      1.11842	      1.11818	
  1.72355e+08	      1.07077	      1.06989	      1.08713	      1.09301	      1.11018	      1.11125	      1.10834	      1.10348	      1.11945	      1.12255	      1.13823	      1.14093	
  1.72435e+08	      1.07150	      1.07052	      1.08706	      1.09489	      1.10910	      1.11173	      1.10749	      1.09923	      1.12136	      1.12233	      1.13926	      1.13878	
  1.72515e+08	      1.06997	      1.06926	      1.08928	      1.09439	      1.10786	      1.10997	      1.10796	      1.09751	      1.12056	      1.12648	      1.13746	      1.13867	
  1.72595e+08	      1.07073	      1.06781	      1.08889	      1.09403	      1.10573	      1.11006	      1.10575	      1.09936	      1.11924	      1.12315	      1.14021	      1.13915	
  1.72675e+08	      1.06903	      1.06799	      1.08970	      1.09230	      1.10796	      1.10931	      1.10665	      1.09830	      1.11948	      1.12192	      1.13838	      1.13727	
  1.72755e+08	      1.06892	      1.07057	      1.08952	      1.09217	      1.10729	      1.10848	      1.10278	      1.09693	      1.11894	      1.12086	      1.13733	      1.13483	
  1.72835e+08	      1.06923	      1.07011	      1.08951	      1.08952	      1.10586	      1.10794	      1.10533	      1.09468	      1.11824	      1.12077	      1.13222	      1.13199	
  1.72915e+08	      1.06940	      1.07254	      1.08964	      1.08909	      1.10550	      1.10609	      1.10402	      1.09670	      1.11790	      1.12087	      1.13182	      1.13169	
  1.72995e+08	      1.06938	      1.07398	      1.08761	      1.08870	      1.10414	      1.10560	      1.10247	      1.09543	      1.11627	      1.11828	      1.13241	      1.13097	
  1.73075e+08	      1.06801	      1.07628	      1.08591	      1.08754	      1.10295	      1.10451	      1.10469	      1.10004	      1.11580	      1.11710	      1.12962	      1.13010	
  1.73155e+08	      1.06723	      1.07588	      1.08113	      1.08688	      1.10337	      1.10409	      1.10449	      1.10014	      1.11534	      1.11671	      1.13105	      1.12922	
  1.73235e+08	      1.06765	      1.07543	      1.08154	      1.08632	      1.09925	      1.10415	      1.10547	      1.09843	      1.11233	      1.11579	      1.13095	      1.12748	
  1.73315e+08	      1.05372	      1.06040	      1.06633	      1.07253	      1.08635	      1.08824	      1.09197	      1.07899	      1.09538	      1.09836	      1.11440	      1.11207	
  1.73395e+08	      0.00000	      0.00000	      0.00000	      0.00000	      0.00000	      0.00000	      0.00000	      0.00000	      0.00000	      0.00000	      0.00000	      0.00000	
  1.73475e+08	      0.00000	      0.00000	      0.00000	      0.00000	      0.00000	      0.00000	      0.00000	      0.00000	      0.00000	      0.00000	      0.00000	      0.00000	
  1.73555e+08	      1.05043	      1.05275	      1.06717	      1.06784	      1.08214	      1.08425	      1.08536	      1.08098	      1.08873	      1.09028	      1.10796	      1.10655	
  1.73635e+08	      1.06885	      1.07157	      1.08777	      1.08674	      1.09972	      1.10189	      1.09880	      1.09393	      1.10949	      1.10926	      1.12929	      1.12436	
  1.73715e+08	      1.07091	      1.07105	      1.08804	      1.08733	      1.10038	      1.10150	      1.10113	      1.09511	      1.11000	      1.11165	      1.12684	      1.12362	
  1.73795e+08	      1.06983	      1.07025	      1.08757	      1.08645	      1.10033	      1.10267	      1.10114	      1.09408	      1.10879	      1.11025	      1.12432	      1.12261	
  1.73875e+08	      1.07042	      1.06756	      1.08413	      1.08553	      1.09889	      1.10045	      1.09926	      1.09563	      1.10698	      1.10954	      1.12480	      1.12107	
  1.73955e+08	      1.06861	      1.06842	      1.08370	      1.08501	      1.09810	      1.10011	      1.09766	      1.09530	      1.11063	      1.10944	      1.12335	      1.11858	
  1.74035e+08	      1.06797	      1.06985	      1.08066	      1.08610	      1.09801	      1.09932	      1.09960	      1.09383	      1.10852	      1.10834	      1.11967	      1.11719	
  1.74115e+08	      1.06589	      1.06885	      1.07830	      1.08730	      1.09656	      1.09838	      1.09959	      1.08511	      1.10493	      1.10401	      1.11801	      1.11322	
  1.74195e+08	      1.06564	      1.07221	      1.08216	      1.08350	      1.09833	      1.09731	      1.09870	      1.08914	      1.10379	      1.10463	      1.11954	      1.11435	
  1.74275e+08	      1.06660	      1.07041	      1.08262	      1.08435	      1.09726	      1.09666	      1.09637	      1.08978	      1.10437	      1.10396	      1.11819	      1.11407	
  1.74355e+08	      1.06480	      1.07214	      1.08144	      1.08430	      1.09550	      1.09793	      1.09648	      1.09044	      1.10465	      1.10453	      1.11607	      1.11522	
  1.74435e+08	      1.06588	      1.07475	      1.08157	      1.08145	      1.09441	      1.09369	      1.09616	      1.08416	      1.10324	      1.10367	      1.11427	      1.11295	
  1.74515e+08	      1.06714	      1.07371	      1.08012	      1.07861	      1.09348	      1.09352	      1.09751	      1.08487	      1.09853	      1.10182	      1.11559	      1.10949	
  1.74595e+08	      1.05073	      1.05887	      1.06461	      1.06304	      1.07691	      1.07718	      1.08143	      1.07273	      1.08279	      1.08515	      1.09788	      1.09351	
  1.74675e+08	      0.00000	      0.00000	      0.00000	      0.00000	      0.00000	      0.00000	      0.00000	      0.00000	      0.00000	      0.00000	      0.00000	      0.00000	
  1.74755e+08	      0.00000	      0.00000	      0.00000	      0.00000	      0.00000	      0.00000	      0.00000	      0.00000	      0.00000	      0.00000	      0.00000	      0.00000	
  1.74835e+08	      1.04491	      1.05102	      1.05522	      1.05869	      1.07077	      1.07415	      1.07286	      1.06702	      1.07577	      1.07828	      1.08818	      1.08457	
  1.74915e+08	      1.06402	      1.06950	      1.07404	      1.07705	      1.08942	      1.09099	      1.09145	      1.08217	      1.09824	      1.10011	      1.10781	      1.10252	
  1.74995e+08	      1.06586	      1.06689	      1.07725	      1.07861	      1.09104	      1.09190	      1.09059	      1.08534	      1.09591	      1.09904	      1.10829	      1.10356	
  1.75075e+08	      1.06382	      1.06510	      1.07755	      1.07846	      1.08950	      1.08826	      1.09104	      1.08690	      1.09569	      1.09797	      1.10743	      1.10012	
  1.75155e+08	      1.06285	      1.06524	      1.07787	      1.07638	      1.08843	      1.08917	      1.08969	      1.08513	      1.09692	      1.09433	      1.10489	      1.09968	
  1.75235e+08	      1.06208	      1.06403	      1.07866	      1.07651	      1.08682	      1.08797	      1.08991	      1.08235	      1.09491	      1.09324	      1.10422	      1.09685	
  1.75315e+08	      1.06054	      1.06288	      1.07819	      1.07633	      1.08551	      1.08570	      1.08350	      1.08136	      1.09429	      1.09257	      1.10212	      1.09787	
  1.75395e+08	      1.06086	      1.06276	      1.07526	      1.07390	      1.08440	      1.08387	      1.08222	      1.08264	      1.08985	      1.09212	      1.09839	      1.09487	
  1.75475e+08	      1.05991	      1.06620	      1.07343	      1.07365	      1.08430	      1.08413	      1.08264	      1.08410	      1.09118	      1.08990	      1.09759	      1.09482	
  1.75555e+08	      1.06188	      1.06686	      1.06921	      1.07279	      1.08484	      1.08295	      1.08204	      1.08416	      1.09123	      1.08981	      1.09595	      1.09349	
  1.75635e+08	      1.06015	      1.06746	      1.06743	      1.07053	      1.08202	      1.08167	      1.07971	      1.07949	      1.08847	      1.08687	      1.09487	      1.09422	
  1.75715e+08	      1.06045	      1.06789	      1.06775	      1.07074	      1.08330	      1.08065	      1.07945	      1.07812	      1.08465	      1.08789	      1.09337	      1.09042	
  1.75795e+08	      1.05985	      1.06719	      1.06869	      1.06968	      1.07981	      1.07878	      1.07606	      1.07754	      1.08509	      1.08474	      1.08876	      1.08847	
  1.75875e+08	      1.04615	      1.05283	      1.05713	      1.05377	      1.06467	      1.06464	      1.06323	      1.06627	      1.06918	      1.06841	      1.07213	      1.07189	
  1.75955e+08	      0.00000	      0.00000	      0.00000	      0.00000	      0.00000	      0.00000	      0.00000	      0.00000	      0.00000	      0.00000	      0.00000	      0.00000	
  1.76035e+08	      0.00000	      0.00000	      0.00000	      0.00000	      0.00000	      0.00000	      0.00000	      0.00000	      0.00000	      0.00000	      0.00000	      0.00000	
  1.76115e+08	      1.04399	      1.04592	      1.05066	      1.04830	      1.05520	      1.05808	      1.05299	      1.05739	      1.06221	      1.06099	      1.06452	      1.06424	
  1.76195e+08	      1.06125	      1.06306	      1.06688	      1.06428	      1.07273	      1.07329	      1.07233	      1.07572	      1.08067	      1.08025	      1.08755	      1.08392	
  1.76275e+08	      1.06080	      1.06096	      1.06584	      1.06497	      1.07169	      1.07352	      1.07472	      1.07763	      1.08139	      1.07714	      1.08728	      1.08358	
  1.76355e+08	      1.06180	      1.05871	      1.06438	      1.06517	      1.07215	      1.07338	      1.06986	      1.07320	      1.08003	      1.07781	      1.08605	      1.08393	
  1.76435e+08	      1.06142	      1.05718	      1.06180	      1.06498	      1.06755	      1.07193	      1.06447	      1.07114	      1.07612	      1.07479	      1.08470	      1.08243	
  1.76515e+08	      1.05909	      1.05668	      1.06226	      1.06541	      1.06674	      1.07034	      1.06320	      1.06796	      1.07716	      1.07479	      1.08449	      1.08307	
  1.76595e+08	      1.05753	      1.05402	      1.06480	      1.06543	      1.06765	      1.07058	      1.06190	      1.06866	      1.07469	      1.07303	      1.08066	      1.08033	
  1.76675e+08	      1.05533	      1.05603	      1.06341	      1.06323	      1.06570	      1.06827	      1.05372	      1.06166	      1.07103	      1.06962	      1.07750	      1.07574	
  1.76755e+08	      1.05514	      1.05625	      1.06489	      1.06262	      1.06797	      1.06617	      1.05484	      1.06460	      1.07311	      1.06843	      1.07901	      1.07492	
  1.76835e+08	      1.05524	      1.05574	      1.06193	      1.05939	      1.06657	      1.06537	      1.05496	      1.06292	      1.07155	      1.06939	      1.07610	      1.07388	
  1.76915e+08	      1.05252	      1.05752	      1.05886	      1.05638	      1.06475	      1.06455	      1.05554	      1.06381	      1.06752	      1.06883	      1.07410	      1.07313	
  1.76995e+08	      1.05158	      1.05621	      1.05570	      1.05502	      1.06315	      1.06364	      1.05627	      1.06601	      1.06811	      1.06907	      1.07069	      1.06918	
  1.77075e+08	      1.04952	      1.05741	      1.05275	      1.05350	      1.06218	      1.06136	      1.05679	      1.06353	      1.06757	      1.06723	      1.06951	      1.06809	
  1.77155e+08	      1.03504	      1.04099	      1.03492	      1.03749	      1.04683	      1.04737	      1.04306	      1.04676	      1.05160	      1.05112	      1.05388	      1.05146	
  1.77235e+08	      0.00000	      0.00000	      0.00000	      0.00000	      0.00000	      0.00000	      0.00000	      0.00000	      0.00000	      0.00000	      0.00000	      0.00000	
  1.77315e+08	      0.00000	      0.00000	      0.00000	      0.00000	      0.00000	      0.00000	      0.00000	      0.00000	      0.00000	      0.00000	      0.00000	      0.00000	
  1.77395e+08	      1.02893	      1.03400	      1.03206	      1.03345	      1.04072	      1.03916	      1.03648	      1.03810	      1.03837	      1.04245	      1.05089	      1.04537	
  1.77475e+08	      1.04922	      1.04921	      1.05227	      1.05287	      1.05543	      1.05671	      1.05471	      1.05796	      1.05824	      1.06144	      1.06898	      1.06595	
  1.77555e+08	      1.04869	      1.04893	      1.05507	      1.05238	      1.05630	      1.05660	      1.05251	      1.05667	      1.06023	      1.06147	      1.06904	      1.06407	
  1.77635e+08	      1.04660	      1.04459	      1.05241	      1.05212	      1.05470	      1.05440	      1.05635	      1.05452	      1.05786	      1.06038	      1.06447	      1.06316	
  1.77715e+08	      1.04534	      1.04376	      1.05138	      1.04986	      1.05353	      1.05454	      1.05277	      1.05244	      1.05797	      1.05942	      1.06423	      1.05970	
  1.77795e+08	      1.04306	      1.04152	      1.04985	      1.04898	      1.05296	      1.05089	      1.05386	      1.05275	      1.05886	      1.05989	      1.06141	      1.05930	
  1.77875e+08	      1.04086	      1.03890	      1.04617	      1.04680	      1.05193	      1.05035	      1.05023	      1.05184	      1.05726	      1.05822	      1.05898	      1.05877	
  1.77955e+08	      1.03931	      1.04132	      1.04186	      1.04395	      1.04868	      1.04755	      1.05189	      1.04726	      1.05582	      1.05811	      1.05668	      1.05634	
  1.78035e+08	      1.03896	      1.04204	      1.03981	      1.04436	      1.04807	      1.04764	      1.05107	      1.04853	      1.05592	      1.05733	      1.05704	      1.05323	
  1.78115e+08	      1.03852	      1.04175	      1.04043	      1.04404	      1.04732	      1.04683	      1.05214	      1.04900	      1.05526	      1.05529	      1.05301	      1.05201	
  1.78195e+08	      1.03926	      1.04279	      1.04021	      1.04464	      1.04642	      1.04598	      1.05414	      1.05210	      1.05429	      1.05439	      1.05373	      1.05249	
  1.78275e+08	      1.03919	      1.04405	      1.04066	      1.04346	      1.04673	      1.04440	      1.05111	      1.05088	      1.05101	      1.04970	      1.05123	      1.04882	
  1.78355e+08	      1.03723	      1.04278	      1.04163	      1.04270	      1.04553	      1.04169	      1.05133	      1.04846	      1.04834	      1.04949	      1.04964	      1.04701	
  1.78435e+08	      1.02380	      1.02890	      1.02853	      1.02706	      1.02946	      1.02758	      1.03497	      1.03069	      1.03505	      1.03367	      1.03302	      1.03174	
  1.78515e+08	      0.00000	      0.00000	      0.00000	      0.00000	      0.00000	      0.00000	      0.00000	      0.00000	      0.00000	      0.00000	      0.00000	      0.00000	
  1.78595e+08	      0.00000	      0.00000	      0.00000	      0.00000	      0.00000	      0.00000	      0.00000	      0.00000	      0.00000	      0.00000	      0.00000	      0.00000	
  1.78675e+08	      1.01522	      1.02000	      1.01957	      1.01867	      1.02268	      1.02157	      1.02867	      1.02900	      1.02562	      1.02583	      1.02603	      1.02464	
  1.78755e+08	      1.03520	      1.03745	      1.03660	      1.03705	      1.03829	      1.03800	      1.04369	      1.04424	      1.04429	      1.04361	      1.04515	      1.04251	
  1.78835e+08	      1.03484	      1.03478	      1.03488	      1.03641	      1.03962	      1.03913	      1.04192	      1.04501	      1.04231	      1.04174	      1.04341	      1.04164	
  1.78915e+08	      1.03509	      1.03254	      1.03443	      1.03662	      1.04115	      1.03684	      1.04154	      1.04350	      1.04139	      1.04128	      1.04362	      1.04167	
  1.78995e+08	      1.03156	      1.02948	      1.03561	      1.03637	      1.03895	      1.03610	      1.04436	      1.04788	      1.04289	      1.04002	      1.04269	      1.03856	
  1.79075e+08	      1.03239	      1.02809	      1.03569	      1.03718	      1.03638	      1.03534	      1.04282	      1.04456	      1.04289	      1.04058	      1.03960	      1.03718	
  1.79155e+08	      1.03118	      1.02613	      1.03535	      1.03519	      1.03607	      1.03355	      1.03893	      1.03877	      1.04071	      1.04069	      1.03807	      1.03944	
  1.79235e+08	      1.02876	      1.02895	      1.03511	      1.03186	      1.03425	      1.03085	      1.03717	      1.03501	      1.03660	      1.03908	      1.03587	      1.03271	
  1.79315e+08	      1.03136	      1.02826	      1.03489	      1.03099	      1.03196	      1.03061	      1.03674	      1.03653	      1.03812	      1.03912	      1.03625	      1.03348	
  1.79395e+08	      1.03127	      1.02948	      1.03130	      1.02939	      1.03232	      1.02966	      1.03684	      1.03889	      1.03734	      1.03647	      1.03734	      1.03448	
  1.79475e+08	      1.02998	      1.03075	      1.02718	      1.02892	      1.03192	      1.02672	      1.03358	      1.03451	      1.03533	      1.03698	      1.03384	      1.03165	
  1.79555e+08	      1.02858	      1.03092	      1.02305	      1.02767	      1.02961	      1.02690	      1.03566	      1.03116	      1.03638	      1.03358	      1.03109	      1.03084	
  1.79635e+08	      1.02803	      1.03062	      1.02433	      1.02630	      1.02661	      1.02534	      1.03235	      1.02783	      1.03258	      1.03294	      1.02922	      1.02961	
  1.79715e+08	      1.01138	      1.01765	      1.00778	      1.01207	      1.01308	      1.01118	      1.02042	      1.01513	      1.01678	      1.01646	      1.01488	      1.01274	
  1.79795e+08	      0.00000	      0.00000	      0.00000	      0.00000	      0.00000	      0.00000	      0.00000	      0.00000	      0.00000	      0.00000	      0.00000	      0.00000	
  1.79875e+08	      0.00000	      0.00000	      0.00000	      0.00000	      0.00000	      0.00000	      0.00000	      0.00000	      0.00000	      0.00000	      0.00000	      0.00000	
  1.79955e+08	      1.00580	      1.00979	      1.00999	      1.01015	      1.00793	      1.00600	      1.00707	      1.00968	      1.00857	      1.00896	      1.00561	      1.00674	
  1.80035e+08	      1.02500	      1.02812	      1.02787	      1.02520	      1.02143	      1.02243	      1.02346	      1.02730	      1.02621	      1.02711	      1.02320	      1.02357	
  1.80115e+08	      1.02702	      1.02679	      1.02730	      1.02599	      1.02341	      1.02286	      1.02166	      1.02834	      1.02574	      1.02631	      1.02484	      1.02552	
  1.80195e+08	      1.02803	      1.02389	      1.02721	      1.02413	      1.02028	      1.02207	      1.01982	      1.03119	      1.02410	      1.02498	      1.02316	      1.02469	
  1.80275e+08	      1.02582	      1.02250	      1.02260	      1.02400	      1.02101	      1.02123	      1.01967	      1.02737	      1.02320	      1.02391	      1.01905	      1.02324	
  1.80355e+08	      1.02401	      1.02043	      1.01935	      1.02203	      1.02018	      1.02078	      1.01775	      1.02153	      1.02313	      1.02415	      1.01855	      1.02200	
  1.80435e+08	      1.02417	      1.01965	      1.01765	      1.02429	      1.01859	      1.01942	      1.01672	      1.02154	      1.02095	      1.02276	      1.01812	      1.02096	
  1.80515e+08	      1.02244	      1.01861	      1.01677	      1.02044	      1.01535	      1.01835	      1.01353	      1.02127	      1.01775	      1.02096	      1.01786	      1.01956	
  1.80595e+08	      1.02190	      1.01791	      1.01742	      1.02466	      1.01599	      1.01695	      1.01922	      1.02235	      1.01894	      1.02168	      1.01720	      1.01920	
  1.80675e+08	      1.02205	      1.02018	      1.02050	      1.02325	      1.01399	      1.01643	      1.01794	      1.02378	      1.01806	      1.02068	      1.01597	      1.01903	
  1.80755e+08	      1.02046	      1.02004	      1.02281	      1.02316	      1.01306	      1.01578	      1.01486	      1.01832	      1.01722	      1.02056	      1.01522	      1.01620	
  1.80835e+08	      1.02131	      1.02110	      1.02265	      1.02186	      1.01220	      1.01483	      1.01672	      1.01861	      1.01114	      1.01921	      1.01488	      1.01623	
  1.80915e+08	      1.02012	      1.02192	      1.02098	      1.02074	      1.01177	      1.01478	      1.01190	      1.01786	      1.01275	      1.01826	      1.01264	      1.01518	
  1.80995e+08	      1.00462	      1.00889	      1.00453	      1.00487	     0.997617	      1.00093	      1.00011	      1.00781	     0.999641	      1.00210	     0.997462	     0.997839	
  1.81075e+08	      0.00000	      0.00000	      0.00000	      0.00000	      0.00000	      0.00000	      0.00000	      0.00000	      0.00000	      0.00000	      0.00000	      0.00000	
  1.81155e+08	      0.00000	      0.00000	      0.00000	      0.00000	      0.00000	      0.00000	      0.00000	      0.00000	      0.00000	      0.00000	      0.00000	      0.00000	
  1.81235e+08	      1.00229	      1.00173	     0.995564	      1.00077	     0.991127	     0.995214	     0.994102	     0.993757	     0.992213	     0.997475	     0.989233	     0.992128	
  1.81315e+08	      1.02155	      1.02090	      1.01291	      1.01646	      1.00856	      1.01148	      1.01378	      1.01496	      1.01272	      1.01422	      1.00874	      1.01031	
  1.81395e+08	      1.01987	      1.01913	      1.01285	      1.01918	      1.00916	      1.01229	      1.01140	      1.01296	      1.01255	      1.01637	      1.00682	      1.00884	
  1.81475e+08	      1.01799	      1.01564	      1.01699	      1.01897	      1.01008	      1.01286	      1.00973	      1.01240	      1.01224	      1.01602	      1.00633	      1.00609	
  1.81555e+08	      1.01759	      1.01345	      1.01713	      1.01765	      1.01054	      1.01060	      1.01047	      1.00984	      1.01103	      1.01455	      1.00413	      1.00544	
  1.81635e+08	      1.01605	      1.01121	      1.01933	      1.01722	      1.00698	      1.00979	      1.01104	      1.00785	      1.01053	      1.01448	      1.00493	      1.00337	
  1.81715e+08	      1.01459	      1.00876	      1.01990	      1.01681	      1.00642	      1.00934	      1.00725	      1.01122	      1.00914	      1.01272	      1.00237	      1.00303	
  1.81795e+08	      1.00941	      1.00778	      1.01578	      1.01496	      1.00470	      1.00795	      1.00638	      1.01105	      1.00752	      1.01162	      1.00194	     0.999964	
  1.81875e+08	      1.01181	      1.00954	      1.01497	      1.01462	      1.00291	      1.00697	      1.00517	      1.00610	      1.00952	      1.01255	      1.00378	      1.00246	
  1.81955e+08	      1.01157	      1.00946	      1.01275	      1.01454	      1.00242	      1.00689	      1.00414	      1.00409	      1.00881	      1.01076	      1.00314	      1.00161	
  1.82035e+08	      1.01320	      1.01047	      1.00951	      1.01312	      1.00254	      1.00643	      1.00276	      1.00681	      1.00801	      1.01061	      1.00024	      1.00066	
  1.82115e+08	      1.01212	      1.01228	      1.00766	      1.01246	      1.00165	      1.00468	      1.00612	      1.00979	      1.00543	      1.01088	      1.00063	      1.00260	
  1.82195e+08	      1.01131	      1.01362	      1.01092	      1.01261	      1.00090	      1.00285	      1.00582	      1.00915	      1.00531	      1.00882	     0.997403	     0.998821	
  1.82275e+08	     0.998141	      1.00100	     0.997596	     0.998612	     0.986550	     0.989690	     0.991742	     0.995401	     0.989300	     0.992730	     0.985931	     0.986700	
  1.82355e+08	      0.00000	      0.00000	      0.00000	      0.00000	      0.00000	      0.00000	      0.00000	      0.00000	      0.00000	      0.00000	      0.00000	      0.00000	
  1.82435e+08	      0.00000	      0.00000	      0.00000	      0.00000	      0.00000	      0.00000	      0.00000	      0.00000	      0.00000	      0.00000	      0.00000	      0.00000	
  1.82515e+08	     0.994037	     0.997369	     0.995917	     0.994333	     0.982843	     0.983425	     0.986541	     0.987652	     0.980937	     0.984117	     0.981270	     0.981133	
  1.82595e+08	      1.01359	      1.01712	      1.01533	      1.01131	     0.999079	      1.00007	      1.00445	      1.00665	     0.999606	      1.00393	     0.997913	     0.998680	
  1.82675e+08	      1.01664	      1.01619	      1.01263	      1.01240	     0.998070	      1.00002	      1.00691	      1.00440	     0.999330	      1.00379	     0.998396	      1.00012	
  1.82755e+08	      1.01467	      1.01380	      1.01310	      1.01129	     0.997508	     0.999615	      1.00605	      1.00412	     0.999717	      1.00348	     0.996156	     0.996763	
  1.82835e+08	      1.01391	      1.01215	      1.00963	      1.01200	     0.995680	     0.998190	      1.00463	      1.00441	     0.999667	      1.00340	     0.994946	     0.994367	
  1.82915e+08	      1.01396	      1.00933	      1.00900	      1.01232	     0.997050	     0.998585	      1.00465	      1.00706	     0.998890	      1.00259	     0.993698	     0.993510	
  1.82995e+08	      1.01087	      1.00755	      1.01046	      1.01197	     0.995063	     0.998361	      1.00578	      1.00660	     0.996746	      1.00045	     0.993102	     0.992183	
  1.83075e+08	      1.01131	      1.00715	      1.01305	      1.01202	     0.993797	     0.998088	      1.00440	      1.00187	     0.996508	     0.999991	     0.989432	     0.992396	
  1.83155e+08	      1.01254	      1.00822	      1.01225	      1.01087	     0.995372	     0.997363	      1.00433	     0.999622	     0.998181	      1.00169	     0.992927	     0.990258	
  1.83235e+08	      1.01137	      1.00907	      1.01302	      1.00956	     0.994786	     0.996228	     0.997870	      1.00169	     0.994897	      1.00213	     0.993669	     0.989544	
  1.83315e+08	      1.00973	      1.00952	      1.01307	      1.00899	     0.994467	     0.995495	     0.997515	      1.00108	     0.994370	      1.00125	     0.993672	     0.989364	
  1.83395e+08	      1.01054	      1.01131	      1.01102	      1.00684	     0.992263	     0.996186	     0.997166	      1.00097	     0.993941	      1.00074	     0.990004	     0.987580	
  1.83475e+08	      1.00810	      1.01157	      1.00809	      1.00700	     0.992754	     0.995347	     0.994267	      1.00096	     0.993905	     0.999928	     0.987894	     0.987530	
  1.83555e+08	     0.995049	     0.998758	     0.991661	     0.993589	     0.979618	     0.982634	     0.985525	     0.984079	     0.975738	     0.984501	     0.973497	     0.974104	
  1.83635e+08	      0.00000	      0.00000	      0.00000	      0.00000	      0.00000	      0.00000	      0.00000	      0.00000	      0.00000	      0.00000	      0.00000	      0.00000	
  1.83715e+08	      0.00000	      0.00000	      0.00000	      0.00000	      0.00000	      0.00000	      0.00000	      0.00000	      0.00000	      0.00000	      0.00000	      0.00000	
  1.83795e+08	     0.990515	     0.995651	     0.987063	     0.990631	     0.976021	     0.977204	     0.979294	     0.985141	     0.969819	     0.977436	     0.966126	     0.967859	
  1.83875e+08	      1.01132	      1.01422	      1.00438	      1.00795	     0.992094	     0.994405	     0.998611	     0.999240	     0.990509	     0.996842	     0.983020	     0.984120	
  1.83955e+08	      1.01014	      1.01403	      1.00731	      1.00731	     0.991693	     0.994321	     0.999423	      1.00080	     0.990612	     0.998325	     0.984383	     0.984837	
  1.84035e+08	      1.01263	      1.01305	      1.00754	      1.00764	     0.989232	     0.994110	      1.00041	      1.00099	     0.991663	      1.00039	     0.983940	     0.985364	
  1.84115e+08	      1.00874	      1.01148	      1.00817	      1.00627	     0.989816	     0.992406	     0.998243	      1.00468	     0.991031	     0.998831	     0.984952	     0.984496	
  1.84195e+08	      1.00953	      1.00842	      1.00754	      1.00453	     0.988751	     0.992352	      1.00105	      1.00522	     0.990763	     0.998045	     0.982979	     0.982261	
  1.84275e+08	      1.00636	      1.00433	      1.00376	      1.00381	     0.988370	     0.990161	     0.997672	     0.999726	     0.989616	     0.995909	     0.983517	     0.983336	
  1.84355e+08	      1.00474	      1.00334	      1.00002	      1.00266	     0.985983	     0.988841	     0.999525	     0.997787	     0.990402	     0.992584	     0.980964	     0.982435	
  1.84435e+08	      1.00533	      1.00285	      1.00067	      1.00333	     0.988102	     0.990947	     0.997418	      1.00080	     0.990309	     0.996151	     0.979597	     0.981386	
  1.84515e+08	      1.00288	      1.00243	     0.999999	      1.00405	     0.986878	     0.988825	     0.997986	     0.999919	     0.989814	     0.996493	     0.978556	     0.980172	
  1.84595e+08	      1.00231	      1.00237	     0.999539	      1.00415	     0.988273	     0.989115	     0.995966	     0.999965	     0.988304	     0.994190	     0.977299	     0.977657	
  1.84675e+08	      1.00166	      1.00424	      1.00140	      1.00427	     0.988098	     0.988760	     0.993336	     0.995010	     0.988648	     0.993550	     0.974078	     0.978632	
  1.84755e+08	      1.00230	      1.00510	      1.00353	      1.00269	     0.986871	     0.986376	     0.992021	     0.994041	     0.987779	     0.990934	     0.973681	     0.974708	
  1.84835e+08	     0.985711	     0.992188	     0.988927	     0.988184	     0.972989	     0.973169	     0.980644	     0.984979	     0.972935	     0.978135	     0.962354	     0.961442	
  1.84915e+08	      0.00000	      0.00000	      0.00000	      0.00000	      0.00000	      0.00000	      0.00000	      0.00000	      0.00000	      0.00000	      0.00000	      0.00000	
  1.84995e+08	      0.00000	      0.00000	      0.00000	      0.00000	      0.00000	      0.00000	      0.00000	      0.00000	      0.00000	      0.00000	      0.00000	      0.00000	
  1.85075e+08	     0.985285	     0.991513	     0.983889	     0.981055	     0.967932	     0.968530	     0.973294	     0.975688	     0.965455	     0.969900	     0.953480	     0.955553	
  1.85155e+08	      1.00259	      1.00996	     0.998470	     0.999110	     0.983684	     0.984111	     0.988722	     0.993274	     0.982136	     0.989735	     0.970542	     0.972855	
  1.85235e+08	      1.00599	      1.00983	     0.998208	      1.00038	     0.983283	     0.984869	     0.991694	     0.997522	     0.984547	     0.988430	     0.972993	     0.974454	
  1.85315e+08	      1.00402	      1.00696	     0.998635	      1.00066	     0.983223	     0.983620	     0.991615	     0.996721	     0.981907	     0.988052	     0.971546	     0.971161	
  1.85395e+08	      1.00396	      1.00503	     0.998993	     0.999037	     0.982253	     0.982555	     0.990460	     0.999263	     0.981099	     0.986788	     0.970065	     0.973332	
  1.85475e+08	      1.00285	      1.00223	      1.00032	      1.00065	     0.981884	     0.982728	     0.992078	     0.996460	     0.979604	     0.986174	     0.968117	     0.971039	
  1.85555e+08	      1.00248	     0.999639	      1.00068	     0.999042	     0.979531	     0.982422	     0.989112	     0.993329	     0.979188	     0.985738	     0.967040	     0.967448	
  1.85635e+08	      1.00009	     0.995576	      1.00162	     0.997277	     0.979585	     0.980795	     0.987385	     0.992908	     0.978514	     0.985041	     0.963820	     0.967174	
  1.85715e+08	     0.999408	     0.996201	      1.00165	     0.996865	     0.980430	     0.981043	     0.988566	     0.990509	     0.979360	     0.983834	     0.964282	     0.966415	
  1.85795e+08	     0.998618	     0.996841	      1.00026	     0.996611	     0.979915	     0.978888	     0.989528	     0.992729	     0.977803	     0.983842	     0.963012	     0.964698	
  1.85875e+08	     0.997252	     0.996771	     0.996874	     0.995554	     0.979553	     0.980096	     0.988572	     0.988609	     0.976822	     0.982695	     0.964487	     0.963767	
  1.85955e+08	     0.996777	     0.996498	     0.995222	     0.994455	     0.978487	     0.978875	     0.982519	     0.986636	     0.979346	     0.981865	     0.961278	     0.961959	
  1.86035e+08	     0.994274	     0.999310	     0.991616	     0.992418	     0.976133	     0.975728	     0.983502	     0.990055	     0.976926	     0.978704	     0.961797	     0.962684	
  1.86115e+08	     0.981546	     0.986594	     0.977163	     0.976786	     0.963166	     0.961951	     0.968500	     0.975642	     0.957958	     0.963203	     0.947610	     0.946340	
  1.86195e+08	      0.00000	      0.00000	      0.00000	      0.00000	      0.00000	      0.00000	      0.00000	      0.00000	      0.00000	      0.00000	      0.00000	      0.00000	
  1.86275e+08	      0.00000	      0.00000	      0.00000	      0.00000	      0.00000	      0.00000	      0.00000	      0.00000	      0.00000	      0.00000	      0.00000	      0.00000	
  1.86355e+08	     0.977838	     0.985172	     0.978313	     0.977096	     0.957195	     0.956765	     0.966702	     0.970316	     0.956554	     0.958868	     0.939921	     0.941203	
  1.86435e+08	     0.996168	      1.00289	     0.996634	     0.992719	     0.973257	     0.972887	     0.983682	     0.987080	     0.973118	     0.975275	     0.955138	     0.956724	
  1.86515e+08	     0.998187	      1.00371	     0.997612	     0.992896	     0.972476	     0.971809	     0.982984	     0.986646	     0.974383	     0.976535	     0.956565	     0.957826	
  1.86595e+08	     0.995314	      1.00199	     0.996646	     0.992592	     0.972808	     0.971768	     0.982730	     0.982123	     0.973776	     0.973407	     0.953814	     0.957264	
  1.86675e+08	     0.995314	     0.998759	     0.993921	     0.989622	     0.972244	     0.971564	     0.978705	     0.981188	     0.972904	     0.974604	     0.953395	     0.957104	
  1.86755e+08	     0.996772	     0.998605	     0.991219	     0.990180	     0.972442	     0.970996	     0.978027	     0.976349	     0.970276	     0.972288	     0.951437	     0.954780	
  1.86835e+08	     0.993932	     0.994311	     0.987737	     0.989880	     0.969886	     0.969134	     0.973276	     0.980053	     0.970479	     0.971976	     0.950611	     0.951739	
  1.86915e+08	     0.992209	     0.991634	     0.986360	     0.990365	     0.968846	     0.967799	     0.971470	     0.977395	     0.966837	     0.971431	     0.948333	     0.948913	
  1.86995e+08	     0.990909	     0.990770	     0.987381	     0.990579	     0.968788	     0.967806	     0.970700	     0.974339	     0.967787	     0.968195	     0.950066	     0.951376	
  1.87075e+08	     0.990914	     0.989953	     0.988154	     0.988495	     0.968483	     0.967487	     0.972534	     0.972803	     0.967944	     0.967504	     0.949337	     0.949067	
  1.87155e+08	     0.989828	     0.990238	     0.989288	     0.988382	     0.967673	     0.965732	     0.969754	     0.972347	     0.967676	     0.966162	     0.948621	     0.949060	
  1.87235e+08	     0.988842	     0.991033	     0.989381	     0.986534	     0.968208	     0.966926	     0.969308	     0.974890	     0.964572	     0.963784	     0.948243	     0.949244	
  1.87315e+08	     0.987476	     0.989629	     0.987835	     0.984676	     0.967465	     0.964478	     0.971460	     0.970052	     0.964340	     0.961845	     0.944845	     0.946419	
  1.87395e+08	     0.972875	     0.977073	     0.972673	     0.969779	     0.953594	     0.951296	     0.955565	     0.955107	     0.945339	     0.947764	     0.932704	     0.931900	
  1.87475e+08	      0.00000	      0.00000	      0.00000	      0.00000	      0.00000	      0.00000	      0.00000	      0.00000	      0.00000	      0.00000	      0.00000	      0.00000	
  1.87555e+08	      0.00000	      0.00000	      0.00000	      0.00000	      0.00000	      0.00000	      0.00000	      0.00000	      0.00000	      0.00000	      0.00000	      0.00000	
  1.87635e+08	     0.945576	     0.947975	     0.929265	     0.927238	     0.930161	     0.926927	     0.923995	     0.922780	     0.920700	     0.912386	     0.915225	     0.914227	
  1.87715e+08	     0.953317	     0.952913	     0.929238	     0.927338	     0.936691	     0.930624	     0.931204	     0.925729	     0.925684	     0.915695	     0.927914	     0.925677	
  1.87795e+08	     0.949770	     0.946559	     0.924022	     0.920581	     0.931342	     0.926470	     0.926081	     0.918475	     0.922844	     0.911128	     0.923318	     0.922101	
  1.87875e+08	     0.948492	     0.944032	     0.924477	     0.921132	     0.931837	     0.926379	     0.922998	     0.916991	     0.922883	     0.910078	     0.923327	     0.921463	
  1.87955e+08	     0.947761	     0.941729	     0.926250	     0.920354	     0.930654	     0.925385	     0.925565	     0.917018	     0.919908	     0.909586	     0.919666	     0.920223	
  1.88035e+08	     0.947278	     0.938685	     0.926363	     0.920281	     0.928959	     0.924465	     0.924590	     0.918639	     0.920106	     0.908786	     0.916789	     0.919158	
  1.88115e+08	     0.946754	     0.936631	     0.925907	     0.920207	     0.928037	     0.922295	     0.920027	     0.917544	     0.917004	     0.907364	     0.917514	     0.917810	
  1.88195e+08	     0.944241	     0.933716	     0.924792	     0.918534	     0.925219	     0.920276	     0.916338	     0.911321	     0.916347	     0.905337	     0.915022	     0.916751	
  1.88275e+08	     0.944189	     0.933231	     0.923177	     0.917126	     0.925715	     0.921198	     0.917647	     0.912093	     0.914563	     0.905537	     0.915443	     0.915872	
  1.88355e+08	     0.942660	     0.932293	     0.920738	     0.916674	     0.923970	     0.919644	     0.918631	     0.912891	     0.915147	     0.904472	     0.913697	     0.915093	
  1.88435e+08	     0.941841	     0.931786	     0.920044	     0.916502	     0.923201	     0.917582	     0.916520	     0.913769	     0.916001	     0.903832	     0.913205	     0.914003	
  1.88515e+08	     0.940302	     0.931580	     0.919183	     0.917544	     0.922123	     0.917959	     0.917924	     0.910479	     0.915749	     0.901046	     0.911371	     0.913014	
  1.88595e+08	     0.943062	     0.935386	     0.921694	     0.920112	     0.923470	     0.919524	     0.922323	     0.913861	     0.917410	     0.907533	     0.912367	     0.910292	
  1.88675e+08	     0.937795	     0.936062	     0.923224	     0.921850	     0.918857	     0.917567	     0.919171	     0.911345	     0.912171	     0.903505	     0.900890	     0.902458	
  1.88755e+08	      0.00000	      0.00000	      0.00000	      0.00000	      0.00000	      0.00000	      0.00000	      0.00000	      0.00000	      0.00000	      0.00000	      0.00000	
  1.88835e+08	      0.00000	      0.00000	      0.00000	      0.00000	      0.00000	      0.00000	      0.00000	      0.00000	      0.00000	      0.00000	      0.00000	      0.00000	
  1.88915e+08	     0.935309	     0.937902	     0.925706	     0.918720	     0.913622	     0.912018	     0.915174	     0.910794	     0.906909	     0.902592	     0.892290	     0.896343	
  1.88995e+08	     0.942304	     0.944290	     0.926316	     0.921066	     0.920724	     0.918683	     0.919239	     0.914209	     0.914521	     0.906408	     0.906331	     0.906825	
  1.89075e+08	     0.939802	     0.938904	     0.920318	     0.915618	     0.916631	     0.912550	     0.914411	     0.908194	     0.911553	     0.901974	     0.904147	     0.904145	
  1.89155e+08	     0.939133	     0.937447	     0.919327	     0.914296	     0.915578	     0.912772	     0.915279	     0.909194	     0.909728	     0.900268	     0.905421	     0.904109	
  1.89235e+08	     0.938560	     0.936364	     0.916631	     0.914121	     0.915476	     0.910821	     0.915033	     0.911406	     0.908123	     0.898000	     0.904362	     0.902659	
  1.89315e+08	     0.939188	     0.934126	     0.914767	     0.913406	     0.916254	     0.910720	     0.911335	     0.910680	     0.906987	     0.899538	     0.903703	     0.900350	
  1.89395e+08	     0.937566	     0.931800	     0.915438	     0.911617	     0.915246	     0.910374	     0.912563	     0.911714	     0.906283	     0.896574	     0.901708	     0.899841	
  1.89475e+08	     0.936157	     0.929205	     0.914919	     0.909978	     0.912534	     0.909296	     0.909595	     0.905909	     0.902476	     0.893678	     0.900159	     0.896704	
  1.89555e+08	     0.934977	     0.926921	     0.915331	     0.909573	     0.913479	     0.908279	     0.910800	     0.909366	     0.903031	     0.893587	     0.899025	     0.895965	
  1.89635e+08	     0.933047	     0.925363	     0.916777	     0.908845	     0.911619	     0.907642	     0.910026	     0.908772	     0.901597	     0.893645	     0.897985	     0.895948	
  1.89715e+08	     0.932582	     0.924750	     0.916101	     0.906713	     0.911301	     0.908049	     0.911594	     0.909768	     0.900564	     0.891512	     0.897031	     0.895571	
  1.89795e+08	     0.931608	     0.925898	     0.914038	     0.907713	     0.910926	     0.907502	     0.909707	     0.908919	     0.899086	     0.891720	     0.894356	     0.893813	
  1.89875e+08	     0.934312	     0.928997	     0.915262	     0.910894	     0.913223	     0.909544	     0.912489	     0.909768	     0.899055	     0.892726	     0.893845	     0.894094	
  1.89955e+08	     0.927867	     0.927436	     0.916101	     0.912101	     0.906534	     0.905489	     0.909741	     0.909604	     0.894068	     0.891386	     0.881164	     0.884134	
  1.90035e+08	      0.00000	      0.00000	      0.00000	      0.00000	      0.00000	      0.00000	      0.00000	      0.00000	      0.00000	      0.00000	      0.00000	      0.00000	
  1.90115e+08	      0.00000	      0.00000	      0.00000	      0.00000	      0.00000	      0.00000	      0.00000	      0.00000	      0.00000	      0.00000	      0.00000	      0.00000	
  1.90195e+08	     0.925864	     0.930108	     0.910374	     0.910021	     0.901273	     0.900391	     0.903087	     0.904070	     0.889139	     0.888283	     0.877192	     0.879134	
  1.90275e+08	     0.937063	     0.937300	     0.913744	     0.914717	     0.910167	     0.906263	     0.910802	     0.907882	     0.898202	     0.895337	     0.890384	     0.891887	
  1.90355e+08	     0.933047	     0.934631	     0.910010	     0.907247	     0.907554	     0.902158	     0.905327	     0.906783	     0.894853	     0.891091	     0.888593	     0.888515	
  1.90435e+08	     0.931991	     0.932524	     0.910053	     0.907133	     0.906262	     0.901713	     0.904997	     0.907222	     0.893976	     0.888840	     0.886016	     0.889260	
  1.90515e+08	     0.933016	     0.930855	     0.909566	     0.904441	     0.905159	     0.900117	     0.902768	     0.903914	     0.893156	     0.889425	     0.886608	     0.888338	
  1.90595e+08	     0.931816	     0.927886	     0.908023	     0.904237	     0.905074	     0.899649	     0.900395	     0.899503	     0.891147	     0.886300	     0.884814	     0.885582	
  1.90675e+08	     0.930640	     0.926827	     0.907138	     0.904136	     0.902433	     0.897480	     0.899551	     0.897067	     0.891776	     0.885126	     0.884660	     0.884760	
  1.90755e+08	     0.927498	     0.921582	     0.905876	     0.903467	     0.899397	     0.895646	     0.899711	     0.896078	     0.888075	     0.884167	     0.878925	     0.883210	
  1.90835e+08	     0.926962	     0.919220	     0.904913	     0.903019	     0.898995	     0.895488	     0.898202	     0.898453	     0.887649	     0.885173	     0.882201	     0.882292	
  1.90915e+08	     0.925224	     0.917500	     0.902390	     0.903578	     0.897363	     0.895214	     0.899443	     0.896362	     0.887494	     0.882971	     0.881109	     0.882518	
  1.90995e+08	     0.924245	     0.916030	     0.903276	     0.902232	     0.896849	     0.893764	     0.896352	     0.894385	     0.887298	     0.882687	     0.879114	     0.883200	
  1.91075e+08	     0.921227	     0.915635	     0.902348	     0.902815	     0.896845	     0.893981	     0.894462	     0.893833	     0.885733	     0.881743	     0.878264	     0.879849	
  1.91155e+08	     0.923590	     0.917270	     0.907222	     0.906511	     0.897744	     0.894493	     0.896527	     0.898510	     0.886620	     0.881993	     0.879571	     0.881210	
  1.91235e+08	     0.917132	     0.918424	     0.908790	     0.905183	     0.893287	     0.890943	     0.893104	     0.895834	     0.881458	     0.879586	     0.869200	     0.872350	
  1.91315e+08	      0.00000	      0.00000	      0.00000	      0.00000	      0.00000	      0.00000	      0.00000	      0.00000	      0.00000	      0.00000	      0.00000	      0.00000	
  1.91395e+08	      0.00000	      0.00000	      0.00000	      0.00000	      0.00000	      0.00000	      0.00000	      0.00000	      0.00000	      0.00000	      0.00000	      0.00000	
  1.91475e+08	     0.915211	     0.918597	     0.903351	     0.903022	     0.888429	     0.887106	     0.887243	     0.890406	     0.878071	     0.878239	     0.864954	     0.867859	
  1.91555e+08	     0.922759	     0.924941	     0.906538	     0.905343	     0.896902	     0.893873	     0.895314	     0.899656	     0.886531	     0.884336	     0.875960	     0.878479	
  1.91635e+08	     0.920041	     0.921652	     0.898562	     0.898259	     0.894228	     0.890698	     0.893754	     0.895039	     0.884322	     0.880334	     0.875419	     0.878216	
  1.91715e+08	     0.918873	     0.922169	     0.898400	     0.898337	     0.892639	     0.889001	     0.892544	     0.894122	     0.884998	     0.880739	     0.872580	     0.876240	
  1.91795e+08	     0.918921	     0.920745	     0.898963	     0.898314	     0.889252	     0.888338	     0.894350	     0.891791	     0.885365	     0.879396	     0.872324	     0.875980	
  1.91875e+08	     0.920106	     0.917641	     0.898342	     0.898321	     0.890793	     0.887954	     0.891430	     0.891152	     0.883597	     0.879040	     0.873536	     0.875303	
  1.91955e+08	     0.917270	     0.915385	     0.900552	     0.898095	     0.889671	     0.887619	     0.892489	     0.894834	     0.883641	     0.876457	     0.871347	     0.873094	
  1.92035e+08	     0.916302	     0.911831	     0.901075	     0.897316	     0.888923	     0.884885	     0.888695	     0.893230	     0.880464	     0.873672	     0.868908	     0.870752	
  1.92115e+08	     0.915198	     0.910801	     0.900734	     0.896500	     0.888520	     0.885468	     0.890451	     0.892680	     0.881029	     0.875035	     0.868144	     0.871185	
  1.92195e+08	     0.916426	     0.908222	     0.900468	     0.896210	     0.888467	     0.885429	     0.890029	     0.889306	     0.879414	     0.875124	     0.866999	     0.869757	
  1.92275e+08	     0.916040	     0.906560	     0.897843	     0.895732	     0.886778	     0.884764	     0.889781	     0.888677	     0.880097	     0.872551	     0.865483	     0.866314	
  1.92355e+08	     0.913623	     0.906635	     0.896709	     0.893980	     0.885994	     0.885623	     0.887641	     0.891477	     0.876348	     0.869503	     0.865769	     0.868044	
  1.92435e+08	     0.914548	     0.909887	     0.898259	     0.897145	     0.886312	     0.885668	     0.890329	     0.893439	     0.877327	     0.872973	     0.864453	     0.867134	
  1.92515e+08	     0.909121	     0.907316	     0.895971	     0.897923	     0.881646	     0.881095	     0.883897	     0.887272	     0.871403	     0.867433	     0.854635	     0.860309	
  1.92595e+08	      0.00000	      0.00000	      0.00000	      0.00000	      0.00000	      0.00000	      0.00000	      0.00000	      0.00000	      0.00000	      0.00000	      0.00000	
  1.92675e+08	      0.00000	      0.00000	      0.00000	      0.00000	      0.00000	      0.00000	      0.00000	      0.00000	      0.00000	      0.00000	      0.00000	      0.00000	
  1.92755e+08	     0.907485	     0.910697	     0.897404	     0.895902	     0.879398	     0.875800	     0.881369	     0.886285	     0.868388	     0.865640	     0.847885	     0.854049	
  1.92835e+08	     0.916555	     0.917906	     0.902673	     0.900659	     0.886390	     0.884025	     0.887239	     0.893350	     0.879951	     0.874751	     0.862900	     0.866479	
  1.92915e+08	     0.914293	     0.915964	     0.899203	     0.894701	     0.884303	     0.881091	     0.883874	     0.886763	     0.876637	     0.871607	     0.862681	     0.865987	
  1.92995e+08	     0.913375	     0.916297	     0.899803	     0.893957	     0.884609	     0.881125	     0.880765	     0.881953	     0.875351	     0.870941	     0.861671	     0.864564	
  1.93075e+08	     0.915970	     0.914110	     0.897989	     0.893008	     0.883511	     0.881301	     0.879727	     0.882407	     0.875073	     0.871206	     0.860608	     0.864354	
  1.93155e+08	     0.913669	     0.912884	     0.894392	     0.892005	     0.883369	     0.880000	     0.880721	     0.882575	     0.872882	     0.870239	     0.862308	     0.864392	
  1.93235e+08	     0.914699	     0.911353	     0.892537	     0.891856	     0.883517	     0.878633	     0.882097	     0.880921	     0.874138	     0.870057	     0.860072	     0.863149	
  1.93315e+08	     0.912989	     0.907875	     0.892261	     0.892708	     0.882046	     0.878111	     0.877578	     0.877599	     0.871529	     0.869946	     0.859657	     0.861487	
  1.93395e+08	     0.912005	     0.907141	     0.890758	     0.890845	     0.882202	     0.878872	     0.877626	     0.880316	     0.871339	     0.868090	     0.859430	     0.860171	
  1.93475e+08	     0.911340	     0.904910	     0.892887	     0.890755	     0.880838	     0.879331	     0.879075	     0.881293	     0.871697	     0.866931	     0.860394	     0.860413	
  1.93555e+08	     0.908957	     0.902636	     0.893459	     0.891724	     0.880804	     0.877736	     0.878137	     0.881621	     0.871094	     0.866366	     0.859524	     0.858529	
  1.93635e+08	     0.907818	     0.901107	     0.895626	     0.891243	     0.879691	     0.877952	     0.880049	     0.878138	     0.868165	     0.864791	     0.858609	     0.857450	
  1.93715e+08	     0.908253	     0.904870	     0.899291	     0.894059	     0.881390	     0.879456	     0.879736	     0.881945	     0.870837	     0.867368	     0.856604	     0.857366	
  1.93795e+08	     0.902771	     0.901639	     0.897243	     0.893246	     0.876267	     0.875220	     0.876165	     0.877489	     0.862429	     0.863906	     0.846162	     0.847636	
  1.93875e+08	      0.00000	      0.00000	      0.00000	      0.00000	      0.00000	      0.00000	      0.00000	      0.00000	      0.00000	      0.00000	      0.00000	      0.00000	
  1.93955e+08	      0.00000	      0.00000	      0.00000	      0.00000	      0.00000	      0.00000	      0.00000	      0.00000	      0.00000	      0.00000	      0.00000	      0.00000	
  1.94035e+08	     0.900617	     0.904778	     0.891326	     0.891912	     0.874293	     0.874450	     0.876153	     0.875824	     0.859433	     0.860611	     0.842950	     0.843166	
  1.94115e+08	     0.910144	     0.913173	     0.894590	     0.895028	     0.882311	     0.881708	     0.882922	     0.881882	     0.868481	     0.868941	     0.855793	     0.854549	
  1.94195e+08	     0.906980	     0.909973	     0.891518	     0.891011	     0.880512	     0.878179	     0.883440	     0.877368	     0.866634	     0.865137	     0.854427	     0.854373	
  1.94275e+08	     0.908194	     0.909568	     0.891908	     0.891609	     0.880894	     0.877602	     0.883184	     0.879842	     0.865265	     0.864185	     0.854632	     0.852687	
  1.94355e+08	     0.907907	     0.909706	     0.892854	     0.889646	     0.879227	     0.876281	     0.882729	     0.879794	     0.863894	     0.865417	     0.851905	     0.851509	
  1.94435e+08	     0.907277	     0.908532	     0.893965	     0.890647	     0.879223	     0.874995	     0.885211	     0.881749	     0.864370	     0.862988	     0.851417	     0.851973	
  1.94515e+08	     0.908135	     0.908672	     0.895473	     0.889753	     0.877900	     0.875932	     0.880995	     0.879047	     0.866395	     0.865434	     0.849627	     0.850524	
  1.94595e+08	     0.905838	     0.904040	     0.894133	     0.888747	     0.878355	     0.875367	     0.876738	     0.876860	     0.863304	     0.861837	     0.849463	     0.847798	
  1.94675e+08	     0.905543	     0.902433	     0.892009	     0.887454	     0.879075	     0.874706	     0.879194	     0.878166	     0.865264	     0.863575	     0.849302	     0.848216	
  1.94755e+08	     0.904142	     0.900023	     0.890907	     0.888326	     0.879084	     0.874583	     0.878982	     0.876587	     0.866570	     0.863477	     0.849845	     0.847680	
  1.94835e+08	     0.904409	     0.897785	     0.889545	     0.887339	     0.879836	     0.873837	     0.878451	     0.879356	     0.864213	     0.862828	     0.848587	     0.848938	
  1.94915e+08	     0.902083	     0.896365	     0.888063	     0.886306	     0.878660	     0.873566	     0.876824	     0.874361	     0.863492	     0.864012	     0.848042	     0.848245	
  1.94995e+08	     0.902119	     0.897791	     0.891212	     0.890152	     0.878404	     0.874085	     0.880834	     0.878129	     0.865754	     0.864564	     0.847446	     0.848831	
  1.95075e+08	     0.895689	     0.894156	     0.889769	     0.888931	     0.872047	     0.870888	     0.875855	     0.874002	     0.856981	     0.858712	     0.836959	     0.838184	
  1.95155e+08	      0.00000	      0.00000	      0.00000	      0.00000	      0.00000	      0.00000	      0.00000	      0.00000	      0.00000	      0.00000	      0.00000	      0.00000	
  1.95235e+08	      0.00000	      0.00000	      0.00000	      0.00000	      0.00000	      0.00000	      0.00000	      0.00000	      0.00000	      0.00000	      0.00000	      0.00000	
  1.95315e+08	     0.895818	     0.899933	     0.891436	     0.886805	     0.869540	     0.868428	     0.873302	     0.871389	     0.853179	     0.857809	     0.830724	     0.833991	
  1.95395e+08	     0.905205	     0.907262	     0.897937	     0.891965	     0.879083	     0.875520	     0.882777	     0.880964	     0.865088	     0.865446	     0.843877	     0.846513	
  1.95475e+08	     0.903059	     0.907723	     0.892354	     0.887588	     0.875738	     0.872251	     0.880114	     0.878848	     0.863078	     0.863759	     0.842672	     0.846691	
  1.95555e+08	     0.903436	     0.906676	     0.890964	     0.887132	     0.875352	     0.870933	     0.879544	     0.878822	     0.862477	     0.862109	     0.843064	     0.845316	
  1.95635e+08	     0.904687	     0.906579	     0.888789	     0.886032	     0.873730	     0.871262	     0.879306	     0.879785	     0.860960	     0.860428	     0.843579	     0.843923	
  1.95715e+08	     0.902607	     0.906863	     0.888600	     0.887764	     0.873371	     0.870057	     0.877389	     0.874821	     0.861333	     0.861614	     0.843011	     0.844424	
  1.95795e+08	     0.902269	     0.904941	     0.887986	     0.887824	     0.873416	     0.868365	     0.876980	     0.875487	     0.861121	     0.860785	     0.842242	     0.842937	
  1.95875e+08	     0.901056	     0.900733	     0.888473	     0.885837	     0.872184	     0.867534	     0.875025	     0.875757	     0.859576	     0.859122	     0.840391	     0.841110	
  1.95955e+08	     0.900961	     0.901130	     0.887857	     0.887141	     0.871610	     0.868225	     0.873962	     0.873949	     0.861118	     0.860045	     0.838638	     0.841313	
  1.96035e+08	     0.901421	     0.899232	     0.889729	     0.886934	     0.870432	     0.867705	     0.871926	     0.872007	     0.860764	     0.858880	     0.839972	     0.840294	
  1.96115e+08	     0.900548	     0.896832	     0.888289	     0.886042	     0.869825	     0.867985	     0.873351	     0.870554	     0.859263	     0.859279	     0.838059	     0.841518	
  1.96195e+08	     0.898986	     0.894206	     0.888829	     0.884976	     0.870331	     0.867476	     0.871871	     0.871553	     0.858344	     0.858532	     0.836356	     0.840037	
  1.96275e+08	     0.899289	     0.895727	     0.889682	     0.888383	     0.870130	     0.868519	     0.872840	     0.874129	     0.859404	     0.860515	     0.838439	     0.839379	
  1.96355e+08	     0.892917	     0.891106	     0.886376	     0.884987	     0.864177	     0.862707	     0.869614	     0.870726	     0.852002	     0.854667	     0.826958	     0.830594	
  1.96435e+08	      0.00000	      0.00000	      0.00000	      0.00000	      0.00000	      0.00000	      0.00000	      0.00000	      0.00000	      0.00000	      0.00000	      0.00000	
  1.96515e+08	      0.00000	      0.00000	      0.00000	      0.00000	      0.00000	      0.00000	      0.00000	      0.00000	      0.00000	      0.00000	      0.00000	      0.00000	
  1.96595e+08	     0.892722	     0.895916	     0.882231	     0.885543	     0.858860	     0.859794	     0.867135	     0.865634	     0.848106	     0.853695	     0.822766	     0.826292	
  1.96675e+08	     0.901958	     0.905818	     0.888274	     0.890953	     0.869834	     0.867841	     0.875408	     0.874621	     0.859643	     0.861247	     0.835795	     0.839696	
  1.96755e+08	     0.902097	     0.902869	     0.887551	     0.885879	     0.868458	     0.866150	     0.873613	     0.870697	     0.858855	     0.861068	     0.835701	     0.837842	
  1.96835e+08	     0.900713	     0.903789	     0.886226	     0.885816	     0.867527	     0.864567	     0.872906	     0.866639	     0.858037	     0.857961	     0.836562	     0.836593	
  1.96915e+08	     0.900946	     0.904269	     0.887316	     0.884799	     0.868222	     0.864573	     0.871110	     0.866944	     0.857687	     0.858938	     0.835050	     0.836985	
  1.96995e+08	     0.899347	     0.903378	     0.886280	     0.884489	     0.867180	     0.865020	     0.870222	     0.865442	     0.858949	     0.858221	     0.833525	     0.835862	
  1.97075e+08	     0.900287	     0.901447	     0.885253	     0.884555	     0.865436	     0.863769	     0.870049	     0.867566	     0.857075	     0.858620	     0.834808	     0.837786	
  1.97155e+08	     0.897946	     0.898433	     0.882571	     0.883536	     0.865512	     0.862732	     0.865604	     0.864022	     0.854382	     0.856744	     0.831289	     0.832569	
  1.97235e+08	     0.898457	     0.896530	     0.882879	     0.882677	     0.863298	     0.861746	     0.868054	     0.865898	     0.856724	     0.855729	     0.833706	     0.834828	
  1.97315e+08	     0.897547	     0.893113	     0.881430	     0.883487	     0.863672	     0.861526	     0.869297	     0.863575	     0.854774	     0.853802	     0.833551	     0.835268	
  1.97395e+08	     0.897000	     0.890705	     0.881105	     0.882469	     0.863032	     0.860169	     0.866804	     0.864915	     0.854954	     0.852970	     0.831733	     0.832943	
  1.97475e+08	     0.894351	     0.888275	     0.880252	     0.882695	     0.862391	     0.859559	     0.869151	     0.864893	     0.852802	     0.852538	     0.831580	     0.832910	
  1.97555e+08	     0.894707	     0.889988	     0.883175	     0.884504	     0.863534	     0.859922	     0.869780	     0.866544	     0.853592	     0.853238	     0.829553	     0.831703	
  1.97635e+08	     0.887160	     0.885411	     0.881293	     0.883195	     0.855603	     0.854962	     0.863413	     0.860599	     0.847147	     0.845517	     0.818689	     0.821388	
  1.97715e+08	      0.00000	      0.00000	      0.00000	      0.00000	      0.00000	      0.00000	      0.00000	      0.00000	      0.00000	      0.00000	      0.00000	      0.00000	
