  1.38915e+08	      1.35081	      1.30575	      1.29917	      1.28300	      1.42482	      1.41433	      1.59990	      1.52755	      1.56279	      1.52731	      1.61179	      1.58782	
  1.38995e+08	      1.00117	     0.996172	     0.961244	     0.956415	     0.971912	     0.965535	     0.958681	     0.957283	     0.922161	     0.920705	     0.974884	     0.974894	
  1.39075e+08	      1.01404	      1.01870	     0.979171	     0.980615	     0.981744	     0.983710	     0.967339	     0.975732	     0.939205	     0.951888	     0.990555	     0.995307	
  1.39155e+08	      1.01499	      1.01452	     0.980206	     0.974218	     0.985557	     0.981006	     0.973299	     0.964215	     0.946872	     0.951378	     0.993023	     0.988575	
  1.39235e+08	      1.02273	      1.01804	     0.976341	     0.974024	     0.988845	     0.982382	     0.980441	     0.971065	     0.948637	     0.949716	     0.986424	     0.993087	
  1.39315e+08	      1.01620	      1.01332	     0.970779	     0.970540	     0.982923	     0.979390	     0.979357	     0.973611	     0.946327	     0.949098	     0.989019	     0.987301	
  1.39395e+08	      1.01930	      1.01349	     0.972903	     0.971484	     0.987973	     0.987442	     0.977029	     0.986563	     0.941733	     0.948869	     0.985362	     0.992927	
  1.39475e+08	      1.01260	      1.00909	     0.974487	     0.976565	     0.990482	     0.986174	     0.978761	     0.973042	     0.945123	     0.953304	     0.984347	     0.995291	
  1.39555e+08	      1.01676	      1.00753	     0.971060	     0.968299	     0.989148	     0.979399	     0.970291	     0.975433	     0.952950	     0.963836	     0.987331	     0.989280	
  1.39635e+08	      1.00803	      1.00577	     0.967665	     0.973503	     0.986426	     0.989613	     0.985496	     0.977715	     0.957812	     0.955918	     0.980318	     0.985893	
  1.39715e+08	      1.00706	      1.00202	     0.961136	     0.968626	     0.987849	     0.979983	     0.987488	     0.976505	     0.960514	     0.958915	     0.992044	     0.995861	
  1.39795e+08	      1.00591	      1.00378	     0.967407	     0.967303	     0.988661	     0.975833	     0.986660	     0.978777	     0.955099	     0.963909	     0.994618	     0.995263	
  1.39875e+08	      1.00687	     0.995806	     0.964046	     0.961163	     0.981641	     0.978103	     0.984995	     0.978498	     0.953729	     0.957371	     0.987937	     0.988379	
  1.39955e+08	      1.00144	     0.999979	     0.963574	     0.958257	     0.982520	     0.980223	     0.989150	     0.973835	     0.948032	     0.957359	     0.992276	     0.988161	
  1.40035e+08	     0.983477	     0.979015	     0.949162	     0.942732	     0.968088	     0.960910	     0.966862	     0.967690	     0.934138	     0.942074	     0.974422	     0.974489	
  1.40115e+08	      1.34412	      1.29585	      1.29959	      1.27899	      1.41372	      1.41198	      1.59556	      1.52594	      1.55850	      1.52345	      1.60775	      1.58201	
  1.40195e+08	      1.34251	      1.29337	      1.30014	      1.28221	      1.41708	      1.41717	      1.59952	      1.52980	      1.56223	      1.52528	      1.60940	      1.58359	
  1.40275e+08	     0.981978	     0.978488	     0.944066	     0.939552	     0.966898	     0.966094	     0.971498	     0.976144	     0.938900	     0.944881	     0.973875	     0.977497	
  1.40355e+08	     0.992894	     0.991238	     0.961020	     0.959690	     0.989025	     0.983931	     0.994796	     0.996122	     0.962202	     0.960793	     0.996083	     0.997647	
  1.40435e+08	     0.990653	     0.991451	     0.965671	     0.961379	     0.987346	     0.983138	     0.991826	     0.984832	     0.968320	     0.962787	     0.995318	     0.994274	
  1.40515e+08	     0.985905	     0.993029	     0.962152	     0.960481	     0.991141	     0.982984	     0.991583	     0.990798	     0.961705	     0.963490	     0.991920	     0.993796	
  1.40595e+08	     0.987990	     0.998804	     0.955911	     0.956170	     0.991632	     0.992188	     0.981421	     0.981014	     0.961368	     0.965754	     0.992243	     0.992975	
  1.40675e+08	     0.988903	     0.992763	     0.954790	     0.957106	     0.989459	     0.986340	     0.997243	     0.983913	     0.964660	     0.967060	     0.987746	     0.988690	
  1.40755e+08	     0.991004	     0.987993	     0.958939	     0.953246	     0.986112	     0.990835	     0.998137	     0.975844	     0.962313	     0.966528	     0.990420	     0.998049	
  1.40835e+08	     0.979539	     0.985301	     0.954747	     0.949210	     0.991405	     0.992505	     0.982320	     0.984880	     0.960856	     0.959483	     0.993605	     0.990287	
  1.40915e+08	     0.982959	     0.990261	     0.943446	     0.950290	     0.990465	      1.00067	     0.994900	     0.986020	     0.961333	     0.959575	     0.994181	     0.996835	
  1.40995e+08	     0.982101	     0.985653	     0.952908	     0.950209	     0.990749	     0.993073	     0.985187	     0.984758	     0.955566	     0.961626	     0.993255	     0.994296	
  1.41075e+08	     0.981851	     0.985326	     0.951520	     0.950879	     0.993083	     0.994819	     0.985718	     0.979680	     0.952182	     0.954066	     0.989891	     0.994388	
  1.41155e+08	     0.984146	     0.985803	     0.955550	     0.948569	     0.997160	     0.995498	     0.976887	     0.980525	     0.955096	     0.950061	     0.991813	     0.987483	
  1.41235e+08	     0.986790	     0.982975	     0.940483	     0.950182	     0.998702	     0.988627	     0.977370	     0.982645	     0.957864	     0.951185	     0.985628	     0.991029	
  1.41315e+08	     0.966147	     0.963293	     0.939610	     0.936086	     0.986538	     0.983050	     0.962884	     0.967098	     0.940239	     0.934501	     0.972438	     0.980229	
  1.41395e+08	      1.33626	      1.29116	      1.29300	      1.28044	      1.41449	      1.41168	      1.59342	      1.52839	      1.55970	      1.51855	      1.60188	      1.57728	
  1.41475e+08	      1.33385	      1.29165	      1.30034	      1.28362	      1.41622	      1.42065	      1.59410	      1.52981	      1.56069	      1.51900	      1.60032	      1.57763	
  1.41555e+08	     0.958469	     0.958290	     0.934274	     0.931671	     0.983756	     0.983098	     0.963342	     0.963940	     0.940632	     0.941939	     0.973891	     0.975936	
  1.41635e+08	     0.980609	     0.972530	     0.954718	     0.947975	      1.00236	     0.998112	     0.981694	     0.990798	     0.965234	     0.956557	     0.988574	     0.993586	
  1.41715e+08	     0.977926	     0.973738	     0.956919	     0.947327	      1.00340	     0.999904	     0.975148	     0.984667	     0.965653	     0.958208	     0.992616	     0.996479	
  1.41795e+08	     0.979551	     0.978613	     0.954677	     0.948809	      1.00520	     0.997650	     0.979811	     0.982053	     0.961682	     0.959311	     0.986497	     0.995245	
  1.41875e+08	     0.980238	     0.975393	     0.947860	     0.949419	      1.00244	     0.993990	     0.989387	     0.988848	     0.963082	     0.963036	     0.990482	     0.990866	
  1.41955e+08	     0.989446	     0.974271	     0.949677	     0.949151	      1.00693	      1.00148	     0.983687	     0.977892	     0.961451	     0.956605	     0.988891	     0.994690	
  1.42035e+08	     0.979827	     0.977889	     0.946803	     0.949898	      1.00203	      1.00673	     0.987518	     0.986838	     0.956676	     0.958383	     0.987017	     0.992831	
  1.42115e+08	     0.977388	     0.979230	     0.948782	     0.948615	     0.998675	     0.993467	     0.988474	     0.976740	     0.960503	     0.959919	     0.985096	     0.987270	
  1.42195e+08	     0.976672	     0.972473	     0.954597	     0.953592	     0.992593	     0.997079	     0.985755	     0.982091	     0.959677	     0.961254	     0.980494	     0.987039	
  1.42275e+08	     0.974125	     0.969222	     0.956064	     0.954990	     0.995806	     0.994115	     0.987192	     0.981598	     0.959785	     0.966245	     0.984156	     0.988238	
  1.42355e+08	     0.976055	     0.973037	     0.961816	     0.963516	     0.994534	     0.995831	     0.990297	     0.984018	     0.952640	     0.968092	     0.987420	     0.984859	
  1.42435e+08	     0.977439	     0.970252	     0.961252	     0.960761	     0.995125	     0.993427	     0.987468	     0.985773	     0.959326	     0.962044	     0.990384	     0.985671	
  1.42515e+08	     0.972917	     0.964664	     0.958738	     0.954079	     0.987097	     0.987558	     0.985660	     0.989604	     0.958698	     0.958693	     0.988368	     0.987672	
  1.42595e+08	     0.960315	     0.951264	     0.949733	     0.945403	     0.981070	     0.980367	     0.972252	     0.975665	     0.937877	     0.947166	     0.980384	     0.977231	
  1.42675e+08	      1.32872	      1.28240	      1.29707	      1.28148	      1.41284	      1.41324	      1.59038	      1.52767	      1.55849	      1.51725	      1.59665	      1.57346	
  1.42755e+08	      1.33204	      1.28381	      1.30782	      1.28920	      1.41944	      1.42106	      1.59654	      1.53486	      1.56534	      1.52482	      1.60286	      1.57765	
  1.42835e+08	     0.967641	     0.956738	     0.945783	     0.942230	     0.975260	     0.976144	     0.965175	     0.968383	     0.944649	     0.951576	     0.977787	     0.980222	
  1.42915e+08	     0.988790	     0.979614	     0.963400	     0.960956	     0.993622	     0.995701	     0.986476	     0.987706	     0.970110	     0.967729	     0.994781	     0.999464	
  1.42995e+08	     0.989009	     0.987371	     0.966121	     0.963309	     0.995980	     0.999420	     0.985897	     0.992962	     0.970769	     0.967509	     0.994844	     0.995715	
  1.43075e+08	     0.992495	     0.978645	     0.967284	     0.965919	     0.993501	     0.991876	     0.990441	     0.997945	     0.969824	     0.972151	     0.984732	     0.992592	
  1.43155e+08	     0.992756	     0.981544	     0.962850	     0.961582	     0.984544	     0.999737	     0.984199	     0.992076	     0.969153	     0.969629	     0.982571	     0.987236	
  1.43235e+08	     0.988452	     0.983004	     0.964564	     0.960402	     0.990398	     0.993018	     0.992931	     0.993897	     0.969686	     0.966408	     0.984175	     0.988500	
  1.43315e+08	     0.990777	     0.988245	     0.963310	     0.962805	     0.993616	     0.989994	     0.992680	     0.989767	     0.969743	     0.966967	     0.985660	     0.988002	
  1.43395e+08	     0.992751	     0.988170	     0.960647	     0.961770	     0.985236	     0.992607	     0.989384	     0.991930	     0.959895	     0.968449	     0.990916	     0.992761	
  1.43475e+08	     0.989513	     0.981973	     0.964027	     0.965540	     0.996397	     0.991284	     0.983128	     0.995591	     0.969654	     0.968701	     0.992736	     0.990243	
  1.43555e+08	     0.992052	     0.977893	     0.962496	     0.967332	     0.993772	     0.989236	     0.982166	     0.994773	     0.967334	     0.973519	     0.987568	     0.989667	
  1.43635e+08	     0.984931	     0.974280	     0.964467	     0.961467	     0.995021	     0.993493	     0.993509	     0.996301	     0.970145	     0.971266	     0.988461	     0.992104	
  1.43715e+08	     0.979343	     0.977578	     0.969058	     0.954968	     0.991135	     0.993535	     0.981931	     0.999485	     0.970857	     0.973623	     0.989982	     0.992302	
  1.43795e+08	     0.979358	     0.975664	     0.969136	     0.952850	     0.987405	     0.995852	     0.975186	     0.982169	     0.973766	     0.974145	     0.990196	     0.992641	
  1.43875e+08	     0.968858	     0.961193	     0.950462	     0.954541	     0.982191	     0.980481	     0.988533	     0.982503	     0.962713	     0.955334	     0.978726	     0.980593	
  1.43955e+08	      1.33029	      1.28634	      1.31522	      1.29194	      1.42139	      1.42180	      1.59918	      1.53612	      1.56581	      1.52499	      1.60162	      1.57601	
  1.44035e+08	      1.33631	      1.29498	      1.31861	      1.30198	      1.43105	      1.43850	      1.61016	      1.54936	      1.57370	      1.53397	      1.61397	      1.58305	
  1.44115e+08	     0.959545	     0.963418	     0.951458	     0.955795	     0.974014	     0.970805	     0.978353	     0.967403	     0.953113	     0.960236	     0.988831	     0.987135	
  1.44195e+08	     0.983780	     0.975191	     0.953833	     0.967884	     0.995374	     0.987704	     0.993300	     0.988986	     0.978971	     0.973197	      1.00824	      1.00640	
  1.44275e+08	     0.979961	     0.971689	     0.955263	     0.962461	     0.994934	     0.987964	     0.994499	     0.986912	     0.976255	     0.975123	      1.00549	      1.00463	
  1.44355e+08	     0.978344	     0.981815	     0.963562	     0.971193	     0.991108	     0.985792	     0.988395	     0.985095	     0.976700	     0.976883	      1.00206	      1.00436	
  1.44435e+08	     0.981368	     0.971998	     0.967526	     0.973249	     0.997416	     0.989885	     0.993366	     0.985026	     0.978474	     0.979191	      1.00268	      1.00648	
  1.44515e+08	     0.985349	     0.970673	     0.962836	     0.979071	     0.993780	     0.986434	     0.969856	     0.982891	     0.981655	     0.987563	      1.00067	     0.997318	
  1.44595e+08	     0.986399	     0.978395	     0.975449	     0.971161	     0.996608	     0.995620	     0.987825	     0.978122	     0.986244	     0.983901	      1.00082	      1.00261	
  1.44675e+08	     0.983478	     0.982478	     0.972821	     0.976414	      1.00013	     0.991563	     0.978558	     0.982339	     0.985397	     0.979660	      1.00679	     0.996049	
  1.44755e+08	     0.983878	     0.983173	     0.980644	     0.978125	     0.997439	      1.00054	     0.981787	     0.987136	     0.986030	     0.985056	      1.00310	      1.00233	
  1.44835e+08	     0.985886	     0.980742	     0.979017	     0.980650	      1.00290	     0.996379	     0.991456	     0.983882	     0.995266	     0.991118	      1.00011	     0.997964	
  1.44915e+08	     0.992469	     0.981550	     0.982949	     0.979338	      1.00514	      1.00086	     0.983768	     0.987433	     0.987416	     0.986041	      1.00094	     0.998549	
  1.44995e+08	     0.996185	     0.982755	     0.979294	     0.972980	      1.00843	     0.996476	     0.995124	     0.986530	     0.987959	     0.992671	      1.00400	     0.993175	
  1.45075e+08	     0.995526	     0.986971	     0.976670	     0.983501	      1.00622	      1.00072	     0.992241	     0.992793	     0.982539	     0.980049	      1.00280	     0.994994	
  1.45155e+08	     0.981457	     0.973599	     0.965807	     0.964799	     0.988538	     0.986930	     0.980874	     0.980561	     0.969010	     0.966601	     0.980275	     0.976474	
  1.45235e+08	      1.33637	      1.29552	      1.31943	      1.30658	      1.43415	      1.44132	      1.61347	      1.55740	      1.57603	      1.53834	      1.61848	      1.58517	
  1.45315e+08	      1.34596	      1.30761	      1.33482	      1.32332	      1.45080	      1.44834	      1.62999	      1.57406	      1.59458	      1.55568	      1.63049	      1.59885	
  1.45395e+08	     0.977176	     0.983548	     0.962101	     0.973068	     0.988747	     0.987571	     0.982927	     0.966296	     0.974487	     0.964094	     0.987260	     0.976873	
  1.45475e+08	      1.00086	     0.995542	     0.987777	     0.987732	      1.00684	      1.00729	     0.999051	     0.984632	     0.989167	     0.987933	      1.01094	      1.00721	
  1.45555e+08	      1.00203	     0.997696	     0.984088	     0.985851	      1.01113	      1.01324	     0.999951	     0.999351	     0.987707	     0.991560	      1.01874	      1.01478	
  1.45635e+08	      1.00581	      1.00594	     0.986103	     0.997682	      1.01352	      1.01161	     0.999724	     0.995885	     0.984140	     0.988745	      1.01361	      1.00818	
  1.45715e+08	     0.995355	      1.00828	     0.982001	     0.988235	      1.01313	      1.01249	     0.999446	      1.00037	     0.989300	     0.986071	      1.01417	      1.00956	
  1.45795e+08	      1.00418	      1.00219	     0.989309	     0.994666	      1.02035	      1.01622	     0.995966	     0.989962	     0.989864	     0.991959	      1.01326	      1.01213	
  1.45875e+08	      1.00438	     0.995627	     0.993289	     0.995555	      1.01792	      1.01910	     0.989089	     0.983874	     0.984825	     0.989186	      1.01264	      1.01508	
  1.45955e+08	      1.00175	      1.00362	     0.991168	     0.999211	      1.01735	      1.01045	     0.993786	     0.980954	     0.991989	     0.996808	      1.01060	      1.00532	
  1.46035e+08	      1.00524	      1.00852	     0.987669	      1.00412	      1.01052	      1.01763	     0.991138	     0.984246	     0.994380	     0.997897	      1.01142	      1.00902	
  1.46115e+08	      1.00118	      1.00523	     0.990288	      1.00582	      1.01421	      1.01778	     0.986559	     0.981885	     0.995040	     0.995963	      1.01560	      1.01565	
  1.46195e+08	      1.00674	      1.01215	     0.990476	     0.994043	      1.01690	      1.01336	     0.993091	     0.975867	      1.00015	     0.994696	      1.01412	      1.00963	
  1.46275e+08	      1.00746	      1.00719	      1.00133	     0.999243	      1.01656	      1.00898	     0.993610	     0.979658	     0.996688	     0.995075	      1.01991	      1.01179	
  1.46355e+08	      1.00792	      1.00827	     0.994667	     0.992566	      1.01481	      1.00704	     0.990803	     0.978991	      1.00132	     0.995012	      1.01636	      1.02226	
  1.46435e+08	      1.00591	     0.996400	     0.978643	     0.987775	      1.00586	     0.992595	     0.976037	     0.976143	     0.980876	     0.983170	      1.01366	      1.00608	
  1.46515e+08	      1.34745	      1.30941	      1.34733	      1.33031	      1.45520	      1.44679	      1.63392	      1.58042	      1.59950	      1.55926	      1.62680	      1.60223	
  1.46595e+08	      1.36024	      1.31734	      1.36267	      1.34595	      1.46943	      1.46484	      1.65122	      1.59859	      1.61471	      1.57725	      1.63801	      1.61586	
  1.46675e+08	     0.999840	      1.00129	     0.975880	     0.982593	      1.00524	     0.994650	     0.988651	     0.989009	     0.979265	     0.978074	      1.00521	      1.00360	
  1.46755e+08	      1.01587	      1.01760	     0.995068	     0.997481	      1.01462	      1.01284	      1.00962	      1.01412	      1.00095	     0.996816	      1.02676	      1.03055	
  1.46835e+08	      1.01542	      1.01520	     0.999273	      1.00021	      1.01417	      1.01472	      1.02256	      1.01277	      1.00070	      1.00010	      1.02426	      1.02450	
  1.46915e+08	      1.01891	      1.01590	     0.998637	      1.00137	      1.01673	      1.01221	      1.02393	      1.01411	      1.00042	      1.00344	      1.02760	      1.02774	
  1.46995e+08	      1.01665	      1.01610	     0.996235	      1.00213	      1.02037	      1.01630	      1.01907	      1.01648	      1.00569	     0.999203	      1.02559	      1.03196	
  1.47075e+08	      1.01221	      1.01476	      1.00109	      1.00221	      1.02424	      1.01642	      1.01965	      1.00652	      1.00419	      1.00349	      1.02910	      1.02841	
  1.47155e+08	      1.01132	      1.01101	      1.00323	      1.00052	      1.02639	      1.01247	      1.02020	      1.01279	      1.00716	     0.998370	      1.02102	      1.02796	
  1.47235e+08	      1.00754	      1.00853	      1.00132	     0.999615	      1.02152	      1.01371	      1.00782	      1.00833	      1.00767	      1.00901	      1.02383	      1.02980	
  1.47315e+08	      1.00528	      1.01216	      1.00457	      1.00119	      1.02202	      1.01539	      1.01932	      1.00937	      1.01001	      1.01065	      1.03121	      1.02878	
  1.47395e+08	      1.00999	      1.00992	      1.00173	      1.00960	      1.01509	      1.01262	      1.01130	      1.00801	      1.01307	      1.00933	      1.02976	      1.03687	
  1.47475e+08	      1.00570	      1.01002	      1.00777	     0.998939	      1.01819	      1.00773	      1.02202	      1.01113	      1.01081	      1.01010	      1.03495	      1.03281	
  1.47555e+08	     0.999216	      1.00319	      1.00332	      1.00253	      1.01682	      1.01624	      1.01796	      1.01190	      1.01890	      1.01256	      1.02756	      1.03134	
  1.47635e+08	      1.00582	      1.00210	     0.998920	      1.00708	      1.01927	      1.01575	      1.02736	      1.01130	      1.01714	      1.00850	      1.02377	      1.02440	
  1.47715e+08	     0.987975	     0.985685	     0.991756	     0.995305	      1.00666	      1.00108	      1.01735	      1.00655	      1.00353	     0.994491	      1.01371	      1.01431	
  1.47795e+08	      1.36219	      1.31996	      1.36526	      1.35210	      1.47464	      1.47088	      1.65930	      1.60208	      1.61810	      1.58177	      1.64177	      1.61924	
  1.47875e+08	      1.36479	      1.33235	      1.37352	      1.36370	      1.48385	      1.48995	      1.67149	      1.60609	      1.62928	      1.59473	      1.64757	      1.62779	
  1.47955e+08	     0.978906	     0.984007	     0.990419	     0.993951	      1.01002	      1.00513	      1.02030	      1.01149	      1.00635	      1.00453	      1.00966	      1.01076	
  1.48035e+08	     0.996882	     0.998179	      1.00753	      1.01576	      1.02939	      1.02877	      1.03637	      1.02809	      1.02521	      1.01611	      1.02638	      1.03731	
  1.48115e+08	     0.998282	      1.00170	      1.00483	      1.01408	      1.02792	      1.03089	      1.03778	      1.02618	      1.02588	      1.01938	      1.02885	      1.03590	
  1.48195e+08	     0.999043	      1.00294	      1.00986	      1.01856	      1.03102	      1.02910	      1.03425	      1.02194	      1.03029	      1.01877	      1.03417	      1.04095	
  1.48275e+08	     0.998374	      1.01201	      1.00945	      1.01557	      1.02294	      1.02403	      1.03205	      1.02776	      1.03315	      1.02057	      1.03477	      1.03965	
  1.48355e+08	      1.00049	      1.00135	      1.00593	      1.01077	      1.03212	      1.02820	      1.02384	      1.02221	      1.03222	      1.02466	      1.03971	      1.04273	
  1.48435e+08	      1.00367	      1.00803	      1.00733	      1.01419	      1.02778	      1.02541	      1.02631	      1.02654	      1.03375	      1.02975	      1.04602	      1.04521	
  1.48515e+08	      1.00794	      1.00841	      1.00818	      1.01399	      1.03728	      1.02889	      1.02495	      1.02052	      1.03524	      1.03320	      1.03298	      1.04005	
  1.48595e+08	      1.00001	      1.00675	      1.00651	      1.00916	      1.02892	      1.03087	      1.03499	      1.02543	      1.03810	      1.02504	      1.03813	      1.04436	
  1.48675e+08	      1.00321	      1.00974	      1.00932	      1.01240	      1.03083	      1.02602	      1.03606	      1.03140	      1.03295	      1.02895	      1.03754	      1.03741	
  1.48755e+08	      1.00702	      1.01475	      1.01288	      1.01371	      1.03116	      1.02460	      1.03147	      1.02328	      1.02880	      1.03236	      1.03911	      1.03937	
  1.48835e+08	      1.01406	      1.01161	      1.01120	      1.01669	      1.03298	      1.02790	      1.02939	      1.02517	      1.03248	      1.02431	      1.03675	      1.03606	
  1.48915e+08	      1.00861	      1.01037	      1.01288	      1.01195	      1.03087	      1.02596	      1.03569	      1.01494	      1.02580	      1.02585	      1.03586	      1.03532	
  1.48995e+08	     0.999234	      1.00496	     0.999518	      1.00372	      1.01823	      1.00963	      1.01050	      1.01582	      1.01076	      1.00509	      1.02210	      1.02224	
  1.49075e+08	      1.36870	      1.33195	      1.37655	      1.36488	      1.48679	      1.49159	      1.67108	      1.62826	      1.63009	      1.59193	      1.64473	      1.62601	
  1.49155e+08	      1.37846	      1.33430	      1.39312	      1.37551	      1.49304	      1.48312	      1.68499	      1.63246	      1.63670	      1.60182	      1.64761	      1.63154	
  1.49235e+08	     0.987638	     0.993338	     0.999047	      1.00077	      1.01095	      1.00986	      1.02575	      1.02020	      1.00109	     0.999937	      1.02256	      1.01557	
  1.49315e+08	      1.00695	      1.00812	      1.01442	      1.02446	      1.02934	      1.02105	      1.05604	      1.03388	      1.02549	      1.02088	      1.03599	      1.03297	
  1.49395e+08	      1.00423	      1.01404	      1.02130	      1.01754	      1.03258	      1.02632	      1.04442	      1.04258	      1.01667	      1.01622	      1.02985	      1.02998	
  1.49475e+08	      1.01113	      1.01437	      1.01486	      1.02474	      1.02441	      1.02701	      1.05677	      1.04352	      1.01415	      1.01763	      1.03249	      1.03605	
  1.49555e+08	      1.00174	      1.00886	      1.02224	      1.02550	      1.02618	      1.03013	      1.04921	      1.04173	      1.01605	      1.02157	      1.02633	      1.03710	
  1.49635e+08	      1.00890	      1.01135	      1.02283	      1.02593	      1.03174	      1.02668	      1.04655	      1.03789	      1.01963	      1.01123	      1.03061	      1.03291	
  1.49715e+08	      1.00590	      1.00720	      1.01827	      1.02286	      1.02979	      1.02995	      1.04942	      1.03509	      1.01406	      1.01480	      1.02565	      1.03062	
  1.49795e+08	      1.00277	      1.00551	      1.02483	      1.02679	      1.03748	      1.02816	      1.04754	      1.03312	      1.01096	      1.01112	      1.02972	      1.03417	
  1.49875e+08	      1.00064	      1.00421	      1.02070	      1.02836	      1.03181	      1.03540	      1.04847	      1.03875	      1.01468	      1.00710	      1.02895	      1.03990	
  1.49955e+08	      1.00026	      1.00113	      1.02113	      1.02896	      1.03727	      1.03527	      1.05048	      1.03168	      1.01546	      1.00759	      1.03381	      1.03373	
  1.50035e+08	      1.00730	      1.00087	      1.02520	      1.02779	      1.03136	      1.03081	      1.04297	      1.02520	      1.00138	      1.00678	      1.02681	      1.03731	
  1.50115e+08	      1.00465	      1.01193	      1.02557	      1.03062	      1.03580	      1.03650	      1.04075	      1.02919	      1.01642	      1.01625	      1.03708	      1.04097	
  1.50195e+08	      1.01003	     0.935069	      1.02676	     0.964924	      1.03725	     0.967739	      1.03974	      1.00729	      1.01305	     0.986440	      1.03437	      1.01793	
  1.50275e+08	     0.991058	     0.959991	      1.01202	     0.972156	      1.02028	      1.00336	      1.01201	     0.998609	     0.991898	      1.00464	      1.02183	      1.02251	
  1.50355e+08	      1.37550	      1.33216	      1.39245	      1.37666	      1.48566	      1.48137	      1.68790	      1.61283	      1.63403	      1.60141	      1.64406	      1.62876	
  1.50435e+08	      1.37112	      1.33250	      1.39371	      1.38253	      1.48529	      1.48760	      1.69132	      1.61639	      1.63324	      1.60375	      1.64572	      1.62761	
  1.50515e+08	      1.00176	     0.997060	      1.01655	      1.01455	      1.01944	      1.01606	      1.01504	      1.00643	     0.991540	     0.995834	      1.02617	      1.04199	
  1.50595e+08	      1.01730	      1.01638	      1.03119	      1.03176	      1.03294	      1.03613	      1.03911	      1.02990	      1.01727	      1.01377	      1.04310	      1.04968	
  1.50675e+08	      1.01464	      1.01825	      1.02868	      1.03478	      1.02965	      1.03605	      1.03650	      1.02514	      1.02020	      1.01443	      1.04594	      1.06002	
  1.50755e+08	      1.01615	      1.02075	      1.02657	      1.03315	      1.02902	      1.03628	      1.04716	      1.02874	      1.02277	      1.02258	      1.06151	      1.05583	
  1.50835e+08	      1.01722	      1.01718	      1.02906	      1.03822	      1.03536	      1.02978	      1.03144	      1.02886	      1.02717	      1.02244	      1.04367	      1.05109	
  1.50915e+08	      1.01210	      1.01671	      1.02465	      1.03667	      1.03344	      1.03592	      1.03522	      1.01203	      1.03191	      1.02689	      1.04202	      1.04395	
  1.50995e+08	      1.00838	      1.01791	      1.02899	      1.03480	      1.03510	      1.03117	      1.03330	      1.02636	      1.02934	      1.02166	      1.04110	      1.04461	
  1.51075e+08	      1.01058	      1.01077	      1.02893	      1.03261	      1.03420	      1.03069	      1.03366	      1.02556	      1.03022	      1.02386	      1.04442	      1.04984	
  1.51155e+08	      1.01286	      1.01214	      1.02398	      1.03216	      1.03580	      1.03177	      1.03909	      1.02345	      1.02180	      1.01933	      1.03221	      1.03577	
  1.51235e+08	      1.01087	      1.00603	      1.02522	      1.03630	      1.03085	      1.02583	      1.03411	      1.03549	      1.02150	      1.01320	      1.03927	      1.04318	
  1.51315e+08	      1.00341	      1.00971	      1.02419	      1.03395	      1.02860	      1.02759	      1.03027	      1.02732	      1.01905	      1.01227	      1.03367	      1.04173	
  1.51395e+08	      1.00748	      1.00712	      1.03083	      1.03750	      1.03113	      1.02923	      1.03627	      1.03079	      1.01482	      1.01260	      1.03122	      1.04019	
  1.51475e+08	      1.00388	      1.00412	      1.02623	      1.03176	      1.03222	      1.02815	      1.03761	      1.02241	      1.01206	      1.01292	      1.03569	      1.04291	
  1.51555e+08	     0.993324	     0.997147	      1.00782	      1.02401	      1.02189	      1.01717	      1.00458	      1.01522	      1.00069	      1.00824	      1.02143	      1.01860	
  1.51635e+08	      1.36552	      1.32724	      1.39000	      1.37776	      1.48268	      1.48318	      1.68251	      1.61323	      1.62524	      1.59722	      1.63846	      1.61937	
  1.51715e+08	      1.36705	      1.33488	      1.38567	      1.38173	      1.48487	      1.48807	      1.67932	      1.63443	      1.62630	      1.59525	      1.63925	      1.61483	
  1.51795e+08	     0.987519	     0.992928	      1.01346	      1.01167	      1.01128	      1.00937	     0.999802	     0.998141	      1.00373	      1.00222	      1.01966	      1.01935	
  1.51875e+08	      1.01054	      1.01478	      1.04063	      1.03799	      1.02443	      1.02534	      1.02785	      1.02598	      1.02795	      1.02233	      1.03741	      1.03755	
  1.51955e+08	      1.01924	      1.01268	      1.03907	      1.03866	      1.02709	      1.02354	      1.02055	      1.02873	      1.02273	      1.02023	      1.03833	      1.03402	
  1.52035e+08	      1.01799	      1.01189	      1.03499	      1.03521	      1.02610	      1.02272	      1.03054	      1.02494	      1.02402	      1.02132	      1.03431	      1.03718	
  1.52115e+08	      1.01339	      1.01041	      1.03448	      1.03864	      1.02050	      1.02217	      1.02022	      1.02270	      1.02368	      1.01873	      1.02715	      1.03699	
  1.52195e+08	      1.01372	      1.01019	      1.03629	      1.03326	      1.01892	      1.01775	      1.02561	      1.02586	      1.01809	      1.02119	      1.03393	      1.03519	
  1.52275e+08	      1.01397	      1.01559	      1.03465	      1.03374	      1.02046	      1.01455	      1.02071	      1.02323	      1.02517	      1.01878	      1.02687	      1.02980	
  1.52355e+08	      1.00903	      1.00534	      1.03273	      1.03865	      1.02416	      1.01150	      1.02568	      1.01788	      1.01597	      1.02180	      1.03026	      1.03646	
  1.52435e+08	      1.02052	      1.01839	      1.03312	      1.03467	      1.02109	      1.01660	      1.02014	      1.01760	      1.01908	      1.01551	      1.02452	      1.03646	
  1.52515e+08	      1.01866	      1.01933	      1.03073	      1.03613	      1.01633	      1.01663	      1.02130	      1.02338	      1.01909	      1.02063	      1.03006	      1.03594	
  1.52595e+08	      1.01549	      1.01543	      1.03817	      1.03479	      1.01492	      1.01208	      1.01714	      1.01908	      1.02834	      1.01729	      1.02967	      1.03221	
  1.52675e+08	      1.01374	      1.01185	      1.03245	      1.03437	      1.01322	      1.01508	      1.01722	      1.01209	      1.02186	      1.02439	      1.03206	      1.03060	
  1.52755e+08	      1.01336	      1.01632	      1.02985	      1.03414	      1.01390	      1.01855	      1.01747	      1.01602	      1.01786	      1.01984	      1.02783	      1.03158	
  1.52835e+08	     0.997226	      1.00439	      1.01488	      1.01800	      1.00270	      1.00573	      1.00309	      1.00010	      1.01095	      1.00799	      1.01588	      1.01182	
  1.52915e+08	      1.36255	      1.32049	      1.38553	      1.37294	      1.47762	      1.47783	      1.67085	      1.60892	      1.61886	      1.58743	      1.63020	      1.60361	
  1.52995e+08	      1.36068	      1.31878	      1.38354	      1.37136	      1.47577	      1.47760	      1.66607	      1.62389	      1.61469	      1.58364	      1.62523	      1.59754	
  1.53075e+08	     0.990391	     0.996389	      1.01219	      1.01516	     0.999582	      1.00459	     0.977114	     0.988264	      1.00988	      1.00169	      1.01361	      1.01276	
  1.53155e+08	      1.00584	      1.01731	      1.02645	      1.02665	      1.01448	      1.02329	      1.00125	      1.00075	      1.02636	      1.02647	      1.03396	      1.02175	
  1.53235e+08	      1.00657	      1.01424	      1.02656	      1.03093	      1.01659	      1.02097	      1.00334	     0.999799	      1.02874	      1.02987	      1.03627	      1.03094	
  1.53315e+08	      1.00334	      1.01263	      1.02439	      1.03100	      1.01460	      1.01879	     0.989085	      1.00441	      1.03293	      1.03147	      1.04186	      1.03622	
  1.53395e+08	      1.00921	      1.00253	      1.02658	      1.02355	      1.01366	      1.02056	     0.981600	     0.997809	      1.03613	      1.03219	      1.04430	      1.03169	
  1.53475e+08	     0.997975	      1.00570	      1.02538	      1.02087	      1.01246	      1.01988	     0.988684	     0.996874	      1.03296	      1.03172	      1.04131	      1.03514	
  1.53555e+08	     0.998904	      1.00405	      1.02605	      1.01797	      1.00983	      1.01715	     0.994729	     0.999682	      1.03912	      1.03292	      1.03481	      1.03061	
  1.53635e+08	      1.00074	     0.999141	      1.02117	      1.02220	      1.00734	      1.01543	      1.00523	      1.00829	      1.03708	      1.03416	      1.03005	      1.03091	
  1.53715e+08	     0.997498	     0.994792	      1.02039	      1.01675	      1.01296	      1.01183	      1.00662	      1.01465	      1.03659	      1.04071	      1.02865	      1.02476	
  1.53795e+08	     0.997683	     0.996004	      1.01623	      1.01157	      1.00547	      1.01155	      1.00852	      1.01430	      1.04433	      1.03409	      1.03059	      1.01906	
  1.53875e+08	     0.995173	     0.996021	      1.01223	      1.00924	      1.00589	      1.00876	      1.01274	      1.00541	      1.03872	      1.03766	      1.02467	      1.02577	
  1.53955e+08	     0.995710	     0.995246	      1.01144	      1.01051	      1.00061	      1.00865	      1.00908	      1.00596	      1.04036	      1.03710	      1.01361	      1.02197	
  1.54035e+08	     0.997291	     0.988227	      1.00881	      1.00874	      1.00486	      1.01032	     0.999677	      1.00434	      1.04398	      1.04102	      1.02039	      1.01946	
  1.54115e+08	     0.985122	     0.985412	     0.994520	     0.994803	     0.991459	     0.994355	     0.990329	     0.986038	      1.01808	      1.02559	      1.00820	      1.01003	
  1.54195e+08	      1.35294	      1.31252	      1.37687	      1.36596	      1.46178	      1.47303	      1.66082	      1.62280	      1.60544	      1.57679	      1.61408	      1.58770	
  1.54275e+08	      1.34944	      1.31332	      1.37997	      1.36695	      1.46046	      1.46986	      1.66104	      1.61869	      1.60327	      1.57229	      1.60842	      1.58302	
  1.54355e+08	     0.988277	     0.983118	     0.987600	     0.991926	     0.989285	     0.993448	     0.978532	     0.983035	      1.01784	      1.01967	      1.00777	      1.01009	
  1.54435e+08	      1.00362	     0.999973	      1.00799	      1.00593	      1.00710	      1.00858	     0.998157	     0.996377	      1.03380	      1.03703	      1.02966	      1.02749	
  1.54515e+08	     0.995810	      1.00195	      1.01144	      1.00780	      1.00923	      1.00878	     0.998242	     0.996280	      1.03910	      1.03620	      1.02574	      1.02518	
  1.54595e+08	     0.997257	      1.00265	      1.00343	      1.00429	      1.00802	      1.00774	     0.996850	     0.999711	      1.03662	      1.03123	      1.03091	      1.02374	
  1.54675e+08	     0.995415	      1.00376	     0.999202	      1.00317	      1.00490	      1.01531	     0.995305	     0.994574	      1.03151	      1.02949	      1.02762	      1.01818	
  1.54755e+08	     0.994792	      1.00060	     0.999334	      1.00790	      1.01059	      1.01114	     0.998843	     0.996051	      1.03010	      1.02542	      1.02188	      1.01933	
  1.54835e+08	     0.997291	      1.00730	      1.00182	      1.00216	      1.00480	      1.00900	     0.987507	     0.998171	      1.02961	      1.02516	      1.02431	      1.01969	
  1.54915e+08	     0.997071	      1.00392	      1.00046	      1.00331	      1.00806	      1.00995	     0.993515	     0.997439	      1.02528	      1.02673	      1.02760	      1.01871	
  1.54995e+08	      1.00626	      1.00449	     0.999239	      1.00528	      1.00901	      1.01256	     0.990886	     0.996728	      1.02306	      1.02375	      1.02563	      1.01706	
  1.55075e+08	      1.00130	      1.00255	     0.999811	      1.00493	      1.00448	      1.01492	     0.995740	     0.992840	      1.02175	      1.01717	      1.02138	      1.01296	
  1.55155e+08	      1.00551	      1.00588	     0.998177	      1.00175	      1.00783	      1.00827	     0.995539	      1.00155	      1.01650	      1.02007	      1.01486	      1.00821	
  1.55235e+08	     0.999077	     0.999313	      1.00162	      1.00682	      1.00873	      1.00867	     0.999466	     0.998658	      1.02101	      1.02253	      1.01334	      1.01188	
  1.55315e+08	     0.998361	      1.00177	     0.997177	      1.00257	      1.00821	      1.01134	     0.994291	      1.00649	      1.01959	      1.02255	      1.00356	      1.00670	
  1.55395e+08	     0.986782	     0.984733	     0.986701	     0.981499	     0.997770	     0.998693	     0.986206	      1.00007	      1.00552	      1.01205	     0.998380	     0.991878	
  1.55475e+08	      1.34523	      1.31369	      1.37483	      1.36304	      1.45530	      1.46236	      1.65329	      1.61157	      1.59606	      1.56727	      1.59856	      1.57447	
  1.55555e+08	      1.34861	      1.31865	      1.36881	      1.36630	      1.45359	      1.46142	      1.65227	      1.61431	      1.59691	      1.56297	      1.59681	      1.57055	
  1.55635e+08	     0.978870	     0.989218	     0.984634	     0.984216	     0.999399	     0.992740	     0.990152	     0.990847	      1.00249	      1.00384	     0.990149	     0.983514	
  1.55715e+08	     0.996926	     0.999493	      1.00189	      1.00828	      1.00967	      1.01063	      1.00619	      1.01530	      1.01788	      1.01762	      1.00838	      1.00841	
  1.55795e+08	     0.996181	      1.01413	     0.998752	      1.00611	      1.01024	      1.01159	      1.00998	      1.00930	      1.01800	      1.01914	      1.00577	      1.00824	
  1.55875e+08	      1.00078	      1.00677	      1.00163	      1.01743	      1.01256	      1.00893	      1.01530	      1.01369	      1.01803	      1.01908	      1.00546	      1.00927	
  1.55955e+08	      1.00068	      1.01035	      1.01050	      1.01362	      1.01199	      1.00658	      1.01248	      1.01497	      1.01585	      1.01665	      1.00501	      1.01390	
  1.56035e+08	      1.00504	      1.00399	      1.00699	      1.00893	      1.01041	      1.01194	      1.01732	      1.01582	      1.01933	      1.01634	      1.00763	      1.01227	
  1.56115e+08	     0.994832	      1.00596	      1.00193	      1.00595	      1.01146	      1.01347	      1.00800	      1.00460	      1.01893	      1.01649	      1.01202	      1.01203	
  1.56195e+08	      1.00024	      1.00459	     0.995885	      1.00482	      1.01165	      1.01502	      1.00494	      1.00631	      1.01751	      1.01648	      1.00842	      1.00859	
  1.56275e+08	      1.00106	      1.00449	     0.995620	      1.00452	      1.01287	      1.01091	      1.00278	      1.00670	      1.02059	      1.02193	      1.00551	      1.00350	
  1.56355e+08	     0.999190	      1.00306	     0.994607	     0.999052	      1.00938	      1.01593	      1.00521	      1.00716	      1.01951	      1.02039	      1.00910	      1.00675	
  1.56435e+08	      1.00309	      1.00381	     0.995879	      1.00135	      1.00415	      1.01511	      1.00874	      1.00781	      1.01438	      1.01488	      1.00008	      1.00394	
  1.56515e+08	     0.994116	      1.00517	     0.999168	     0.998675	      1.00763	      1.01393	     0.998665	      1.01302	      1.01603	      1.01461	      1.00692	     0.991053	
  1.56595e+08	     0.993115	      1.00015	     0.997901	     0.998418	      1.01096	      1.01139	     0.998543	      1.01056	      1.01502	      1.01591	      1.00322	      1.00394	
  1.56675e+08	     0.981880	     0.989856	     0.984236	     0.985954	     0.992221	     0.999606	     0.987250	     0.999223	      1.00012	     0.999128	     0.992446	     0.988250	
  1.56755e+08	      1.34769	      1.31646	      1.37266	      1.36847	      1.45154	      1.45739	      1.64668	      1.61532	      1.59398	      1.55882	      1.59182	      1.56407	
  1.56835e+08	      1.35429	      1.32260	      1.38221	      1.37601	      1.45365	      1.45471	      1.64929	      1.62318	      1.59762	      1.56052	      1.59440	      1.56560	
  1.56915e+08	     0.983903	      1.00139	     0.983799	     0.986701	     0.989014	     0.999684	     0.977394	     0.994650	     0.994856	     0.991524	     0.980246	     0.980967	
  1.56995e+08	      1.00368	      1.00633	      1.00022	      1.00166	      1.00710	      1.01245	      1.00351	      1.01107	      1.01531	      1.00983	      1.00469	      1.00291	
  1.57075e+08	      1.00742	      1.00327	      1.00136	      1.00500	      1.00914	      1.01303	      1.00312	      1.00917	      1.01973	      1.01213	      1.00323	      1.00331	
  1.57155e+08	      1.00805	      1.00884	      1.00442	      1.00737	      1.00822	      1.01317	      1.00674	      1.01457	      1.01281	      1.02001	      1.00749	      1.00725	
  1.57235e+08	      1.00611	      1.00428	      1.00711	      1.00788	      1.00646	      1.01119	      1.00821	      1.01391	      1.02325	      1.02295	      1.00814	      1.00646	
  1.57315e+08	      1.00209	      1.00637	      1.00970	      1.01146	      1.00577	      1.00892	      1.00828	      1.01999	      1.01684	      1.01989	      1.01168	      1.00682	
  1.57395e+08	      1.00100	      1.00450	      1.01059	      1.01032	     0.999362	      1.00324	      1.00784	      1.01794	      1.01777	      1.01862	      1.01135	      1.01164	
  1.57475e+08	     0.997369	      1.00224	      1.01029	      1.00696	     0.991928	     0.993273	      1.00511	      1.00368	      1.01327	      1.01516	      1.00616	     0.998335	
  1.57555e+08	     0.997422	      1.00437	      1.01358	      1.01007	     0.992766	     0.996079	      1.00076	      1.01253	      1.01821	      1.01155	     0.997873	      1.00458	
  1.57635e+08	     0.999156	     0.998341	      1.01241	      1.01043	     0.992705	     0.998698	      1.00449	      1.01089	      1.01873	      1.01355	      1.00334	      1.00555	
  1.57715e+08	     0.994505	     0.990293	      1.01206	      1.01132	     0.996212	     0.989890	     0.998766	     0.999201	      1.01604	      1.01188	     0.997988	      1.00095	
  1.57795e+08	     0.990261	     0.985732	      1.01213	      1.00957	     0.990312	      1.00243	      1.00217	      1.01046	      1.01392	      1.01566	      1.00366	      1.00771	
  1.57875e+08	     0.986606	     0.983212	      1.00790	      1.00793	     0.998016	     0.992222	      1.00671	      1.01172	      1.01830	      1.01614	      1.00590	      1.00905	
  1.57955e+08	     0.975411	     0.972134	     0.994138	     0.997081	     0.987760	     0.987357	     0.985455	     0.992159	      1.00523	      1.00046	     0.995172	     0.991378	
  1.58035e+08	      1.35465	      1.31735	      1.38025	      1.36987	      1.45419	      1.44480	      1.64819	      1.61909	      1.59440	      1.55930	      1.59256	      1.56311	
  1.58115e+08	      1.36110	      1.32498	      1.38973	      1.37606	      1.46047	      1.45817	      1.66381	      1.62484	      1.59837	      1.56444	      1.59472	      1.56406	
  1.58195e+08	     0.962202	     0.971521	     0.999818	     0.996529	     0.983914	     0.986119	     0.988086	     0.993952	      1.00552	      1.00241	     0.985999	     0.988731	
  1.58275e+08	     0.988328	     0.984794	      1.01491	      1.01413	     0.996112	      1.00480	      1.00819	      1.00816	      1.02442	      1.02271	      1.00577	      1.00220	
  1.58355e+08	     0.991378	     0.993584	      1.01682	      1.01608	     0.998990	      1.00480	      1.01538	      1.01752	      1.02707	      1.02892	      1.00900	      1.00903	
  1.58435e+08	     0.986093	     0.986881	      1.01850	      1.01545	      1.00620	      1.00207	      1.01036	      1.02271	      1.02645	      1.02748	      1.00324	      1.00555	
  1.58515e+08	     0.988988	     0.990676	      1.01716	      1.01105	     0.999516	      1.00543	      1.01412	      1.01667	      1.02854	      1.02300	      1.00635	      1.00563	
  1.58595e+08	     0.990265	     0.993241	      1.00820	      1.01364	      1.00523	      1.00325	      1.00572	      1.01639	      1.03499	      1.03005	      1.00801	      1.00162	
  1.58675e+08	     0.987723	     0.990257	      1.01026	      1.00783	      1.00599	      1.00907	      1.01762	      1.01389	      1.02639	      1.02759	      1.00413	      1.00571	
  1.58755e+08	     0.988455	     0.996541	      1.01156	      1.00998	      1.00338	      1.00435	      1.01482	      1.01879	      1.02334	      1.02485	      1.01090	      1.00204	
  1.58835e+08	     0.989508	     0.988202	      1.01658	      1.00821	      1.00233	      1.00828	      1.00599	      1.00946	      1.02209	      1.02560	      1.01183	      1.01231	
  1.58915e+08	     0.983885	     0.985952	      1.01451	      1.01163	      1.00657	      1.00620	      1.00820	      1.00095	      1.01819	      1.02898	      1.00286	      1.00373	
  1.58995e+08	     0.984336	     0.983973	      1.01387	      1.01164	      1.00223	      1.00812	      1.01523	      1.01210	      1.02027	      1.02797	      1.00838	      1.00161	
  1.59075e+08	     0.987169	     0.986880	      1.02071	      1.00985	      1.00474	      1.00897	      1.00298	      1.00521	      1.01640	      1.02151	      1.00792	      1.00488	
  1.59155e+08	     0.987348	     0.985632	      1.01319	      1.00721	      1.00481	      1.01034	      1.01370	      1.01551	      1.01853	      1.02279	      1.00842	      1.00584	
  1.59235e+08	     0.968716	     0.979423	     0.997945	     0.996327	     0.988499	     0.992249	     0.990531	     0.997533	     0.995918	      1.00517	     0.985780	     0.990699	
  1.59315e+08	      1.36237	      1.32579	      1.39287	      1.37623	      1.45673	      1.45742	      1.66183	      1.62369	      1.59660	      1.56600	      1.59362	      1.55948	
  1.59395e+08	      1.36880	      1.33379	      1.40114	      1.37980	      1.46184	      1.46251	      1.67629	      1.63200	      1.60037	      1.57087	      1.59973	      1.55802	
  1.59475e+08	     0.967145	     0.971476	     0.992874	     0.991056	     0.987065	     0.987717	     0.996908	     0.998489	     0.999830	      1.00026	     0.990405	     0.990521	
  1.59555e+08	     0.991054	     0.988435	      1.01057	      1.01107	      1.00270	      1.00651	      1.01064	      1.01356	      1.01714	      1.01590	      1.00860	      1.00159	
  1.59635e+08	     0.990669	     0.996598	      1.00767	      1.01076	     0.998256	      1.00737	      1.01221	      1.01921	      1.01549	      1.01801	      1.00452	      1.00784	
  1.59715e+08	     0.986259	     0.994130	      1.01200	      1.01622	      1.00161	      1.00645	      1.01913	      1.01127	      1.01414	      1.01894	      1.01033	      1.00876	
  1.59795e+08	     0.988008	     0.998321	      1.01551	      1.01082	      1.00233	      1.00178	      1.02158	      1.01589	      1.01538	      1.02593	      1.00437	      1.00615	
  1.59875e+08	     0.996367	     0.998783	      1.01700	      1.01451	      1.00412	     0.999359	      1.02199	      1.01447	      1.01396	      1.02945	      1.00666	      1.00488	
  1.59955e+08	      1.00001	     0.999115	      1.01791	      1.01309	     0.996645	      1.00002	      1.01532	      1.00753	      1.01489	      1.02084	      1.00195	      1.00536	
  1.60035e+08	      1.00352	      1.00351	      1.01522	      1.01152	     0.989792	     0.996222	      1.01695	      1.01627	      1.01477	      1.02081	      1.00367	      1.00198	
  1.60115e+08	     0.998384	      1.00634	      1.01463	      1.00820	     0.996942	      1.00083	      1.01879	      1.01493	      1.01729	      1.02005	      1.00915	      1.00585	
  1.60195e+08	      1.00875	      1.00192	      1.02191	      1.00778	     0.995431	     0.998741	      1.01536	      1.01794	      1.02151	      1.01833	      1.00917	     0.996677	
  1.60275e+08	      1.00894	      1.01502	      1.01214	      1.01107	     0.994599	     0.998211	      1.02122	      1.01031	      1.02163	      1.02368	      1.00434	     0.999567	
  1.60355e+08	      1.01016	      1.01227	      1.00747	      1.01355	     0.995694	     0.997853	      1.01986	      1.00918	      1.01884	      1.01785	      1.00169	     0.997253	
  1.60435e+08	      1.00728	      1.01643	      1.00867	      1.01024	     0.993794	     0.991695	      1.01186	      1.01556	      1.01893	      1.01710	      1.00589	     0.994089	
  1.60515e+08	     0.992921	      1.00526	     0.993508	      1.00064	     0.984725	     0.986796	      1.00452	      1.00275	      1.00269	      1.00580	     0.995554	     0.981908	
  1.60595e+08	      1.36949	      1.33830	      1.40239	      1.37832	      1.46337	      1.44941	      1.67686	      1.63237	      1.60014	      1.57123	      1.59495	      1.55388	
  1.60675e+08	      1.37587	      1.34593	      1.40942	      1.38536	      1.46744	      1.45306	      1.67438	      1.63701	      1.60286	      1.57404	      1.59386	      1.55373	
  1.60755e+08	     0.999976	     0.994369	     0.993819	     0.992872	     0.981082	     0.979792	      1.00065	     0.997243	     0.999546	     0.998489	     0.990391	     0.977574	
  1.60835e+08	      1.01045	      1.01519	      1.01363	      1.00967	     0.996631	      1.00246	      1.01791	      1.02082	      1.01900	      1.01971	      1.00796	      1.00023	
  1.60915e+08	      1.01589	      1.00813	      1.01343	      1.01365	      1.00064	     0.997495	      1.02795	      1.02480	      1.01680	      1.01530	     0.999776	     0.998118	
  1.60995e+08	      1.01425	      1.01396	      1.01195	      1.01305	      1.00268	     0.995041	      1.01726	      1.03181	      1.01436	      1.01196	      1.00117	     0.995440	
  1.61075e+08	      1.01558	      1.01712	      1.01427	      1.01063	     0.996490	     0.999738	      1.01428	      1.01201	      1.01288	      1.01990	      1.00099	     0.995479	
  1.61155e+08	      1.01100	      1.02620	      1.01756	      1.01661	      1.00060	     0.999782	      1.01779	      1.01285	      1.01895	      1.01315	      1.00258	     0.998047	
  1.61235e+08	      1.00624	      1.00778	      1.00984	      1.01242	      1.00064	      1.00313	      1.01233	      1.01165	      1.01766	      1.01605	     0.998399	     0.991804	
  1.61315e+08	      1.01731	      1.01227	      1.01697	      1.02005	      1.00369	      1.00252	      1.01135	      1.00575	      1.01405	      1.02144	      1.00016	     0.985782	
  1.61395e+08	      1.00819	      1.02225	      1.01493	      1.02141	      1.00367	      1.00162	      1.02699	      1.02087	      1.01499	      1.01406	     0.999063	     0.995947	
  1.61475e+08	      1.00855	      1.01675	      1.01408	      1.02323	      1.00050	     0.998058	      1.01425	      1.01570	      1.01687	      1.01666	      1.00129	     0.987434	
  1.61555e+08	      1.01178	      1.01543	      1.01469	      1.01903	      1.00032	     0.994670	      1.01618	      1.01350	      1.01526	      1.01671	      1.00484	     0.993644	
  1.61635e+08	      1.01881	      1.01584	      1.01500	      1.01791	      1.00047	     0.993676	      1.02252	      1.02315	      1.00992	      1.01933	      1.00501	     0.994567	
  1.61715e+08	      1.01473	      1.00823	      1.01160	      1.01865	     0.996595	     0.997344	      1.02166	      1.02537	      1.01537	      1.01919	     0.998298	     0.994271	
  1.61795e+08	     0.998330	     0.997895	      1.00491	      1.00205	     0.985463	     0.979488	      1.00326	      1.00027	     0.999203	      1.00858	     0.983396	     0.982474	
  1.61875e+08	      1.37387	      1.34491	      1.40593	      1.39290	      1.46473	      1.45118	      1.67377	      1.62795	      1.59750	      1.56888	      1.58645	      1.54813	
  1.61955e+08	      1.37866	      1.34850	      1.40996	      1.38899	      1.46413	      1.45097	      1.67397	      1.62814	      1.59749	      1.56778	      1.57993	      1.54593	
  1.62035e+08	     0.993942	     0.996779	      1.00426	      1.00984	     0.974709	     0.979290	     0.990971	     0.992754	      1.00637	      1.00104	     0.982158	     0.978693	
  1.62115e+08	      1.01481	      1.01527	      1.02343	      1.02714	     0.988837	     0.993996	      1.01493	      1.00422	      1.01622	      1.01957	     0.997680	     0.994511	
  1.62195e+08	      1.01349	      1.01692	      1.02478	      1.03492	     0.991937	     0.994478	      1.00693	     0.998979	      1.01109	      1.01448	     0.993243	     0.993797	
  1.62275e+08	      1.01836	      1.01339	      1.02652	      1.03188	     0.992010	     0.995919	      1.00341	     0.994397	      1.01581	      1.01704	     0.992578	     0.985680	
  1.62355e+08	      1.00735	      1.00914	      1.03352	      1.03598	     0.991765	     0.989591	     0.989847	     0.999002	      1.01358	      1.01318	     0.991691	     0.997678	
  1.62435e+08	      1.00952	      1.00680	      1.02739	      1.03355	     0.990723	     0.984178	      1.00818	      1.00700	      1.01121	      1.01094	     0.998515	     0.992810	
  1.62515e+08	      1.00613	      1.00781	      1.02878	      1.02922	     0.992574	     0.993330	      1.00752	      1.00926	      1.01135	      1.01072	     0.989939	     0.990870	
  1.62595e+08	      1.01034	      1.00832	      1.02753	      1.02707	     0.989113	     0.986466	     0.997850	      1.00452	      1.00710	     0.999800	     0.987947	     0.982841	
  1.62675e+08	      1.00452	      1.00582	      1.02252	      1.02790	     0.986431	     0.989198	      1.00250	     0.997044	      1.00835	      1.00699	     0.993198	     0.984709	
  1.62755e+08	      1.00531	      1.00383	      1.02272	      1.02879	     0.980279	     0.983498	     0.998887	      1.00384	      1.00599	      1.00591	     0.990054	     0.984920	
  1.62835e+08	      1.00658	     0.998955	      1.02335	      1.02689	     0.981171	     0.986149	     0.999144	      1.01725	      1.00764	      1.00718	     0.986702	     0.981310	
  1.62915e+08	     0.998731	      1.00270	      1.01660	      1.02586	     0.979657	     0.978601	      1.01020	      1.00660	      1.00597	      1.00663	     0.987378	     0.980682	
  1.62995e+08	     0.997870	      1.00165	      1.01806	      1.02102	     0.980229	     0.976069	      1.00221	      1.00162	      1.00660	      1.00117	     0.986243	     0.974758	
  1.63075e+08	     0.985442	     0.984901	      1.00400	      1.00846	     0.959267	     0.963014	     0.986985	     0.994212	     0.993701	     0.989899	     0.969209	     0.964123	
  1.63155e+08	      1.37532	      1.34534	      1.40509	      1.38621	      1.45656	      1.44110	      1.66773	      1.62309	      1.59067	      1.56114	      1.56946	      1.53498	
  1.63235e+08	      1.37898	      1.34650	      1.40676	      1.38305	      1.45426	      1.43595	      1.67100	      1.62234	      1.58792	      1.55857	      1.56502	      1.53164	
  1.63315e+08	     0.986145	     0.980451	      1.00939	      1.00668	     0.963878	     0.963886	     0.980837	     0.993073	     0.989780	     0.986516	     0.962357	     0.961199	
  1.63395e+08	      1.00144	     0.999088	      1.02564	      1.02179	     0.979596	     0.979150	      1.00065	      1.00848	      1.01363	      1.00265	     0.978464	     0.974797	
  1.63475e+08	      1.00842	     0.999370	      1.02353	      1.02781	     0.981155	     0.985856	      1.00024	      1.01372	      1.01084	      1.00872	     0.984323	     0.976986	
  1.63555e+08	      1.00337	      1.00429	      1.02680	      1.02511	     0.976202	     0.976360	      1.01067	      1.00972	      1.01008	      1.00282	     0.980502	     0.975962	
  1.63635e+08	      1.00743	      1.00311	      1.01849	      1.01891	     0.979345	     0.976016	      1.00162	      1.00754	      1.00900	      1.00501	     0.979137	     0.977913	
  1.63715e+08	      1.00151	      1.00428	      1.01988	      1.02594	     0.980226	     0.985213	      1.00255	      1.00989	      1.01011	      1.00854	     0.978072	     0.975860	
  1.63795e+08	      1.00202	     0.996565	      1.01891	      1.01667	     0.980015	     0.979673	      1.02441	      1.00603	      1.00815	      1.00670	     0.979766	     0.978515	
  1.63875e+08	     0.997056	      1.00759	      1.02694	      1.01508	     0.975748	     0.988020	      1.00999	     0.994505	      1.00575	      1.00576	     0.977505	     0.971209	
  1.63955e+08	      1.00390	      1.00719	      1.02324	      1.02057	     0.980549	     0.987583	      1.01905	      1.00639	      1.00671	      1.00963	     0.976802	     0.976021	
  1.64035e+08	      1.00467	      1.01314	      1.02120	      1.01626	     0.986670	     0.986043	      1.00354	      1.00465	      1.01044	      1.00767	     0.975339	     0.976740	
  1.64115e+08	      1.00026	      1.00890	      1.02354	      1.01511	     0.985916	     0.985485	      1.01407	      1.00972	      1.00620	      1.00347	     0.974784	     0.973788	
  1.64195e+08	      1.00648	      1.01100	      1.02196	      1.00823	     0.984479	     0.984052	      1.00453	      1.00428	      1.00493	      1.00432	     0.973268	     0.972743	
  1.64275e+08	     0.999522	     0.999145	      1.01629	      1.01191	     0.974731	     0.980830	      1.00564	      1.01118	      1.00273	      1.00474	     0.972338	     0.969779	
  1.64355e+08	     0.986799	     0.993306	      1.00216	     0.994917	     0.964574	     0.971845	     0.987989	     0.997271	     0.989835	     0.986603	     0.965314	     0.955444	
  1.64435e+08	      1.37469	      1.34783	      1.39814	      1.38227	      1.44569	      1.42929	      1.63985	      1.61230	      1.57781	      1.54842	      1.55667	      1.52093	
  1.64515e+08	      1.37017	      1.34271	      1.39247	      1.37536	      1.43615	      1.42210	      1.63056	      1.60044	      1.56836	      1.53741	      1.54531	      1.51003	
  1.64595e+08	     0.989318	     0.987511	     0.997382	     0.994000	     0.958977	     0.956798	     0.988049	     0.992102	     0.990663	     0.984578	     0.955369	     0.954388	
  1.64675e+08	      1.00439	      1.00747	      1.01345	      1.01018	     0.964128	     0.967834	     0.999751	     0.992735	      1.00288	      1.00387	     0.974597	     0.967263	
  1.64755e+08	      1.00342	      1.00429	      1.01184	      1.00777	     0.970967	     0.971629	      1.00416	      1.00813	     0.999818	     0.999823	     0.970347	     0.966897	
  1.64835e+08	      1.00530	      1.00126	      1.01085	      1.00400	     0.968719	     0.967881	      1.00235	      1.00098	      1.01013	      1.00168	     0.963381	     0.967432	
  1.64915e+08	      1.00792	      1.00645	      1.00651	      1.00305	     0.967099	     0.973531	      1.00701	      1.00858	     0.999608	     0.996439	     0.968957	     0.959866	
  1.64995e+08	      1.00370	      1.00170	      1.00554	      1.00194	     0.971887	     0.972006	      1.00734	      1.00365	      1.00401	     0.996790	     0.965587	     0.962288	
  1.65075e+08	      1.00351	      1.00153	      1.00288	     0.996663	     0.970983	     0.973084	      1.00584	      1.00216	     0.994443	     0.995810	     0.960694	     0.957968	
  1.65155e+08	     0.997687	      1.00305	      1.00422	      1.00031	     0.961973	     0.967146	     0.995454	      1.00106	     0.990007	     0.989644	     0.961166	     0.960675	
  1.65235e+08	     0.999035	     0.997278	     0.999487	     0.997765	     0.964074	     0.964760	     0.994200	     0.994198	     0.995613	     0.995180	     0.956658	     0.958615	
  1.65315e+08	      1.00017	     0.998268	      1.00343	     0.999333	     0.962101	     0.966707	     0.999867	     0.993804	     0.996032	     0.995200	     0.961507	     0.957361	
  1.65395e+08	     0.999756	     0.998246	      1.00035	     0.994988	     0.962385	     0.968621	     0.990661	     0.992096	     0.994974	     0.985543	     0.958747	     0.953414	
  1.65475e+08	     0.995535	      1.00023	     0.999196	     0.994780	     0.961371	     0.966276	     0.983372	     0.988452	     0.996381	     0.993507	     0.953539	     0.957018	
  1.65555e+08	      1.00458	     0.992868	     0.999259	     0.993295	     0.964834	     0.966703	     0.975004	     0.985632	     0.992670	     0.991841	     0.949113	     0.956879	
  1.65635e+08	     0.988452	     0.985547	     0.978674	     0.981009	     0.955573	     0.950626	     0.967103	     0.971444	     0.974902	     0.973059	     0.943191	     0.941577	
  1.65715e+08	      1.36545	      1.33699	      1.38208	      1.35835	      1.42454	      1.41272	      1.63770	      1.59048	      1.55940	      1.52549	      1.53043	      1.49665	
  1.65795e+08	      1.36312	      1.32842	      1.37624	      1.36198	      1.41492	      1.40489	      1.61994	      1.58466	      1.55228	      1.51606	      1.52101	      1.48654	
  1.65875e+08	     0.976665	     0.968897	     0.976781	     0.968816	     0.945108	     0.951168	     0.964742	     0.964522	     0.971877	     0.972078	     0.942505	     0.931461	
  1.65955e+08	     0.997292	     0.988800	     0.990997	     0.989698	     0.967106	     0.968311	     0.979610	     0.982416	     0.982400	     0.984858	     0.956291	     0.963923	
  1.66035e+08	     0.996443	     0.990583	     0.992883	     0.989322	     0.967578	     0.965234	     0.976376	     0.978044	     0.981917	     0.984521	     0.962356	     0.957418	
  1.66115e+08	     0.994520	     0.990074	     0.995988	     0.990940	     0.966727	     0.968850	     0.976688	     0.980856	     0.981507	     0.982828	     0.954997	     0.956104	
  1.66195e+08	     0.987172	     0.983836	     0.996486	     0.988573	     0.965215	     0.970363	     0.961266	     0.979812	     0.983590	     0.986350	     0.953369	     0.948108	
  1.66275e+08	     0.995453	     0.995193	     0.997518	     0.993559	     0.964068	     0.961666	     0.966593	     0.972127	     0.981311	     0.985362	     0.949539	     0.951555	
  1.66355e+08	      1.00004	      1.00054	     0.998431	     0.987642	     0.961100	     0.965196	     0.956196	     0.965823	     0.972803	     0.981575	     0.951102	     0.952842	
  1.66435e+08	     0.999146	     0.991426	     0.995132	     0.984331	     0.954247	     0.962975	     0.972920	     0.969717	     0.975397	     0.982504	     0.943662	     0.947673	
  1.66515e+08	     0.993288	     0.994495	     0.990840	     0.983561	     0.961641	     0.969079	     0.967251	     0.971546	     0.981858	     0.985239	     0.947122	     0.947176	
  1.66595e+08	     0.993748	     0.990620	     0.984946	     0.983928	     0.963607	     0.971087	     0.965513	     0.967903	     0.976278	     0.979808	     0.943878	     0.948995	
  1.66675e+08	     0.987068	     0.989703	     0.981972	     0.980798	     0.960298	     0.962350	     0.959717	     0.968524	     0.970958	     0.977692	     0.942436	     0.947101	
  1.66755e+08	     0.991232	     0.989162	     0.976690	     0.979204	     0.960047	     0.963831	     0.960144	     0.970580	     0.972138	     0.977984	     0.939337	     0.944864	
  1.66835e+08	     0.988891	     0.989526	     0.978221	     0.980594	     0.957967	     0.964667	     0.959749	     0.968036	     0.969451	     0.977804	     0.933524	     0.938341	
  1.66915e+08	     0.972765	     0.969116	     0.962169	     0.966401	     0.944916	     0.950247	     0.945654	     0.951431	     0.957688	     0.965631	     0.925466	     0.929929	
  1.66995e+08	      1.35646	      1.32160	      1.36218	      1.35083	      1.40536	      1.39498	      1.61285	      1.57452	      1.53950	      1.50453	      1.50921	      1.47430	
  1.67075e+08	      1.35719	      1.32080	      1.35843	      1.35153	      1.40156	      1.38862	      1.60585	      1.57178	      1.53360	      1.50011	      1.50376	      1.46432	
  1.67155e+08	     0.972217	     0.964277	     0.965181	     0.959254	     0.943115	     0.942320	     0.939497	     0.945479	     0.957821	     0.957891	     0.919393	     0.928465	
  1.67235e+08	     0.981693	     0.978389	     0.986232	     0.977698	     0.960820	     0.962289	     0.966492	     0.969183	     0.971488	     0.976139	     0.936109	     0.937412	
  1.67315e+08	     0.987115	     0.973086	     0.981604	     0.978347	     0.960163	     0.962707	     0.966160	     0.969123	     0.977362	     0.980143	     0.935551	     0.944022	
  1.67395e+08	     0.982362	     0.970504	     0.981184	     0.975840	     0.957336	     0.963538	     0.969370	     0.973614	     0.973939	     0.981077	     0.936990	     0.946785	
  1.67475e+08	     0.982007	     0.981790	     0.970935	     0.975594	     0.957513	     0.959873	     0.961184	     0.971848	     0.973651	     0.979418	     0.944349	     0.939044	
  1.67555e+08	     0.980122	     0.978974	     0.974811	     0.976548	     0.955344	     0.961393	     0.970987	     0.976092	     0.971483	     0.977910	     0.939634	     0.944342	
  1.67635e+08	     0.982265	     0.982571	     0.969380	     0.973765	     0.956168	     0.961128	     0.969594	     0.977346	     0.970515	     0.977590	     0.944211	     0.936377	
  1.67715e+08	     0.985884	     0.981125	     0.978293	     0.969850	     0.957534	     0.960646	     0.967564	     0.980423	     0.959872	     0.968919	     0.938393	     0.935556	
  1.67795e+08	     0.989261	     0.982323	     0.975301	     0.976589	     0.955148	     0.958885	     0.960326	     0.970944	     0.967521	     0.974757	     0.935122	     0.932651	
  1.67875e+08	     0.985781	     0.984086	     0.979606	     0.970993	     0.954265	     0.959718	     0.957431	     0.970465	     0.967344	     0.969301	     0.940107	     0.927326	
  1.67955e+08	     0.985540	     0.988081	     0.976461	     0.963930	     0.957125	     0.956889	     0.960346	     0.969438	     0.964838	     0.966863	     0.931548	     0.930346	
  1.68035e+08	     0.990881	     0.989636	     0.978023	     0.962694	     0.953472	     0.955901	     0.960746	     0.970848	     0.970134	     0.968818	     0.938722	     0.928828	
  1.68115e+08	     0.997315	     0.993731	     0.970480	     0.963722	     0.954538	     0.955572	     0.959418	     0.957045	     0.963676	     0.965616	     0.936793	     0.928377	
  1.68195e+08	     0.980758	     0.976901	     0.953198	     0.954442	     0.940838	     0.944775	     0.962742	     0.940931	     0.942939	     0.946782	     0.917723	     0.915462	
  1.68275e+08	      1.35106	      1.31583	      1.35203	      1.34377	      1.39279	      1.37926	      1.59696	      1.56105	      1.52178	      1.49123	      1.49389	      1.45000	
  1.68355e+08	      1.35340	      1.31899	      1.35378	      1.34224	      1.38946	      1.37921	      1.59765	      1.55931	      1.52024	      1.48738	      1.48909	      1.44606	
  1.68435e+08	     0.974558	     0.966512	     0.953655	     0.950600	     0.938735	     0.934705	     0.941360	     0.946775	     0.946442	     0.947144	     0.909778	     0.906430	
  1.68515e+08	     0.993505	     0.990480	     0.968099	     0.976608	     0.955397	     0.962429	     0.948624	     0.959312	     0.962775	     0.965767	     0.924673	     0.921701	
  1.68595e+08	     0.991182	     0.984661	     0.970622	     0.976392	     0.953338	     0.955700	     0.951074	     0.962541	     0.959191	     0.965836	     0.935724	     0.920534	
  1.68675e+08	     0.996089	     0.988200	     0.976697	     0.974641	     0.962201	     0.956786	     0.949354	     0.958676	     0.953700	     0.962121	     0.920678	     0.917589	
  1.68755e+08	     0.992349	     0.988903	     0.970802	     0.973705	     0.954819	     0.955746	     0.955622	     0.958790	     0.955719	     0.960813	     0.922029	     0.915834	
  1.68835e+08	     0.993111	     0.993610	     0.975253	     0.974165	     0.949110	     0.956018	     0.955453	     0.961203	     0.953560	     0.956318	     0.916683	     0.914794	
  1.68915e+08	     0.994759	      1.00198	     0.971427	     0.970582	     0.953428	     0.953806	     0.946344	     0.952159	     0.952333	     0.959098	     0.922392	     0.913128	
  1.68995e+08	     0.993329	     0.990475	     0.969409	     0.966380	     0.948620	     0.948712	     0.949782	     0.955441	     0.954376	     0.953046	     0.905605	     0.915302	
  1.69075e+08	     0.999494	     0.991403	     0.965324	     0.971887	     0.950544	     0.952387	     0.947611	     0.956685	     0.957159	     0.963385	     0.911687	     0.910710	
  1.69155e+08	     0.993804	     0.991663	     0.969303	     0.965241	     0.947174	     0.950925	     0.947812	     0.955395	     0.960053	     0.964149	     0.912490	     0.915820	
  1.69235e+08	     0.988434	     0.994854	     0.965285	     0.970425	     0.944623	     0.955258	     0.946273	     0.959049	     0.955978	     0.963905	     0.911951	     0.909877	
  1.69315e+08	     0.997401	     0.988757	     0.969799	     0.974950	     0.945281	     0.944797	     0.948889	     0.961055	     0.955917	     0.964354	     0.912882	     0.916458	
  1.69395e+08	     0.991181	     0.993534	     0.972821	     0.967672	     0.945744	     0.945348	     0.942855	     0.950512	     0.954420	     0.961453	     0.915563	     0.911446	
  1.69475e+08	     0.974269	     0.962740	     0.960665	     0.959296	     0.925823	     0.934338	     0.929958	     0.948326	     0.943326	     0.950211	     0.904176	     0.902729	
  1.69555e+08	      1.35394	      1.31415	      1.34583	      1.34225	      1.37325	      1.37264	      1.58732	      1.55350	      1.51403	      1.48055	      1.47921	      1.43741	
