  1.67075e+08	      0.00000	      0.00000	      0.00000	      0.00000	      0.00000	      0.00000	      0.00000	      0.00000	      0.00000	      0.00000	      0.00000	      0.00000	
  1.67155e+08	      1.05386	      1.05745	      1.08575	      1.09098	      1.12794	      1.13349	      1.11139	      1.11959	      1.13337	      1.13819	      1.16166	      1.16430	
  1.67235e+08	      1.07208	      1.07502	      1.10609	      1.10854	      1.14624	      1.15253	      1.13441	      1.13983	      1.15472	      1.15660	      1.18549	      1.18749	
  1.67315e+08	      1.07280	      1.07370	      1.10666	      1.10940	      1.14535	      1.15186	      1.13135	      1.13964	      1.15466	      1.15916	      1.18817	      1.18532	
  1.67395e+08	      1.07130	      1.07360	      1.10327	      1.10756	      1.14311	      1.15025	      1.12929	      1.13550	      1.15402	      1.15707	      1.18621	      1.18655	
  1.67475e+08	      1.07113	      1.07422	      1.10349	      1.10796	      1.14333	      1.14900	      1.12633	      1.13349	      1.15503	      1.15746	      1.18383	      1.18115	
  1.67555e+08	      1.06831	      1.07393	      1.10019	      1.10682	      1.14051	      1.14798	      1.12612	      1.13433	      1.15363	      1.15580	      1.18557	      1.18117	
  1.67635e+08	      1.06860	      1.07506	      1.09683	      1.10730	      1.13995	      1.14629	      1.12715	      1.13556	      1.14989	      1.15538	      1.18606	      1.18084	
  1.67715e+08	      1.07026	      1.07495	      1.09748	      1.10516	      1.13790	      1.14385	      1.12501	      1.12917	      1.14800	      1.15222	      1.18035	      1.18039	
  1.67795e+08	      1.06940	      1.07573	      1.09962	      1.10636	      1.13708	      1.14336	      1.12611	      1.13166	      1.14890	      1.15384	      1.18380	      1.17715	
  1.67875e+08	      1.07122	      1.07687	      1.10082	      1.10500	      1.13545	      1.14325	      1.12866	      1.13066	      1.14658	      1.15129	      1.18207	      1.17713	
  1.67955e+08	      1.07018	      1.07474	      1.09977	      1.10449	      1.13517	      1.14007	      1.12496	      1.13093	      1.14692	      1.15006	      1.18190	      1.17408	
  1.68035e+08	      1.06998	      1.07611	      1.09927	      1.10315	      1.13358	      1.14210	      1.12501	      1.12987	      1.14612	      1.15019	      1.17964	      1.17511	
  1.68115e+08	      1.06940	      1.07407	      1.09706	      1.10299	      1.13312	      1.13920	      1.12164	      1.12530	      1.14530	      1.14797	      1.17672	      1.17182	
  1.68195e+08	      1.05562	      1.06135	      1.08062	      1.08672	      1.11705	      1.12224	      1.10779	      1.10901	      1.12828	      1.13026	      1.15905	      1.15802	
  1.68275e+08	      0.00000	      0.00000	      0.00000	      0.00000	      0.00000	      0.00000	      0.00000	      0.00000	      0.00000	      0.00000	      0.00000	      0.00000	
  1.68355e+08	      0.00000	      0.00000	      0.00000	      0.00000	      0.00000	      0.00000	      0.00000	      0.00000	      0.00000	      0.00000	      0.00000	      0.00000	
  1.68435e+08	      1.04844	      1.05145	      1.06969	      1.08205	      1.11319	      1.11681	      1.10468	      1.10771	      1.12175	      1.12374	      1.15282	      1.14987	
  1.68515e+08	      1.06853	      1.06803	      1.09261	      1.10179	      1.13144	      1.13521	      1.12276	      1.12666	      1.14339	      1.14647	      1.17401	      1.17097	
  1.68595e+08	      1.06757	      1.06745	      1.09343	      1.10221	      1.13245	      1.13561	      1.12630	      1.12589	      1.14188	      1.14573	      1.17294	      1.17270	
  1.68675e+08	      1.06662	      1.06669	      1.09655	      1.10056	      1.13231	      1.13521	      1.12424	      1.12821	      1.14385	      1.14605	      1.17106	      1.17237	
  1.68755e+08	      1.06598	      1.06649	      1.09433	      1.10220	      1.13198	      1.13524	      1.12639	      1.12847	      1.14465	      1.14438	      1.17355	      1.17001	
  1.68835e+08	      1.06790	      1.06674	      1.09595	      1.09972	      1.13220	      1.13294	      1.12634	      1.12759	      1.14405	      1.14712	      1.17155	      1.17133	
  1.68915e+08	      1.06509	      1.06860	      1.09381	      1.09830	      1.13232	      1.13210	      1.12290	      1.12644	      1.14151	      1.14550	      1.16872	      1.17075	
  1.68995e+08	      1.06509	      1.07034	      1.09060	      1.09650	      1.13117	      1.13307	      1.12305	      1.12260	      1.14293	      1.14484	      1.16799	      1.16771	
  1.69075e+08	      1.06767	      1.07165	      1.09091	      1.09794	      1.12964	      1.13450	      1.12326	      1.12583	      1.14027	      1.14576	      1.16803	      1.16711	
  1.69155e+08	      1.06807	      1.07184	      1.08985	      1.09814	      1.13067	      1.13370	      1.12218	      1.12812	      1.14268	      1.14425	      1.16928	      1.16625	
  1.69235e+08	      1.06802	      1.07373	      1.08921	      1.09694	      1.12939	      1.13270	      1.12241	      1.12545	      1.13955	      1.14337	      1.16702	      1.16490	
  1.69315e+08	      1.06960	      1.07359	      1.09160	      1.09967	      1.12908	      1.13051	      1.11840	      1.11897	      1.13784	      1.14231	      1.16592	      1.16380	
  1.69395e+08	      1.06815	      1.07303	      1.09088	      1.09957	      1.12635	      1.12982	      1.12105	      1.12035	      1.13660	      1.14054	      1.16491	      1.16167	
  1.69475e+08	      1.05407	      1.05877	      1.07771	      1.08549	      1.11201	      1.11557	      1.10066	      1.10945	      1.11994	      1.12600	      1.14721	      1.14343	
  1.69555e+08	      0.00000	      0.00000	      0.00000	      0.00000	      0.00000	      0.00000	      0.00000	      0.00000	      0.00000	      0.00000	      0.00000	      0.00000	
  1.69635e+08	      0.00000	      0.00000	      0.00000	      0.00000	      0.00000	      0.00000	      0.00000	      0.00000	      0.00000	      0.00000	      0.00000	      0.00000	
  1.69715e+08	      1.05529	      1.05607	      1.07377	      1.07978	      1.10516	      1.11168	      1.09691	      1.10242	      1.11628	      1.11975	      1.14155	      1.13876	
  1.69795e+08	      1.07429	      1.07176	      1.09350	      1.09820	      1.12283	      1.13001	      1.11468	      1.12139	      1.13759	      1.14153	      1.16256	      1.15932	
  1.69875e+08	      1.07465	      1.07300	      1.09325	      1.09992	      1.12433	      1.12874	      1.11665	      1.12370	      1.13920	      1.14240	      1.16495	      1.16101	
  1.69955e+08	      1.07478	      1.07010	      1.09163	      1.09846	      1.12473	      1.12792	      1.11623	      1.12163	      1.14170	      1.14098	      1.16389	      1.16113	
  1.70035e+08	      1.07358	      1.07060	      1.09034	      1.09871	      1.12415	      1.12727	      1.11953	      1.12345	      1.13782	      1.14016	      1.16292	      1.16098	
  1.70115e+08	      1.07114	      1.07001	      1.09202	      1.10000	      1.12338	      1.12895	      1.11683	      1.12064	      1.13762	      1.14047	      1.16156	      1.15829	
  1.70195e+08	      1.07224	      1.07127	      1.09416	      1.10027	      1.12208	      1.12856	      1.11816	      1.11847	      1.13513	      1.13935	      1.15882	      1.15736	
  1.70275e+08	      1.07307	      1.07280	      1.09835	      1.10043	      1.12361	      1.12816	      1.11435	      1.11913	      1.13486	      1.13551	      1.15932	      1.15734	
  1.70355e+08	      1.07146	      1.07443	      1.09811	      1.09997	      1.12380	      1.12857	      1.11659	      1.12100	      1.13407	      1.13722	      1.16145	      1.15771	
  1.70435e+08	      1.07148	      1.07656	      1.09819	      1.10033	      1.12478	      1.12890	      1.11126	      1.11859	      1.13082	      1.13707	      1.15980	      1.15680	
  1.70515e+08	      1.07483	      1.07652	      1.09583	      1.09751	      1.12452	      1.12809	      1.11293	      1.11347	      1.13454	      1.13698	      1.15897	      1.15635	
  1.70595e+08	      1.07478	      1.07759	      1.09637	      1.09713	      1.12575	      1.12819	      1.10969	      1.11330	      1.13313	      1.13692	      1.15474	      1.15469	
  1.70675e+08	      1.07361	      1.07706	      1.09162	      1.09684	      1.12649	      1.12741	      1.10786	      1.11208	      1.12900	      1.13747	      1.15640	      1.15509	
  1.70755e+08	      1.05977	      1.06329	      1.07561	      1.08242	      1.11275	      1.11149	      1.09654	      1.09770	      1.11589	      1.12097	      1.13732	      1.13625	
  1.70835e+08	      0.00000	      0.00000	      0.00000	      0.00000	      0.00000	      0.00000	      0.00000	      0.00000	      0.00000	      0.00000	      0.00000	      0.00000	
  1.70915e+08	      0.00000	      0.00000	      0.00000	      0.00000	      0.00000	      0.00000	      0.00000	      0.00000	      0.00000	      0.00000	      0.00000	      0.00000	
  1.70995e+08	      1.05578	      1.05721	      1.07394	      1.08001	      1.10770	      1.10591	      1.09404	      1.09237	      1.10926	      1.11515	      1.13351	      1.13206	
  1.71075e+08	      1.07403	      1.07620	      1.09601	      1.10214	      1.12551	      1.12428	      1.11697	      1.11423	      1.13195	      1.13511	      1.15601	      1.15161	
  1.71155e+08	      1.07807	      1.07584	      1.09883	      1.10304	      1.12649	      1.12451	      1.11696	      1.11841	      1.13398	      1.13422	      1.15443	      1.15633	
  1.71235e+08	      1.07585	      1.07623	      1.09858	      1.10245	      1.12543	      1.12414	      1.11720	      1.11845	      1.13393	      1.13403	      1.15477	      1.15270	
  1.71315e+08	      1.07584	      1.07642	      1.09907	      1.10031	      1.12543	      1.12582	      1.11579	      1.11594	      1.13308	      1.13407	      1.15449	      1.15331	
  1.71395e+08	      1.07667	      1.07886	      1.09894	      1.10122	      1.12527	      1.12312	      1.11857	      1.11457	      1.13341	      1.13534	      1.15534	      1.15536	
  1.71475e+08	      1.07476	      1.07960	      1.09703	      1.10167	      1.12469	      1.12467	      1.11912	      1.11790	      1.13295	      1.13478	      1.15642	      1.15415	
  1.71555e+08	      1.07493	      1.08037	      1.09361	      1.10322	      1.12423	      1.12467	      1.11723	      1.12007	      1.13220	      1.13438	      1.15378	      1.15384	
  1.71635e+08	      1.07544	      1.07883	      1.09545	      1.10177	      1.12403	      1.12311	      1.12190	      1.11852	      1.13171	      1.13405	      1.15204	      1.15117	
  1.71715e+08	      1.07566	      1.08100	      1.09565	      1.10303	      1.12106	      1.12499	      1.12518	      1.11631	      1.13118	      1.13202	      1.15310	      1.15377	
  1.71795e+08	      1.07421	      1.07963	      1.09877	      1.10406	      1.12352	      1.12529	      1.12325	      1.11392	      1.13096	      1.13429	      1.15171	      1.15264	
  1.71875e+08	      1.07701	      1.08311	      1.10214	      1.10508	      1.12147	      1.12513	      1.12154	      1.11521	      1.13316	      1.13431	      1.15273	      1.15230	
  1.71955e+08	      1.07623	      1.08318	      1.10352	      1.10378	      1.12219	      1.12370	      1.12742	      1.11629	      1.13187	      1.13356	      1.15080	      1.15143	
  1.72035e+08	      1.06324	      1.06750	      1.08821	      1.08865	      1.10877	      1.10978	      1.10816	      1.10040	      1.11457	      1.11654	      1.13590	      1.13584	
  1.72115e+08	      0.00000	      0.00000	      0.00000	      0.00000	      0.00000	      0.00000	      0.00000	      0.00000	      0.00000	      0.00000	      0.00000	      0.00000	
  1.72195e+08	      0.00000	      0.00000	      0.00000	      0.00000	      0.00000	      0.00000	      0.00000	      0.00000	      0.00000	      0.00000	      0.00000	      0.00000	
  1.72275e+08	      1.06072	      1.06307	      1.07719	      1.08282	      1.10582	      1.10520	      1.10535	      1.09713	      1.10877	      1.11195	      1.12993	      1.12754	
  1.72355e+08	      1.07949	      1.07840	      1.09687	      1.10089	      1.12631	      1.12312	      1.12385	      1.11523	      1.13098	      1.13151	      1.14807	      1.14641	
  1.72435e+08	      1.07926	      1.07973	      1.09640	      1.10388	      1.12640	      1.12377	      1.12241	      1.11068	      1.13120	      1.13228	      1.15017	      1.14707	
  1.72515e+08	      1.08088	      1.07866	      1.09737	      1.10473	      1.12751	      1.12179	      1.12165	      1.10878	      1.13108	      1.13212	      1.15040	      1.14791	
  1.72595e+08	      1.07899	      1.07940	      1.10015	      1.10415	      1.12456	      1.12282	      1.11918	      1.10933	      1.13082	      1.13074	      1.14954	      1.14556	
  1.72675e+08	      1.08072	      1.07891	      1.10078	      1.10484	      1.12415	      1.12183	      1.12035	      1.11187	      1.13177	      1.13080	      1.15030	      1.14793	
  1.72755e+08	      1.08125	      1.07900	      1.10087	      1.10501	      1.12124	      1.12032	      1.12186	      1.11470	      1.12907	      1.13181	      1.14702	      1.14744	
  1.72835e+08	      1.07958	      1.08113	      1.10185	      1.10193	      1.12061	      1.11973	      1.12154	      1.10831	      1.13029	      1.13008	      1.14651	      1.14442	
  1.72915e+08	      1.08041	      1.08359	      1.10160	      1.10224	      1.12230	      1.12082	      1.12115	      1.11041	      1.12970	      1.13077	      1.14756	      1.14438	
  1.72995e+08	      1.08199	      1.08526	      1.09727	      1.10061	      1.12078	      1.11786	      1.12476	      1.11002	      1.13032	      1.13001	      1.14648	      1.14451	
  1.73075e+08	      1.08217	      1.08554	      1.09755	      1.09974	      1.12143	      1.11946	      1.12384	      1.11280	      1.12833	      1.12867	      1.14503	      1.14191	
  1.73155e+08	      1.08137	      1.08734	      1.09655	      1.10003	      1.12079	      1.11785	      1.11764	      1.11156	      1.12717	      1.12949	      1.14426	      1.14232	
  1.73235e+08	      1.08135	      1.08735	      1.09426	      1.10039	      1.11879	      1.11536	      1.11782	      1.10802	      1.12812	      1.12873	      1.14630	      1.14050	
  1.73315e+08	      1.06766	      1.07197	      1.07889	      1.08637	      1.10397	      1.10222	      1.09939	      1.08922	      1.11211	      1.11179	      1.13104	      1.12463	
  1.73395e+08	      0.00000	      0.00000	      0.00000	      0.00000	      0.00000	      0.00000	      0.00000	      0.00000	      0.00000	      0.00000	      0.00000	      0.00000	
  1.73475e+08	      0.00000	      0.00000	      0.00000	      0.00000	      0.00000	      0.00000	      0.00000	      0.00000	      0.00000	      0.00000	      0.00000	      0.00000	
  1.73555e+08	      1.06434	      1.06728	      1.07937	      1.08119	      1.09840	      1.09688	      1.09465	      1.08672	      1.10699	      1.10460	      1.11974	      1.11477	
  1.73635e+08	      1.08338	      1.08438	      1.10171	      1.10081	      1.11475	      1.11410	      1.11370	      1.10442	      1.12808	      1.12609	      1.13938	      1.13456	
  1.73715e+08	      1.08377	      1.08448	      1.09877	      1.10095	      1.11780	      1.11461	      1.11773	      1.10500	      1.12842	      1.12438	      1.14400	      1.13523	
  1.73795e+08	      1.08238	      1.08324	      1.09757	      1.09869	      1.11480	      1.11582	      1.11557	      1.10407	      1.12447	      1.12473	      1.14334	      1.13548	
  1.73875e+08	      1.08378	      1.08120	      1.09523	      1.09746	      1.11612	      1.11453	      1.11518	      1.10645	      1.12507	      1.12315	      1.14360	      1.13371	
  1.73955e+08	      1.08140	      1.08171	      1.09306	      1.09662	      1.11377	      1.11314	      1.11585	      1.10590	      1.12331	      1.12268	      1.14428	      1.13378	
  1.74035e+08	      1.08231	      1.08034	      1.09119	      1.09609	      1.11411	      1.11161	      1.11382	      1.10433	      1.12350	      1.12022	      1.13950	      1.13139	
  1.74115e+08	      1.08132	      1.07996	      1.08958	      1.09575	      1.11411	      1.11092	      1.11428	      1.09490	      1.12182	      1.11911	      1.13534	      1.12808	
  1.74195e+08	      1.08007	      1.08323	      1.09159	      1.09581	      1.11334	      1.11143	      1.10813	      1.10137	      1.11911	      1.11897	      1.13935	      1.12824	
  1.74275e+08	      1.08142	      1.08456	      1.09251	      1.09591	      1.11415	      1.11034	      1.11038	      1.10108	      1.11992	      1.11826	      1.13609	      1.12690	
  1.74355e+08	      1.08066	      1.08529	      1.09431	      1.09340	      1.11219	      1.11107	      1.10955	      1.10146	      1.12032	      1.11654	      1.13295	      1.12514	
  1.74435e+08	      1.08006	      1.08644	      1.09562	      1.09287	      1.11089	      1.10928	      1.10924	      1.09789	      1.11848	      1.11739	      1.13303	      1.12580	
  1.74515e+08	      1.08002	      1.08699	      1.09294	      1.09020	      1.11016	      1.10738	      1.10543	      1.09430	      1.11553	      1.11519	      1.12978	      1.12243	
  1.74595e+08	      1.06502	      1.06895	      1.07533	      1.07348	      1.09541	      1.09259	      1.09120	      1.08342	      1.09580	      1.09881	      1.11583	      1.10686	
  1.74675e+08	      0.00000	      0.00000	      0.00000	      0.00000	      0.00000	      0.00000	      0.00000	      0.00000	      0.00000	      0.00000	      0.00000	      0.00000	
  1.74755e+08	      0.00000	      0.00000	      0.00000	      0.00000	      0.00000	      0.00000	      0.00000	      0.00000	      0.00000	      0.00000	      0.00000	      0.00000	
  1.74835e+08	      1.06016	      1.06267	      1.06711	      1.06776	      1.08832	      1.08533	      1.08115	      1.07533	      1.08579	      1.08981	      1.10702	      1.09710	
  1.74915e+08	      1.07815	      1.07758	      1.08659	      1.08938	      1.10643	      1.10343	      1.10020	      1.09419	      1.10874	      1.10996	      1.12639	      1.11771	
  1.74995e+08	      1.07865	      1.07682	      1.08907	      1.08923	      1.10609	      1.10337	      1.09960	      1.09407	      1.10966	      1.11013	      1.12560	      1.12057	
  1.75075e+08	      1.07760	      1.07590	      1.08929	      1.08924	      1.10505	      1.10160	      1.09991	      1.09737	      1.10757	      1.10793	      1.12396	      1.11709	
  1.75155e+08	      1.07502	      1.07423	      1.08910	      1.08850	      1.10328	      1.09874	      1.10078	      1.09452	      1.10810	      1.10808	      1.12141	      1.11260	
  1.75235e+08	      1.07714	      1.07416	      1.09139	      1.08654	      1.10256	      1.09547	      1.10084	      1.09248	      1.10595	      1.10620	      1.11905	      1.11361	
  1.75315e+08	      1.07546	      1.07272	      1.08876	      1.08597	      1.09929	      1.09360	      1.09419	      1.09068	      1.10813	      1.10672	      1.11622	      1.11222	
  1.75395e+08	      1.07253	      1.07172	      1.08520	      1.08271	      1.09652	      1.09204	      1.09308	      1.09589	      1.10329	      1.10242	      1.11378	      1.10818	
  1.75475e+08	      1.07183	      1.07307	      1.08355	      1.08415	      1.09508	      1.09097	      1.09344	      1.09392	      1.10360	      1.10243	      1.11452	      1.10946	
  1.75555e+08	      1.07242	      1.07384	      1.08234	      1.08171	      1.09490	      1.09053	      1.09433	      1.09398	      1.10185	      1.10033	      1.11326	      1.10579	
  1.75635e+08	      1.07096	      1.07338	      1.08066	      1.08268	      1.09356	      1.08905	      1.09053	      1.09058	      1.10157	      1.09943	      1.11103	      1.10747	
  1.75715e+08	      1.07152	      1.07252	      1.08052	      1.08183	      1.09245	      1.08749	      1.09055	      1.08605	      1.09917	      1.09596	      1.11035	      1.10463	
  1.75795e+08	      1.06845	      1.07349	      1.08114	      1.08036	      1.08929	      1.08689	      1.08936	      1.08616	      1.09494	      1.09384	      1.10679	      1.10285	
  1.75875e+08	      1.05275	      1.05987	      1.06753	      1.06426	      1.07466	      1.06961	      1.07296	      1.07462	      1.07906	      1.07808	      1.08800	      1.08725	
  1.75955e+08	      0.00000	      0.00000	      0.00000	      0.00000	      0.00000	      0.00000	      0.00000	      0.00000	      0.00000	      0.00000	      0.00000	      0.00000	
  1.76035e+08	      0.00000	      0.00000	      0.00000	      0.00000	      0.00000	      0.00000	      0.00000	      0.00000	      0.00000	      0.00000	      0.00000	      0.00000	
  1.76115e+08	      1.04696	      1.04753	      1.06040	      1.05570	      1.06737	      1.06529	      1.06178	      1.06397	      1.06866	      1.06718	      1.07804	      1.07675	
  1.76195e+08	      1.06633	      1.06382	      1.07788	      1.07450	      1.08246	      1.08076	      1.07579	      1.08546	      1.08802	      1.08673	      1.09828	      1.09424	
  1.76275e+08	      1.06643	      1.06278	      1.07507	      1.07406	      1.08265	      1.07921	      1.07763	      1.08471	      1.08948	      1.08729	      1.10091	      1.09743	
  1.76355e+08	      1.06424	      1.05847	      1.07320	      1.07318	      1.07994	      1.07784	      1.07550	      1.08141	      1.08534	      1.08463	      1.10043	      1.09571	
  1.76435e+08	      1.06404	      1.05706	      1.07008	      1.07148	      1.07960	      1.07632	      1.07534	      1.07981	      1.08328	      1.08362	      1.09887	      1.09145	
  1.76515e+08	      1.06038	      1.05567	      1.07035	      1.07200	      1.07726	      1.07666	      1.07005	      1.07834	      1.08434	      1.08122	      1.09559	      1.09148	
  1.76595e+08	      1.06056	      1.05501	      1.07003	      1.07163	      1.07684	      1.07494	      1.06823	      1.07681	      1.08175	      1.08184	      1.09223	      1.08975	
  1.76675e+08	      1.05877	      1.05433	      1.07004	      1.06718	      1.07424	      1.07251	      1.06574	      1.07656	      1.07999	      1.07813	      1.08972	      1.08729	
  1.76755e+08	      1.05818	      1.05340	      1.07082	      1.06674	      1.07510	      1.07107	      1.06935	      1.07376	      1.08106	      1.08020	      1.08716	      1.08515	
  1.76835e+08	      1.05674	      1.05325	      1.06943	      1.06536	      1.07406	      1.06936	      1.06782	      1.07189	      1.07673	      1.07687	      1.08437	      1.08245	
  1.76915e+08	      1.05649	      1.05452	      1.06750	      1.06342	      1.07044	      1.06718	      1.06599	      1.06778	      1.07646	      1.07712	      1.08225	      1.08066	
  1.76995e+08	      1.05565	      1.05647	      1.06384	      1.06127	      1.06891	      1.06552	      1.06690	      1.07209	      1.07369	      1.07498	      1.08057	      1.08086	
  1.77075e+08	      1.05474	      1.05480	      1.06113	      1.05922	      1.06552	      1.06536	      1.06393	      1.07105	      1.07173	      1.07268	      1.07968	      1.07662	
  1.77155e+08	      1.03806	      1.03997	      1.04276	      1.04447	      1.05308	      1.05059	      1.05252	      1.05375	      1.05347	      1.05836	      1.06272	      1.06015	
  1.77235e+08	      0.00000	      0.00000	      0.00000	      0.00000	      0.00000	      0.00000	      0.00000	      0.00000	      0.00000	      0.00000	      0.00000	      0.00000	
  1.77315e+08	      0.00000	      0.00000	      0.00000	      0.00000	      0.00000	      0.00000	      0.00000	      0.00000	      0.00000	      0.00000	      0.00000	      0.00000	
  1.77395e+08	      1.03207	      1.03211	      1.03477	      1.03733	      1.04381	      1.04170	      1.04301	      1.04453	      1.04526	      1.04785	      1.05310	      1.05109	
  1.77475e+08	      1.04985	      1.04656	      1.05734	      1.05511	      1.06109	      1.05676	      1.06615	      1.06128	      1.06724	      1.06778	      1.07238	      1.07101	
  1.77555e+08	      1.04915	      1.04466	      1.05777	      1.05597	      1.05955	      1.05540	      1.06116	      1.05981	      1.06547	      1.06835	      1.07231	      1.07049	
  1.77635e+08	      1.04607	      1.04341	      1.05863	      1.05497	      1.05755	      1.05572	      1.06061	      1.05334	      1.06462	      1.06738	      1.06935	      1.06932	
  1.77715e+08	      1.04629	      1.04168	      1.05628	      1.05214	      1.05640	      1.05292	      1.05962	      1.05467	      1.06299	      1.06421	      1.06629	      1.06730	
  1.77795e+08	      1.04521	      1.04071	      1.05342	      1.05008	      1.05594	      1.05146	      1.06033	      1.05726	      1.05981	      1.06464	      1.06454	      1.06286	
  1.77875e+08	      1.04346	      1.03899	      1.04939	      1.04931	      1.05413	      1.05108	      1.06025	      1.05896	      1.06000	      1.06189	      1.06219	      1.06134	
  1.77955e+08	      1.04054	      1.03719	      1.04423	      1.04570	      1.05017	      1.04678	      1.05593	      1.05360	      1.05516	      1.05725	      1.05726	      1.05508	
  1.78035e+08	      1.04292	      1.03795	      1.04512	      1.04598	      1.04815	      1.04718	      1.05660	      1.05134	      1.05591	      1.05973	      1.05620	      1.05644	
  1.78115e+08	      1.04091	      1.03885	      1.04381	      1.04676	      1.04891	      1.04510	      1.05418	      1.05287	      1.05634	      1.05705	      1.05603	      1.05592	
  1.78195e+08	      1.03952	      1.03874	      1.04339	      1.04333	      1.04681	      1.04538	      1.05382	      1.05126	      1.05942	      1.05628	      1.05487	      1.05424	
  1.78275e+08	      1.03939	      1.04003	      1.04541	      1.04258	      1.04694	      1.04351	      1.05087	      1.05071	      1.05691	      1.05462	      1.05389	      1.05211	
  1.78355e+08	      1.03900	      1.03910	      1.04563	      1.04137	      1.04371	      1.04049	      1.05318	      1.04961	      1.05385	      1.05404	      1.05124	      1.04954	
  1.78435e+08	      1.02146	      1.02537	      1.02984	      1.02570	      1.02949	      1.02493	      1.03545	      1.03207	      1.03712	      1.03783	      1.03466	      1.03230	
  1.78515e+08	      0.00000	      0.00000	      0.00000	      0.00000	      0.00000	      0.00000	      0.00000	      0.00000	      0.00000	      0.00000	      0.00000	      0.00000	
  1.78595e+08	      0.00000	      0.00000	      0.00000	      0.00000	      0.00000	      0.00000	      0.00000	      0.00000	      0.00000	      0.00000	      0.00000	      0.00000	
  1.78675e+08	      1.01510	      1.01728	      1.01972	      1.01674	      1.02152	      1.01998	      1.02611	      1.02750	      1.02801	      1.02711	      1.02556	      1.02761	
  1.78755e+08	      1.03419	      1.03269	      1.03620	      1.03623	      1.04029	      1.03742	      1.04492	      1.04391	      1.04567	      1.04702	      1.04334	      1.04215	
  1.78835e+08	      1.03330	      1.03111	      1.03442	      1.03570	      1.04099	      1.03653	      1.04290	      1.04288	      1.04491	      1.04557	      1.04509	      1.04258	
  1.78915e+08	      1.03562	      1.02829	      1.03360	      1.03579	      1.03908	      1.03449	      1.04164	      1.04276	      1.04405	      1.04418	      1.04117	      1.04101	
  1.78995e+08	      1.03152	      1.02720	      1.03374	      1.03584	      1.03924	      1.03342	      1.03996	      1.04308	      1.04232	      1.04420	      1.04044	      1.03999	
  1.79075e+08	      1.03117	      1.02359	      1.03656	      1.03498	      1.03757	      1.03119	      1.03928	      1.04343	      1.04154	      1.04135	      1.04000	      1.03785	
  1.79155e+08	      1.02957	      1.02325	      1.03810	      1.03442	      1.03551	      1.03150	      1.03654	      1.03878	      1.03835	      1.04130	      1.03723	      1.03697	
  1.79235e+08	      1.02702	      1.02326	      1.03691	      1.03083	      1.03507	      1.03120	      1.03168	      1.03431	      1.03843	      1.03801	      1.03575	      1.03225	
  1.79315e+08	      1.02710	      1.02445	      1.03579	      1.03050	      1.03461	      1.02934	      1.03349	      1.03695	      1.03764	      1.03618	      1.03520	      1.03366	
  1.79395e+08	      1.02786	      1.02363	      1.03478	      1.02832	      1.03366	      1.02918	      1.03381	      1.03333	      1.03631	      1.03478	      1.03258	      1.03347	
  1.79475e+08	      1.02799	      1.02612	      1.03243	      1.02836	      1.03285	      1.02737	      1.03366	      1.03499	      1.03151	      1.03190	      1.03251	      1.03107	
  1.79555e+08	      1.02899	      1.02712	      1.02846	      1.02644	      1.03220	      1.02573	      1.03076	      1.02983	      1.02942	      1.02902	      1.03222	      1.02844	
  1.79635e+08	      1.02761	      1.02954	      1.02560	      1.02459	      1.02915	      1.02501	      1.03020	      1.02804	      1.02926	      1.02701	      1.02820	      1.02517	
  1.79715e+08	      1.01479	      1.01606	      1.01185	      1.01157	      1.01463	      1.01073	      1.01682	      1.01512	      1.01144	      1.01165	      1.01326	      1.00940	
  1.79795e+08	      0.00000	      0.00000	      0.00000	      0.00000	      0.00000	      0.00000	      0.00000	      0.00000	      0.00000	      0.00000	      0.00000	      0.00000	
  1.79875e+08	      0.00000	      0.00000	      0.00000	      0.00000	      0.00000	      0.00000	      0.00000	      0.00000	      0.00000	      0.00000	      0.00000	      0.00000	
  1.79955e+08	      1.00768	      1.00902	      1.01021	      1.00566	      1.00814	      1.00515	      1.00635	      1.00962	      1.00387	      1.00659	      1.00287	      1.00165	
  1.80035e+08	      1.02526	      1.02499	      1.02877	      1.02280	      1.02299	      1.02037	      1.02122	      1.02460	      1.02629	      1.02660	      1.02440	      1.02094	
  1.80115e+08	      1.02544	      1.02620	      1.02925	      1.02263	      1.02433	      1.02084	      1.02278	      1.02578	      1.02544	      1.02586	      1.02334	      1.01887	
  1.80195e+08	      1.02613	      1.02090	      1.02809	      1.02047	      1.02296	      1.02119	      1.02291	      1.02658	      1.02533	      1.02650	      1.02210	      1.01820	
  1.80275e+08	      1.02330	      1.01952	      1.02401	      1.02061	      1.02176	      1.01954	      1.01994	      1.02826	      1.02337	      1.02481	      1.01903	      1.01984	
  1.80355e+08	      1.02414	      1.01746	      1.02351	      1.02091	      1.01960	      1.01880	      1.01995	      1.02376	      1.02327	      1.02260	      1.01738	      1.01921	
  1.80435e+08	      1.02072	      1.01718	      1.02056	      1.02185	      1.01866	      1.01703	      1.01807	      1.02409	      1.02140	      1.02101	      1.01659	      1.01676	
  1.80515e+08	      1.01990	      1.01351	      1.02156	      1.02123	      1.01555	      1.01433	      1.01371	      1.02405	      1.01998	      1.01994	      1.01564	      1.01463	
  1.80595e+08	      1.01851	      1.01701	      1.02114	      1.02187	      1.01478	      1.01495	      1.01643	      1.02763	      1.02087	      1.01972	      1.01630	      1.01505	
  1.80675e+08	      1.01780	      1.01596	      1.02260	      1.02219	      1.01301	      1.01410	      1.01291	      1.02170	      1.02020	      1.01890	      1.01388	      1.01468	
  1.80755e+08	      1.01932	      1.01753	      1.02227	      1.02133	      1.01309	      1.01350	      1.01406	      1.02142	      1.01947	      1.02047	      1.01342	      1.01245	
  1.80835e+08	      1.01834	      1.01913	      1.02267	      1.01982	      1.01067	      1.01111	      1.01442	      1.01926	      1.01831	      1.02102	      1.01162	      1.01178	
  1.80915e+08	      1.01853	      1.02015	      1.02157	      1.01827	      1.00941	      1.01017	      1.01254	      1.01839	      1.01495	      1.01784	      1.01006	      1.01088	
  1.80995e+08	      1.00539	      1.00723	      1.00613	      1.00187	     0.996596	     0.997060	      1.00164	      1.00693	     0.999403	      1.00081	     0.997142	     0.993846	
  1.81075e+08	      0.00000	      0.00000	      0.00000	      0.00000	      0.00000	      0.00000	      0.00000	      0.00000	      0.00000	      0.00000	      0.00000	      0.00000	
  1.81155e+08	      0.00000	      0.00000	      0.00000	      0.00000	      0.00000	      0.00000	      0.00000	      0.00000	      0.00000	      0.00000	      0.00000	      0.00000	
  1.81235e+08	      1.00017	      1.00334	     0.993436	     0.996011	     0.990162	     0.991967	     0.993853	     0.996853	     0.994058	     0.994593	     0.987391	     0.986401	
  1.81315e+08	      1.01956	      1.01840	      1.01383	      1.01580	      1.00547	      1.00959	      1.01333	      1.01600	      1.01231	      1.01361	      1.00765	      1.00739	
  1.81395e+08	      1.01968	      1.01861	      1.01637	      1.01676	      1.00457	      1.01060	      1.01489	      1.01486	      1.01356	      1.01333	      1.00924	      1.00696	
  1.81475e+08	      1.02049	      1.01684	      1.01738	      1.01759	      1.00527	      1.00720	      1.01413	      1.01385	      1.01348	      1.01456	      1.00879	      1.00464	
  1.81555e+08	      1.01887	      1.01438	      1.02019	      1.01580	      1.00425	      1.00768	      1.01440	      1.00977	      1.01462	      1.01311	      1.00773	      1.00518	
  1.81635e+08	      1.01977	      1.01339	      1.02164	      1.01664	      1.00234	      1.00541	      1.00829	      1.00860	      1.01431	      1.01440	      1.00766	      1.00389	
  1.81715e+08	      1.02016	      1.01286	      1.01964	      1.01454	      1.00210	      1.00485	      1.01043	      1.01276	      1.01121	      1.01367	      1.00619	      1.00198	
  1.81795e+08	      1.01772	      1.01138	      1.01860	      1.01265	     0.999955	      1.00497	      1.00666	      1.00830	      1.00720	      1.01166	      1.00629	      1.00256	
  1.81875e+08	      1.01747	      1.01258	      1.01631	      1.01447	      1.00348	      1.00507	      1.00819	      1.00630	      1.00903	      1.01230	      1.00469	      1.00139	
  1.81955e+08	      1.01798	      1.01481	      1.01503	      1.01246	      1.00318	      1.00508	      1.00604	      1.00704	      1.00712	      1.00937	      1.00414	      1.00049	
  1.82035e+08	      1.01736	      1.01481	      1.01271	      1.01236	      1.00270	      1.00474	      1.00658	      1.00517	      1.00771	      1.00997	      1.00309	      1.00014	
  1.82115e+08	      1.01743	      1.01632	      1.01240	      1.01131	      1.00325	      1.00333	      1.00258	      1.00915	      1.00723	      1.00587	      1.00403	     0.998822	
  1.82195e+08	      1.01705	      1.01755	      1.01186	      1.01057	      1.00101	      1.00209	      1.00298	      1.00709	      1.00496	      1.00773	      1.00179	     0.997752	
  1.82275e+08	      1.00327	      1.00541	     0.999860	     0.994834	     0.988165	     0.989809	     0.990495	     0.993652	     0.990248	     0.990868	     0.986556	     0.983907	
  1.82355e+08	      0.00000	      0.00000	      0.00000	      0.00000	      0.00000	      0.00000	      0.00000	      0.00000	      0.00000	      0.00000	      0.00000	      0.00000	
  1.82435e+08	      0.00000	      0.00000	      0.00000	      0.00000	      0.00000	      0.00000	      0.00000	      0.00000	      0.00000	      0.00000	      0.00000	      0.00000	
  1.82515e+08	      1.00242	      1.00237	      1.00025	     0.992150	     0.981653	     0.984963	     0.990246	     0.989779	     0.980001	     0.981837	     0.977009	     0.978509	
  1.82595e+08	      1.01882	      1.01861	      1.01593	      1.00992	     0.999833	      1.00076	      1.00704	      1.00553	     0.998964	     0.999882	     0.997680	     0.997760	
  1.82675e+08	      1.01812	      1.01715	      1.01764	      1.01187	     0.999777	      1.00271	      1.01046	      1.00343	     0.998249	     0.999387	     0.995805	     0.996489	
  1.82755e+08	      1.01830	      1.01420	      1.01364	      1.01240	     0.998097	      1.00079	      1.00933	      1.00342	     0.997179	      1.00060	     0.996966	     0.992673	
  1.82835e+08	      1.01519	      1.01258	      1.01303	      1.01133	     0.997782	      1.00185	      1.00669	      1.00692	     0.999829	      1.00180	     0.995788	     0.993083	
  1.82915e+08	      1.01631	      1.01051	      1.01295	      1.01136	     0.998295	      1.00263	      1.00636	      1.00731	      1.00056	     0.999296	     0.992132	     0.990604	
  1.82995e+08	      1.01202	      1.00863	      1.01453	      1.01321	     0.997676	      1.00157	      1.01076	      1.01004	      1.00071	      1.00016	     0.992917	     0.990368	
  1.83075e+08	      1.01268	      1.00744	      1.01570	      1.01311	     0.998510	     0.998014	      1.00315	      1.00327	     0.999518	     0.997030	     0.993482	     0.990791	
  1.83155e+08	      1.01378	      1.00901	      1.01669	      1.01126	     0.998709	     0.998296	      1.00818	      1.00490	      1.00109	      1.00064	     0.993619	     0.989756	
  1.83235e+08	      1.01317	      1.00903	      1.01782	      1.01050	     0.997024	     0.997130	      1.00453	      1.00663	      1.00171	     0.998662	     0.993331	     0.991317	
  1.83315e+08	      1.01305	      1.00913	      1.01573	      1.00809	     0.998554	     0.995999	      1.00418	      1.00809	     0.999287	     0.998202	     0.992531	     0.989940	
  1.83395e+08	      1.01263	      1.01185	      1.01466	      1.00760	     0.995131	     0.996142	      1.00272	      1.00626	      1.00005	     0.998781	     0.993741	     0.987762	
  1.83475e+08	      1.01206	      1.01566	      1.01324	      1.00670	     0.992898	     0.994440	      1.00208	      1.00136	      1.00035	     0.999622	     0.988014	     0.988618	
  1.83555e+08	     0.999259	      1.00220	     0.996449	     0.992100	     0.982798	     0.983105	     0.987857	     0.985259	     0.985188	     0.984015	     0.975375	     0.969550	
  1.83635e+08	      0.00000	      0.00000	      0.00000	      0.00000	      0.00000	      0.00000	      0.00000	      0.00000	      0.00000	      0.00000	      0.00000	      0.00000	
  1.83715e+08	      0.00000	      0.00000	      0.00000	      0.00000	      0.00000	      0.00000	      0.00000	      0.00000	      0.00000	      0.00000	      0.00000	      0.00000	
  1.83795e+08	     0.996468	      1.00115	     0.992690	     0.991148	     0.977803	     0.978898	     0.978903	     0.981396	     0.974937	     0.978541	     0.970136	     0.968585	
  1.83875e+08	      1.01494	      1.01755	      1.01265	      1.00730	     0.993268	     0.995572	     0.993669	     0.996644	     0.996093	      1.00032	     0.987527	     0.988844	
  1.83955e+08	      1.01494	      1.01660	      1.01569	      1.01028	     0.996983	     0.997604	     0.997569	     0.995814	     0.996155	      1.00007	     0.987274	     0.986139	
  1.84035e+08	      1.01564	      1.01590	      1.01725	      1.00998	     0.995062	     0.995425	     0.997222	      1.00107	     0.996840	      1.00002	     0.987241	     0.988336	
  1.84115e+08	      1.01352	      1.01390	      1.01543	      1.00916	     0.993995	     0.994880	     0.997263	     0.997348	     0.995284	      1.00113	     0.985805	     0.985051	
  1.84195e+08	      1.01470	      1.01100	      1.01374	      1.00777	     0.994880	     0.994061	     0.995400	     0.997989	     0.996048	     0.997259	     0.985871	     0.985251	
  1.84275e+08	      1.01159	      1.00930	      1.01159	      1.00741	     0.993306	     0.993363	     0.995999	     0.995732	     0.993345	     0.995922	     0.983917	     0.983831	
  1.84355e+08	      1.01125	      1.00921	      1.00983	      1.00721	     0.990921	     0.992373	     0.997282	     0.994521	     0.994145	     0.996583	     0.981938	     0.979653	
  1.84435e+08	      1.01135	      1.00711	      1.00993	      1.00730	     0.993024	     0.990499	     0.999890	     0.997187	     0.992009	     0.995071	     0.983869	     0.982409	
  1.84515e+08	      1.01046	      1.00787	      1.00888	      1.00789	     0.991157	     0.991340	     0.998821	     0.999034	     0.992929	     0.993638	     0.983447	     0.979540	
  1.84595e+08	      1.01026	      1.00831	      1.01057	      1.00785	     0.991363	     0.990348	     0.999601	     0.996872	     0.990956	     0.992504	     0.981182	     0.979316	
  1.84675e+08	      1.01032	      1.01140	      1.00973	      1.00763	     0.990619	     0.988519	     0.996252	     0.998344	     0.991525	     0.990633	     0.981573	     0.977223	
  1.84755e+08	      1.00959	      1.01107	      1.01041	      1.00653	     0.989959	     0.988468	     0.997413	     0.994014	     0.990816	     0.989165	     0.979435	     0.974679	
  1.84835e+08	     0.996240	     0.999423	     0.997776	     0.992716	     0.977777	     0.975084	     0.980639	     0.982344	     0.974815	     0.973451	     0.963689	     0.958985	
  1.84915e+08	      0.00000	      0.00000	      0.00000	      0.00000	      0.00000	      0.00000	      0.00000	      0.00000	      0.00000	      0.00000	      0.00000	      0.00000	
  1.84995e+08	      0.00000	      0.00000	      0.00000	      0.00000	      0.00000	      0.00000	      0.00000	      0.00000	      0.00000	      0.00000	      0.00000	      0.00000	
  1.85075e+08	     0.994459	     0.998601	     0.988523	     0.986635	     0.971154	     0.971034	     0.974650	     0.975675	     0.965042	     0.965968	     0.952258	     0.955550	
  1.85155e+08	      1.01292	      1.01517	      1.00635	      1.00359	     0.988320	     0.986393	     0.991244	     0.990995	     0.983142	     0.988470	     0.973131	     0.973728	
  1.85235e+08	      1.01193	      1.01464	      1.00584	      1.00566	     0.987794	     0.986184	     0.992147	     0.994169	     0.985654	     0.987651	     0.975165	     0.974216	
  1.85315e+08	      1.01075	      1.01228	      1.00542	      1.00604	     0.986053	     0.986374	     0.991268	     0.994439	     0.982903	     0.985731	     0.974318	     0.975225	
  1.85395e+08	      1.01178	      1.00885	      1.00618	      1.00542	     0.985139	     0.984654	     0.990661	     0.992378	     0.985126	     0.986846	     0.976077	     0.974232	
  1.85475e+08	      1.00917	      1.00550	      1.00822	      1.00684	     0.984452	     0.984202	     0.990513	     0.990268	     0.983708	     0.985356	     0.972281	     0.973719	
  1.85555e+08	      1.00838	      1.00319	      1.01021	      1.00463	     0.983889	     0.983871	     0.992248	     0.990775	     0.982868	     0.984374	     0.971606	     0.970871	
  1.85635e+08	      1.00611	     0.999404	      1.01048	      1.00484	     0.983494	     0.982162	     0.987554	     0.987749	     0.981363	     0.982106	     0.970109	     0.969094	
  1.85715e+08	      1.00451	     0.999560	      1.00895	      1.00176	     0.983361	     0.982671	     0.990951	     0.990824	     0.983647	     0.984959	     0.969800	     0.968586	
  1.85795e+08	      1.00281	     0.998526	      1.00837	      1.00084	     0.983597	     0.981476	     0.989123	     0.987467	     0.980918	     0.984224	     0.968327	     0.966679	
  1.85875e+08	      1.00242	     0.999680	      1.00465	      1.00002	     0.981230	     0.979092	     0.986064	     0.982819	     0.979874	     0.981529	     0.967937	     0.964906	
  1.85955e+08	      1.00183	      1.00107	      1.00311	      1.00010	     0.980110	     0.978545	     0.985001	     0.982410	     0.978454	     0.982023	     0.966993	     0.963448	
  1.86035e+08	      1.00032	      1.00240	     0.999904	     0.999100	     0.978953	     0.977252	     0.984850	     0.982506	     0.978962	     0.977890	     0.965445	     0.964007	
  1.86115e+08	     0.985991	     0.990560	     0.985012	     0.984911	     0.965725	     0.965537	     0.972299	     0.971353	     0.961064	     0.962059	     0.952985	     0.946737	
  1.86195e+08	      0.00000	      0.00000	      0.00000	      0.00000	      0.00000	      0.00000	      0.00000	      0.00000	      0.00000	      0.00000	      0.00000	      0.00000	
  1.86275e+08	      0.00000	      0.00000	      0.00000	      0.00000	      0.00000	      0.00000	      0.00000	      0.00000	      0.00000	      0.00000	      0.00000	      0.00000	
  1.86355e+08	     0.985144	     0.992352	     0.985347	     0.981665	     0.959780	     0.961217	     0.967231	     0.962689	     0.956400	     0.957355	     0.943495	     0.944328	
  1.86435e+08	      1.00188	      1.01003	      1.00212	     0.999052	     0.975491	     0.974163	     0.983124	     0.984588	     0.974952	     0.975882	     0.960971	     0.960137	
  1.86515e+08	      1.00243	      1.00857	      1.00362	     0.999054	     0.974916	     0.973855	     0.984052	     0.982231	     0.973310	     0.976895	     0.961818	     0.961509	
  1.86595e+08	      1.00349	      1.00634	     0.999037	     0.999871	     0.975036	     0.974019	     0.982559	     0.980036	     0.977068	     0.975412	     0.962777	     0.959849	
  1.86675e+08	      1.00136	      1.00230	     0.998577	     0.997467	     0.973622	     0.972594	     0.979153	     0.977238	     0.975787	     0.974589	     0.958142	     0.958357	
  1.86755e+08	     0.998704	     0.998743	     0.995379	     0.998434	     0.973288	     0.973218	     0.980871	     0.976761	     0.974456	     0.973162	     0.954353	     0.957583	
  1.86835e+08	     0.997456	     0.996594	     0.992766	     0.996215	     0.973765	     0.970491	     0.979260	     0.975071	     0.975229	     0.972502	     0.952698	     0.955611	
  1.86915e+08	     0.996237	     0.992233	     0.992908	     0.994775	     0.972168	     0.967025	     0.974552	     0.976948	     0.972314	     0.970153	     0.951438	     0.953474	
  1.86995e+08	     0.995915	     0.992605	     0.991324	     0.994709	     0.972271	     0.969961	     0.976241	     0.975381	     0.972600	     0.969896	     0.949988	     0.952282	
  1.87075e+08	     0.992093	     0.990535	     0.991469	     0.994506	     0.970605	     0.967863	     0.974949	     0.971399	     0.970480	     0.967938	     0.948331	     0.949019	
  1.87155e+08	     0.991686	     0.991255	     0.994021	     0.993946	     0.969719	     0.966707	     0.975075	     0.970734	     0.969657	     0.967213	     0.948088	     0.949343	
  1.87235e+08	     0.990343	     0.990925	     0.992616	     0.991525	     0.969849	     0.964967	     0.972492	     0.970725	     0.970915	     0.967268	     0.947612	     0.948356	
  1.87315e+08	     0.988172	     0.989630	     0.990854	     0.988921	     0.968074	     0.963391	     0.971540	     0.971156	     0.971497	     0.966484	     0.943758	     0.944013	
  1.87395e+08	     0.976226	     0.978436	     0.976229	     0.974784	     0.955193	     0.949988	     0.957816	     0.951476	     0.953870	     0.948617	     0.929129	     0.930092	
  1.87475e+08	      0.00000	      0.00000	      0.00000	      0.00000	      0.00000	      0.00000	      0.00000	      0.00000	      0.00000	      0.00000	      0.00000	      0.00000	
  1.87555e+08	      0.00000	      0.00000	      0.00000	      0.00000	      0.00000	      0.00000	      0.00000	      0.00000	      0.00000	      0.00000	      0.00000	      0.00000	
  1.87635e+08	     0.948978	     0.950179	     0.927384	     0.929530	     0.928871	     0.924272	     0.923564	     0.921484	     0.924466	     0.913313	     0.913508	     0.913147	
  1.87715e+08	     0.953480	     0.950583	     0.927329	     0.929387	     0.935686	     0.927852	     0.930195	     0.923374	     0.928720	     0.915044	     0.924803	     0.924877	
  1.87795e+08	     0.949387	     0.944806	     0.922304	     0.922414	     0.929881	     0.923702	     0.923286	     0.918456	     0.925097	     0.911303	     0.922470	     0.924073	
  1.87875e+08	     0.947544	     0.942267	     0.920623	     0.920934	     0.928708	     0.921920	     0.921697	     0.912961	     0.923911	     0.909441	     0.920685	     0.921780	
  1.87955e+08	     0.950244	     0.941778	     0.923130	     0.920319	     0.928503	     0.921237	     0.920764	     0.916504	     0.921121	     0.909203	     0.922515	     0.922160	
  1.88035e+08	     0.946521	     0.937032	     0.923453	     0.919524	     0.926563	     0.919611	     0.919076	     0.917979	     0.919711	     0.906835	     0.921032	     0.922138	
  1.88115e+08	     0.944204	     0.934793	     0.922983	     0.917468	     0.922945	     0.918063	     0.919287	     0.916180	     0.919012	     0.905104	     0.919933	     0.921390	
  1.88195e+08	     0.941280	     0.928093	     0.922190	     0.918276	     0.921139	     0.917951	     0.917640	     0.911148	     0.916821	     0.903421	     0.919301	     0.917785	
  1.88275e+08	     0.939766	     0.929246	     0.919298	     0.917461	     0.921713	     0.915844	     0.916477	     0.910703	     0.914262	     0.904233	     0.916505	     0.917873	
  1.88355e+08	     0.938877	     0.926326	     0.917887	     0.916190	     0.919281	     0.914492	     0.916021	     0.909195	     0.912063	     0.902363	     0.914015	     0.915630	
  1.88435e+08	     0.935651	     0.926819	     0.914244	     0.914160	     0.918475	     0.913803	     0.917816	     0.911048	     0.913428	     0.902187	     0.911472	     0.912317	
  1.88515e+08	     0.936079	     0.926623	     0.913840	     0.912576	     0.917421	     0.913419	     0.914548	     0.911335	     0.913252	     0.899505	     0.909581	     0.914106	
  1.88595e+08	     0.938459	     0.931457	     0.917349	     0.917790	     0.919125	     0.915562	     0.918372	     0.909680	     0.911917	     0.902837	     0.911757	     0.913310	
  1.88675e+08	     0.936799	     0.932695	     0.920295	     0.918390	     0.913249	     0.912521	     0.915785	     0.906559	     0.906397	     0.899972	     0.899560	     0.903657	
  1.88755e+08	      0.00000	      0.00000	      0.00000	      0.00000	      0.00000	      0.00000	      0.00000	      0.00000	      0.00000	      0.00000	      0.00000	      0.00000	
  1.88835e+08	      0.00000	      0.00000	      0.00000	      0.00000	      0.00000	      0.00000	      0.00000	      0.00000	      0.00000	      0.00000	      0.00000	      0.00000	
  1.88915e+08	     0.933952	     0.938627	     0.921363	     0.916647	     0.912615	     0.911293	     0.911504	     0.908528	     0.901588	     0.898192	     0.891902	     0.893108	
  1.88995e+08	     0.941250	     0.942340	     0.920829	     0.917029	     0.917707	     0.912712	     0.917363	     0.910219	     0.907907	     0.903648	     0.905989	     0.905174	
  1.89075e+08	     0.938181	     0.936485	     0.912295	     0.909828	     0.913970	     0.909814	     0.911976	     0.906738	     0.902378	     0.897645	     0.904111	     0.902279	
  1.89155e+08	     0.936159	     0.935113	     0.911082	     0.907964	     0.912534	     0.910926	     0.911140	     0.908641	     0.903446	     0.896343	     0.901354	     0.901724	
  1.89235e+08	     0.936821	     0.931819	     0.907803	     0.906280	     0.910410	     0.909614	     0.912849	     0.908944	     0.903216	     0.895481	     0.900644	     0.900027	
  1.89315e+08	     0.934794	     0.928638	     0.906596	     0.906637	     0.909731	     0.909034	     0.909474	     0.905526	     0.901132	     0.892635	     0.898094	     0.898269	
  1.89395e+08	     0.932598	     0.924987	     0.907371	     0.906399	     0.910868	     0.907705	     0.910194	     0.903538	     0.900648	     0.892736	     0.895900	     0.898236	
  1.89475e+08	     0.929346	     0.921126	     0.905324	     0.904952	     0.907303	     0.905067	     0.907984	     0.903606	     0.897956	     0.889701	     0.894052	     0.896857	
  1.89555e+08	     0.929552	     0.918863	     0.907468	     0.904751	     0.907720	     0.904930	     0.909146	     0.905389	     0.899427	     0.889650	     0.894568	     0.895062	
  1.89635e+08	     0.927266	     0.916817	     0.907841	     0.903895	     0.905800	     0.903959	     0.906202	     0.905359	     0.895852	     0.888714	     0.894320	     0.893869	
  1.89715e+08	     0.925523	     0.916614	     0.908544	     0.904422	     0.904762	     0.901943	     0.907149	     0.904905	     0.894077	     0.887578	     0.893760	     0.893730	
  1.89795e+08	     0.924280	     0.914190	     0.907261	     0.902646	     0.903701	     0.900983	     0.905531	     0.903262	     0.893892	     0.886441	     0.890832	     0.888524	
  1.89875e+08	     0.926724	     0.919014	     0.909563	     0.905932	     0.905208	     0.904056	     0.904361	     0.906797	     0.896721	     0.888703	     0.889586	     0.889930	
  1.89955e+08	     0.922356	     0.918789	     0.907868	     0.906382	     0.899959	     0.899289	     0.906044	     0.904923	     0.891000	     0.885105	     0.878693	     0.880560	
  1.90035e+08	      0.00000	      0.00000	      0.00000	      0.00000	      0.00000	      0.00000	      0.00000	      0.00000	      0.00000	      0.00000	      0.00000	      0.00000	
  1.90115e+08	      0.00000	      0.00000	      0.00000	      0.00000	      0.00000	      0.00000	      0.00000	      0.00000	      0.00000	      0.00000	      0.00000	      0.00000	
  1.90195e+08	     0.920638	     0.923871	     0.905373	     0.908680	     0.894044	     0.896442	     0.900222	     0.899323	     0.884492	     0.885186	     0.871207	     0.872071	
  1.90275e+08	     0.926854	     0.927827	     0.908893	     0.910883	     0.901283	     0.901308	     0.904765	     0.901975	     0.893621	     0.888054	     0.884373	     0.886151	
  1.90355e+08	     0.923456	     0.924837	     0.904540	     0.904248	     0.897534	     0.897654	     0.899763	     0.899934	     0.889132	     0.884400	     0.883430	     0.882030	
  1.90435e+08	     0.924149	     0.921424	     0.905460	     0.904456	     0.896383	     0.895172	     0.900424	     0.896718	     0.886387	     0.882354	     0.884525	     0.883884	
  1.90515e+08	     0.922375	     0.919483	     0.904728	     0.903204	     0.897061	     0.896912	     0.899931	     0.897681	     0.886570	     0.881180	     0.881521	     0.883386	
  1.90595e+08	     0.921825	     0.918718	     0.901729	     0.902941	     0.894450	     0.894804	     0.895891	     0.892713	     0.884226	     0.879846	     0.879944	     0.880359	
  1.90675e+08	     0.921309	     0.915793	     0.900216	     0.901550	     0.894343	     0.893997	     0.893331	     0.892812	     0.883934	     0.879143	     0.880158	     0.880864	
  1.90755e+08	     0.918069	     0.912057	     0.896773	     0.899532	     0.893658	     0.890836	     0.893427	     0.889637	     0.881375	     0.877394	     0.876711	     0.875936	
  1.90835e+08	     0.916611	     0.909583	     0.896951	     0.897025	     0.892619	     0.891972	     0.892010	     0.891917	     0.882011	     0.876972	     0.874439	     0.875490	
  1.90915e+08	     0.914499	     0.906660	     0.893766	     0.897621	     0.892064	     0.890301	     0.894599	     0.890647	     0.881276	     0.876181	     0.873110	     0.873891	
  1.90995e+08	     0.913170	     0.905815	     0.892154	     0.895677	     0.890830	     0.889076	     0.892841	     0.887440	     0.881178	     0.873693	     0.872448	     0.872728	
  1.91075e+08	     0.910955	     0.905753	     0.893584	     0.895393	     0.890957	     0.887079	     0.890230	     0.886184	     0.878080	     0.874768	     0.869986	     0.872274	
  1.91155e+08	     0.913838	     0.907235	     0.896897	     0.898662	     0.890887	     0.889616	     0.892951	     0.888396	     0.880238	     0.876712	     0.870641	     0.871238	
  1.91235e+08	     0.907999	     0.906063	     0.897056	     0.898697	     0.885136	     0.884329	     0.888201	     0.886399	     0.874100	     0.871253	     0.858506	     0.861681	
  1.91315e+08	      0.00000	      0.00000	      0.00000	      0.00000	      0.00000	      0.00000	      0.00000	      0.00000	      0.00000	      0.00000	      0.00000	      0.00000	
  1.91395e+08	      0.00000	      0.00000	      0.00000	      0.00000	      0.00000	      0.00000	      0.00000	      0.00000	      0.00000	      0.00000	      0.00000	      0.00000	
  1.91475e+08	     0.907330	     0.912559	     0.893409	     0.896149	     0.881861	     0.882528	     0.882825	     0.880749	     0.869487	     0.871893	     0.850108	     0.855897	
  1.91555e+08	     0.913591	     0.918284	     0.895208	     0.898419	     0.889018	     0.890233	     0.889714	     0.892027	     0.879735	     0.877720	     0.862340	     0.869346	
  1.91635e+08	     0.910450	     0.913671	     0.889315	     0.892281	     0.885319	     0.886751	     0.887732	     0.890055	     0.876606	     0.874200	     0.861437	     0.866976	
  1.91715e+08	     0.908789	     0.913099	     0.887905	     0.892041	     0.884708	     0.885785	     0.885997	     0.887168	     0.875589	     0.871880	     0.860678	     0.866520	
  1.91795e+08	     0.909575	     0.910863	     0.887079	     0.890561	     0.883478	     0.885076	     0.885123	     0.884661	     0.876220	     0.870552	     0.859693	     0.863909	
  1.91875e+08	     0.908842	     0.909398	     0.887753	     0.891372	     0.881833	     0.883138	     0.883314	     0.885300	     0.873148	     0.868519	     0.855308	     0.862590	
  1.91955e+08	     0.907677	     0.904769	     0.888121	     0.890798	     0.880007	     0.881760	     0.880834	     0.884137	     0.871652	     0.868054	     0.853113	     0.860533	
  1.92035e+08	     0.904776	     0.900149	     0.889179	     0.889002	     0.881073	     0.880032	     0.879048	     0.882754	     0.868812	     0.863341	     0.854324	     0.857711	
  1.92115e+08	     0.904267	     0.898798	     0.888641	     0.888332	     0.881200	     0.879829	     0.877579	     0.880088	     0.869772	     0.866652	     0.854234	     0.858267	
  1.92195e+08	     0.903554	     0.897042	     0.887919	     0.887608	     0.879629	     0.879559	     0.876829	     0.877734	     0.868427	     0.864627	     0.853429	     0.859520	
  1.92275e+08	     0.900016	     0.896122	     0.886634	     0.886891	     0.878551	     0.878623	     0.876144	     0.877274	     0.867149	     0.862421	     0.854392	     0.857778	
  1.92355e+08	     0.900468	     0.893060	     0.882775	     0.885905	     0.877116	     0.878046	     0.876162	     0.878067	     0.865488	     0.861472	     0.851975	     0.855759	
  1.92435e+08	     0.900948	     0.896092	     0.885184	     0.888689	     0.877986	     0.878171	     0.878738	     0.880706	     0.865336	     0.862015	     0.852016	     0.858541	
  1.92515e+08	     0.897467	     0.893841	     0.883570	     0.887061	     0.872765	     0.873078	     0.875095	     0.875938	     0.860732	     0.855872	     0.842101	     0.848961	
  1.92595e+08	      0.00000	      0.00000	      0.00000	      0.00000	      0.00000	      0.00000	      0.00000	      0.00000	      0.00000	      0.00000	      0.00000	      0.00000	
  1.92675e+08	      0.00000	      0.00000	      0.00000	      0.00000	      0.00000	      0.00000	      0.00000	      0.00000	      0.00000	      0.00000	      0.00000	      0.00000	
  1.92755e+08	     0.894625	     0.901996	     0.884602	     0.888566	     0.869516	     0.870323	     0.870734	     0.875477	     0.856254	     0.855153	     0.835742	     0.843985	
  1.92835e+08	     0.904855	     0.910073	     0.890061	     0.890994	     0.875498	     0.876831	     0.878107	     0.882676	     0.866048	     0.865214	     0.848272	     0.855629	
  1.92915e+08	     0.902979	     0.907714	     0.885395	     0.885729	     0.872882	     0.875005	     0.873414	     0.874974	     0.863704	     0.859993	     0.847931	     0.853973	
  1.92995e+08	     0.904162	     0.908462	     0.884916	     0.884254	     0.872000	     0.873211	     0.872425	     0.874304	     0.862616	     0.860720	     0.847692	     0.853143	
  1.93075e+08	     0.904490	     0.908031	     0.882597	     0.884522	     0.870681	     0.872254	     0.870266	     0.874254	     0.862166	     0.859411	     0.845104	     0.852127	
  1.93155e+08	     0.904226	     0.905219	     0.881069	     0.883253	     0.870828	     0.870941	     0.869396	     0.874539	     0.861562	     0.858395	     0.846633	     0.851220	
  1.93235e+08	     0.902705	     0.902723	     0.880468	     0.883905	     0.870276	     0.871463	     0.869064	     0.872898	     0.860575	     0.858538	     0.846464	     0.848918	
  1.93315e+08	     0.902332	     0.901490	     0.877914	     0.883969	     0.868538	     0.870462	     0.868454	     0.869047	     0.859657	     0.857169	     0.843480	     0.848148	
  1.93395e+08	     0.900037	     0.897530	     0.878435	     0.882062	     0.867141	     0.870212	     0.869459	     0.870897	     0.860794	     0.857186	     0.843807	     0.850022	
  1.93475e+08	     0.900878	     0.894756	     0.879757	     0.882410	     0.867470	     0.870365	     0.869213	     0.872042	     0.857724	     0.854477	     0.843231	     0.847947	
  1.93555e+08	     0.898309	     0.892048	     0.880508	     0.882071	     0.867063	     0.869162	     0.868629	     0.872059	     0.858682	     0.855968	     0.842806	     0.846746	
  1.93635e+08	     0.897276	     0.890146	     0.881437	     0.881208	     0.866474	     0.869088	     0.870856	     0.873986	     0.857417	     0.854913	     0.840568	     0.843982	
  1.93715e+08	     0.897822	     0.892978	     0.882932	     0.882993	     0.867425	     0.869579	     0.872940	     0.874483	     0.858603	     0.857534	     0.842471	     0.843798	
  1.93795e+08	     0.891753	     0.889798	     0.881215	     0.881725	     0.862542	     0.865137	     0.867235	     0.867166	     0.850327	     0.851706	     0.831509	     0.833361	
  1.93875e+08	      0.00000	      0.00000	      0.00000	      0.00000	      0.00000	      0.00000	      0.00000	      0.00000	      0.00000	      0.00000	      0.00000	      0.00000	
  1.93955e+08	      0.00000	      0.00000	      0.00000	      0.00000	      0.00000	      0.00000	      0.00000	      0.00000	      0.00000	      0.00000	      0.00000	      0.00000	
  1.94035e+08	     0.890697	     0.896442	     0.877454	     0.884231	     0.859743	     0.866685	     0.866751	     0.869993	     0.848738	     0.851674	     0.827724	     0.833723	
  1.94115e+08	     0.899463	     0.906209	     0.880348	     0.888527	     0.868771	     0.874296	     0.874656	     0.875836	     0.858930	     0.860354	     0.840729	     0.846235	
  1.94195e+08	     0.897285	     0.902882	     0.875800	     0.883848	     0.867422	     0.871343	     0.868947	     0.872372	     0.857915	     0.858061	     0.841930	     0.842750	
  1.94275e+08	     0.897076	     0.902105	     0.876125	     0.883857	     0.865680	     0.870117	     0.872494	     0.871636	     0.856761	     0.858061	     0.840654	     0.842500	
  1.94355e+08	     0.896888	     0.902108	     0.877747	     0.883290	     0.865162	     0.868820	     0.869562	     0.873467	     0.856112	     0.857885	     0.840123	     0.843375	
  1.94435e+08	     0.897643	     0.900819	     0.878097	     0.882431	     0.863942	     0.866636	     0.869891	     0.874901	     0.857416	     0.856854	     0.839194	     0.839832	
  1.94515e+08	     0.896921	     0.899065	     0.879465	     0.879701	     0.863887	     0.868108	     0.868084	     0.870549	     0.856556	     0.856980	     0.836278	     0.841648	
  1.94595e+08	     0.895694	     0.895431	     0.878221	     0.878976	     0.862603	     0.866633	     0.865237	     0.867027	     0.855783	     0.854804	     0.835870	     0.838423	
  1.94675e+08	     0.895727	     0.894112	     0.876506	     0.878683	     0.863339	     0.865928	     0.867044	     0.866585	     0.855432	     0.855573	     0.835474	     0.838100	
  1.94755e+08	     0.893515	     0.893112	     0.874746	     0.877696	     0.862551	     0.865548	     0.863063	     0.866794	     0.855342	     0.854961	     0.833247	     0.837358	
  1.94835e+08	     0.892736	     0.889288	     0.873291	     0.877325	     0.861736	     0.866695	     0.863687	     0.867561	     0.853489	     0.853072	     0.834962	     0.836589	
  1.94915e+08	     0.890387	     0.887313	     0.872620	     0.877090	     0.861460	     0.863094	     0.863162	     0.863854	     0.851005	     0.854365	     0.831708	     0.838459	
  1.94995e+08	     0.891514	     0.889435	     0.875220	     0.880171	     0.862587	     0.864725	     0.861850	     0.863506	     0.852472	     0.853651	     0.831889	     0.837180	
  1.95075e+08	     0.886160	     0.885711	     0.875068	     0.879520	     0.856276	     0.859564	     0.859507	     0.860221	     0.846119	     0.847293	     0.821642	     0.826576	
  1.95155e+08	      0.00000	      0.00000	      0.00000	      0.00000	      0.00000	      0.00000	      0.00000	      0.00000	      0.00000	      0.00000	      0.00000	      0.00000	
  1.95235e+08	      0.00000	      0.00000	      0.00000	      0.00000	      0.00000	      0.00000	      0.00000	      0.00000	      0.00000	      0.00000	      0.00000	      0.00000	
  1.95315e+08	     0.883899	     0.894438	     0.878105	     0.881704	     0.856821	     0.861914	     0.857412	     0.860586	     0.841308	     0.850292	     0.817849	     0.824926	
  1.95395e+08	     0.893653	     0.903475	     0.882968	     0.887611	     0.865308	     0.870049	     0.864910	     0.868027	     0.851711	     0.858178	     0.831831	     0.839459	
  1.95475e+08	     0.889071	     0.901057	     0.878860	     0.883489	     0.862516	     0.866723	     0.862757	     0.868093	     0.851039	     0.854380	     0.828959	     0.838000	
  1.95555e+08	     0.892407	     0.902224	     0.877181	     0.881955	     0.861579	     0.865831	     0.866086	     0.869857	     0.848275	     0.852809	     0.828641	     0.837610	
  1.95635e+08	     0.891368	     0.901066	     0.876316	     0.882269	     0.861879	     0.865073	     0.862967	     0.866274	     0.847593	     0.852628	     0.826695	     0.837063	
  1.95715e+08	     0.891695	     0.900789	     0.874673	     0.880208	     0.860576	     0.864440	     0.858095	     0.863907	     0.848514	     0.851778	     0.824038	     0.835745	
  1.95795e+08	     0.891614	     0.899108	     0.874469	     0.881624	     0.861710	     0.863769	     0.859743	     0.865838	     0.848132	     0.850139	     0.824254	     0.834531	
  1.95875e+08	     0.892414	     0.897339	     0.874505	     0.880214	     0.858781	     0.863099	     0.856550	     0.860820	     0.846610	     0.846891	     0.822514	     0.831307	
  1.95955e+08	     0.891321	     0.893886	     0.874604	     0.879730	     0.860306	     0.862868	     0.861543	     0.865450	     0.847107	     0.849911	     0.820582	     0.831524	
  1.96035e+08	     0.890486	     0.892301	     0.876338	     0.879440	     0.858427	     0.861052	     0.859745	     0.863698	     0.844987	     0.849118	     0.822869	     0.828329	
  1.96115e+08	     0.888937	     0.890016	     0.875722	     0.880337	     0.857652	     0.859647	     0.860450	     0.862131	     0.844198	     0.848277	     0.821241	     0.828074	
  1.96195e+08	     0.887902	     0.888038	     0.877123	     0.879055	     0.857873	     0.860616	     0.858470	     0.862597	     0.841443	     0.847259	     0.818648	     0.828469	
  1.96275e+08	     0.889687	     0.891790	     0.878450	     0.881921	     0.858914	     0.860893	     0.862238	     0.866953	     0.843148	     0.846769	     0.821455	     0.828733	
  1.96355e+08	     0.882936	     0.885687	     0.874351	     0.878957	     0.853032	     0.856875	     0.859833	     0.861584	     0.832783	     0.841075	     0.810553	     0.819775	
  1.96435e+08	      0.00000	      0.00000	      0.00000	      0.00000	      0.00000	      0.00000	      0.00000	      0.00000	      0.00000	      0.00000	      0.00000	      0.00000	
  1.96515e+08	      0.00000	      0.00000	      0.00000	      0.00000	      0.00000	      0.00000	      0.00000	      0.00000	      0.00000	      0.00000	      0.00000	      0.00000	
  1.96595e+08	     0.880964	     0.891648	     0.871240	     0.881269	     0.850566	     0.857680	     0.855102	     0.864800	     0.831975	     0.842255	     0.810816	     0.821312	
  1.96675e+08	     0.890312	     0.901074	     0.879395	     0.888416	     0.857915	     0.865546	     0.866806	     0.872355	     0.844768	     0.850652	     0.821859	     0.835152	
  1.96755e+08	     0.887676	     0.900692	     0.876299	     0.884616	     0.856680	     0.863164	     0.863019	     0.868339	     0.842590	     0.847776	     0.824293	     0.832825	
  1.96835e+08	     0.889167	     0.900579	     0.876295	     0.884015	     0.855555	     0.861599	     0.859856	     0.865498	     0.842257	     0.849530	     0.820953	     0.832384	
  1.96915e+08	     0.887192	     0.901327	     0.877415	     0.883730	     0.855230	     0.860564	     0.856691	     0.862397	     0.840276	     0.848736	     0.822381	     0.830621	
  1.96995e+08	     0.886087	     0.899204	     0.876885	     0.882687	     0.854443	     0.859438	     0.854805	     0.862668	     0.842085	     0.847873	     0.821726	     0.832439	
  1.97075e+08	     0.885403	     0.896938	     0.875769	     0.881353	     0.853465	     0.857943	     0.857198	     0.862987	     0.840734	     0.849284	     0.820828	     0.830217	
  1.97155e+08	     0.885170	     0.893626	     0.872955	     0.880086	     0.851009	     0.858234	     0.856796	     0.861644	     0.839383	     0.844184	     0.817474	     0.830317	
  1.97235e+08	     0.886244	     0.890349	     0.870871	     0.880674	     0.851252	     0.857485	     0.855935	     0.862502	     0.838812	     0.846180	     0.820353	     0.831134	
  1.97315e+08	     0.885569	     0.889206	     0.869863	     0.878626	     0.851112	     0.855926	     0.856306	     0.859958	     0.837793	     0.844142	     0.817589	     0.830048	
  1.97395e+08	     0.884773	     0.886685	     0.869057	     0.878823	     0.850245	     0.854730	     0.858406	     0.861921	     0.837944	     0.842965	     0.817101	     0.829150	
  1.97475e+08	     0.882285	     0.886861	     0.868239	     0.878252	     0.849306	     0.853035	     0.857583	     0.859591	     0.837486	     0.842911	     0.814860	     0.826220	
  1.97555e+08	     0.884100	     0.886441	     0.871723	     0.880730	     0.850903	     0.854267	     0.860136	     0.861026	     0.836948	     0.844949	     0.815600	     0.826102	
  1.97635e+08	     0.875829	     0.882172	     0.870081	     0.878109	     0.842265	     0.849650	     0.854039	     0.855187	     0.829567	     0.836369	     0.801709	     0.815273	
  1.97715e+08	      0.00000	      0.00000	      0.00000	      0.00000	      0.00000	      0.00000	      0.00000	      0.00000	      0.00000	      0.00000	      0.00000	      0.00000	
