  1.38915e+08	      1.36841	      1.32914	      1.32713	      1.30280	      1.41757	      1.39978	      1.54125	      1.45487	      1.50581	      1.48714	      1.58348	      1.57286	
  1.38995e+08	     0.972639	     0.969453	     0.938086	     0.937936	     0.973867	     0.978109	     0.952115	     0.944900	     0.954156	     0.954798	     0.959583	     0.973684	
  1.39075e+08	     0.982747	     0.985995	     0.952965	     0.956966	     0.994185	     0.995211	     0.957521	     0.965379	     0.976582	     0.979514	     0.983759	     0.983287	
  1.39155e+08	     0.988633	     0.986427	     0.960761	     0.957501	     0.996826	     0.998090	     0.957702	     0.955226	     0.971581	     0.978682	     0.982469	     0.989067	
  1.39235e+08	     0.982113	     0.986238	     0.950834	     0.953497	     0.989028	     0.996293	     0.962621	     0.957773	     0.975415	     0.974472	     0.987666	     0.995796	
  1.39315e+08	     0.990932	     0.987871	     0.952293	     0.956954	     0.992285	     0.992304	     0.953227	     0.952601	     0.974554	     0.976144	     0.981646	     0.990240	
  1.39395e+08	     0.989227	     0.987110	     0.955809	     0.956450	     0.991704	     0.993291	     0.957026	     0.957800	     0.971480	     0.977894	     0.992509	     0.985048	
  1.39475e+08	     0.991010	     0.986827	     0.956467	     0.960853	     0.983953	     0.993169	     0.961732	     0.957157	     0.970755	     0.975434	     0.990919	     0.991924	
  1.39555e+08	     0.981367	     0.983994	     0.953615	     0.964756	     0.988029	     0.982540	     0.954310	     0.954726	     0.965871	     0.973991	     0.995544	     0.994487	
  1.39635e+08	     0.986026	     0.982478	     0.955123	     0.961537	     0.989459	     0.988056	     0.959984	     0.951998	     0.969762	     0.972670	     0.992828	     0.992115	
  1.39715e+08	     0.982579	     0.982977	     0.954893	     0.961551	     0.985663	     0.993352	     0.958325	     0.958577	     0.969234	     0.966811	     0.986656	     0.991365	
  1.39795e+08	     0.982184	     0.978326	     0.962420	     0.960862	     0.987052	     0.990104	     0.956239	     0.948151	     0.971295	     0.976658	     0.990725	     0.988649	
  1.39875e+08	     0.979821	     0.972771	     0.953800	     0.962019	     0.990081	     0.988148	     0.959670	     0.951406	     0.970742	     0.973766	     0.997509	     0.994117	
  1.39955e+08	     0.972368	     0.975631	     0.960440	     0.957513	     0.991774	     0.989239	     0.956009	     0.957347	     0.967137	     0.974719	     0.992667	     0.991514	
  1.40035e+08	     0.967178	     0.967533	     0.944781	     0.951636	     0.980760	     0.977525	     0.934671	     0.950440	     0.959144	     0.962662	     0.978027	     0.974097	
  1.40115e+08	      1.35858	      1.32089	      1.32198	      1.29521	      1.40751	      1.38443	      1.53351	      1.45444	      1.49835	      1.47935	      1.57616	      1.56111	
  1.40195e+08	      1.35357	      1.31639	      1.32149	      1.29263	      1.40753	      1.38406	      1.53261	      1.45327	      1.49784	      1.47613	      1.57217	      1.55652	
  1.40275e+08	     0.970511	     0.966211	     0.942815	     0.947770	     0.975580	     0.971467	     0.948087	     0.944317	     0.943940	     0.954999	     0.965786	     0.974992	
  1.40355e+08	     0.983553	     0.983516	     0.962429	     0.967286	     0.993598	     0.992444	     0.961790	     0.956760	     0.970297	     0.970725	     0.986131	     0.991332	
  1.40435e+08	     0.990925	     0.983349	     0.960979	     0.968759	     0.992435	     0.996730	     0.956872	     0.959543	     0.970181	     0.969928	     0.991555	     0.990365	
  1.40515e+08	     0.988130	     0.983129	     0.967689	     0.966476	     0.985017	     0.996368	     0.962021	     0.959202	     0.967368	     0.966996	     0.988794	     0.987882	
  1.40595e+08	     0.985453	     0.984318	     0.965844	     0.974905	     0.984933	     0.988723	     0.956919	     0.958623	     0.968337	     0.966178	     0.984609	     0.988173	
  1.40675e+08	     0.982180	     0.985835	     0.960848	     0.961310	     0.984838	     0.992692	     0.950215	     0.951134	     0.961174	     0.966038	     0.989111	     0.985189	
  1.40755e+08	     0.981903	     0.983011	     0.962477	     0.962589	     0.986673	     0.989412	     0.957663	     0.961497	     0.961344	     0.968945	     0.991498	     0.990210	
  1.40835e+08	     0.978644	     0.978472	     0.949745	     0.951588	     0.981270	     0.985493	     0.952525	     0.962765	     0.961803	     0.979994	     0.990339	     0.990121	
  1.40915e+08	     0.975413	     0.977192	     0.953321	     0.953792	     0.984839	     0.982773	     0.963151	     0.961160	     0.964737	     0.970258	     0.997829	     0.990251	
  1.40995e+08	     0.977778	     0.974693	     0.953079	     0.953653	     0.989209	     0.992943	     0.956862	     0.963207	     0.968043	     0.970946	     0.989291	     0.989379	
  1.41075e+08	     0.981720	     0.977337	     0.952410	     0.955629	     0.990536	     0.993693	     0.958476	     0.959952	     0.963587	     0.967336	     0.984753	     0.990521	
  1.41155e+08	     0.975457	     0.974204	     0.953169	     0.952141	     0.989811	     0.993172	     0.960127	     0.961864	     0.967669	     0.962322	     0.983730	     0.986881	
  1.41235e+08	     0.981562	     0.976075	     0.950924	     0.951077	     0.984372	     0.988749	     0.964206	     0.964751	     0.962412	     0.964858	     0.979342	     0.981907	
  1.41315e+08	     0.965992	     0.962820	     0.935166	     0.940688	     0.974592	     0.975944	     0.950699	     0.953409	     0.948717	     0.950964	     0.965482	     0.966912	
  1.41395e+08	      1.34504	      1.30808	      1.31810	      1.29041	      1.40174	      1.37880	      1.52384	      1.44195	      1.49175	      1.46952	      1.56133	      1.54745	
  1.41475e+08	      1.33767	      1.30496	      1.31592	      1.29198	      1.39969	      1.37810	      1.52298	      1.44282	      1.48925	      1.46705	      1.55688	      1.54635	
  1.41555e+08	     0.962527	     0.966939	     0.940598	     0.940919	     0.976431	     0.971114	     0.937666	     0.937177	     0.944646	     0.942592	     0.963742	     0.968624	
  1.41635e+08	     0.982289	     0.978612	     0.955427	     0.959025	     0.989336	     0.989797	     0.957930	     0.954232	     0.956263	     0.963427	     0.977357	     0.984790	
  1.41715e+08	     0.981196	     0.983565	     0.956408	     0.952608	     0.989470	     0.989269	     0.959201	     0.951433	     0.961793	     0.959120	     0.974538	     0.979438	
  1.41795e+08	     0.981378	     0.982852	     0.956061	     0.957806	     0.989780	     0.990871	     0.960378	     0.953351	     0.955026	     0.956448	     0.979991	     0.977576	
  1.41875e+08	     0.981989	     0.986809	     0.952167	     0.957501	     0.988972	     0.987734	     0.947817	     0.954320	     0.954737	     0.949697	     0.979355	     0.981211	
  1.41955e+08	     0.983160	     0.986866	     0.953491	     0.955056	     0.986216	     0.987038	     0.960675	     0.952231	     0.950508	     0.953507	     0.976167	     0.978197	
  1.42035e+08	     0.980740	     0.983094	     0.956011	     0.955111	     0.987158	     0.983474	     0.951283	     0.954101	     0.948416	     0.948454	     0.975263	     0.977364	
  1.42115e+08	     0.980625	     0.982005	     0.955669	     0.955901	     0.987468	     0.983107	     0.953413	     0.951400	     0.953256	     0.948767	     0.984312	     0.978677	
  1.42195e+08	     0.978785	     0.982655	     0.953377	     0.953855	     0.984107	     0.985083	     0.952920	     0.959217	     0.953654	     0.938992	     0.979671	     0.974002	
  1.42275e+08	     0.976421	     0.980584	     0.952957	     0.949402	     0.975966	     0.980757	     0.954352	     0.949449	     0.948335	     0.947357	     0.981173	     0.979106	
  1.42355e+08	     0.976268	     0.988511	     0.953923	     0.957847	     0.976409	     0.979622	     0.955820	     0.955458	     0.951656	     0.943075	     0.980892	     0.980705	
  1.42435e+08	     0.979905	     0.977268	     0.950686	     0.954432	     0.976924	     0.982006	     0.948540	     0.949679	     0.941401	     0.942676	     0.977390	     0.971938	
  1.42515e+08	     0.972419	     0.975718	     0.952395	     0.940069	     0.977916	     0.976400	     0.953431	     0.953492	     0.940448	     0.948915	     0.972574	     0.982597	
  1.42595e+08	     0.963724	     0.967324	     0.941410	     0.945007	     0.964493	     0.968185	     0.939525	     0.940363	     0.938739	     0.937025	     0.963678	     0.966192	
  1.42675e+08	      1.33187	      1.29903	      1.31021	      1.28798	      1.39372	      1.37486	      1.51845	      1.44214	      1.48536	      1.46510	      1.55106	      1.54163	
  1.42755e+08	      1.33515	      1.29874	      1.31947	      1.29836	      1.39688	      1.38794	      1.52392	      1.44771	      1.48921	      1.47038	      1.55500	      1.54372	
  1.42835e+08	     0.961177	     0.966310	     0.939938	     0.946121	     0.962272	     0.960519	     0.941649	     0.934642	     0.932114	     0.939916	     0.963282	     0.965843	
  1.42915e+08	     0.977548	     0.981102	     0.962374	     0.967760	     0.978699	     0.971230	     0.956258	     0.958447	     0.953169	     0.950453	     0.981019	     0.982933	
  1.42995e+08	     0.977005	     0.979409	     0.963290	     0.962679	     0.976708	     0.981097	     0.958032	     0.953057	     0.962713	     0.954850	     0.988195	     0.990225	
  1.43075e+08	     0.974479	     0.975388	     0.961331	     0.964218	     0.974147	     0.975952	     0.958935	     0.964790	     0.961500	     0.960296	     0.985191	     0.987680	
  1.43155e+08	     0.968474	     0.976313	     0.964204	     0.962397	     0.983670	     0.983355	     0.954304	     0.966669	     0.962802	     0.963492	     0.983847	     0.983757	
  1.43235e+08	     0.974119	     0.977131	     0.959861	     0.967171	     0.987201	     0.987099	     0.958708	     0.960463	     0.966084	     0.963936	     0.982724	     0.982408	
  1.43315e+08	     0.974549	     0.965991	     0.957581	     0.967641	     0.986160	     0.986024	     0.963293	     0.958855	     0.958736	     0.965394	     0.982643	     0.980725	
  1.43395e+08	     0.973416	     0.966645	     0.955957	     0.958577	     0.979733	     0.977100	     0.962298	     0.958091	     0.961833	     0.964417	     0.974638	     0.986497	
  1.43475e+08	     0.973711	     0.968260	     0.948657	     0.964526	     0.973232	     0.979617	     0.961467	     0.962305	     0.967377	     0.969570	     0.978509	     0.981330	
  1.43555e+08	     0.971172	     0.972593	     0.951020	     0.959520	     0.977947	     0.973653	     0.959500	     0.964006	     0.958571	     0.960550	     0.982760	     0.975237	
  1.43635e+08	     0.972151	     0.975286	     0.951957	     0.964030	     0.971233	     0.974268	     0.969273	     0.959129	     0.963471	     0.961067	     0.973728	     0.982305	
  1.43715e+08	     0.972375	     0.973920	     0.950354	     0.959231	     0.969718	     0.971886	     0.964701	     0.967801	     0.962383	     0.959382	     0.979017	     0.978753	
  1.43795e+08	     0.970559	     0.975223	     0.954423	     0.961716	     0.970838	     0.970363	     0.972807	     0.969031	     0.961180	     0.960803	     0.978043	     0.982989	
  1.43875e+08	     0.959881	     0.956884	     0.939522	     0.950803	     0.957888	     0.958050	     0.951952	     0.957564	     0.948753	     0.948051	     0.963305	     0.967780	
  1.43955e+08	      1.33331	      1.29676	      1.32330	      1.29825	      1.39858	      1.38748	      1.52759	      1.44988	      1.48935	      1.47141	      1.55372	      1.53997	
  1.44035e+08	      1.33697	      1.30510	      1.33257	      1.31210	      1.41215	      1.39682	      1.54155	      1.46529	      1.50274	      1.48313	      1.56512	      1.54817	
  1.44115e+08	     0.945991	     0.954399	     0.939640	     0.942693	     0.955968	     0.958005	     0.963825	     0.953467	     0.950754	     0.949786	     0.971161	     0.970580	
  1.44195e+08	     0.972079	     0.968804	     0.951953	     0.959850	     0.974465	     0.973766	     0.972607	     0.974842	     0.969809	     0.971930	     0.985765	     0.986192	
  1.44275e+08	     0.969922	     0.972074	     0.958870	     0.970296	     0.970873	     0.977993	     0.973879	     0.973200	     0.969768	     0.968784	     0.987908	     0.985399	
  1.44355e+08	     0.970467	     0.969509	     0.961652	     0.971681	     0.974427	     0.974203	     0.969170	     0.974128	     0.971172	     0.972407	     0.982636	     0.979544	
  1.44435e+08	     0.969222	     0.969020	     0.961777	     0.971284	     0.971027	     0.976288	     0.972238	     0.965757	     0.970260	     0.969606	     0.981348	     0.975362	
  1.44515e+08	     0.968221	     0.972593	     0.967880	     0.965786	     0.970444	     0.974587	     0.971972	     0.969013	     0.971324	     0.973434	     0.985486	     0.988442	
  1.44595e+08	     0.970310	     0.967148	     0.967376	     0.971064	     0.974476	     0.975368	     0.977717	     0.962051	     0.968893	     0.976178	     0.991455	     0.989226	
  1.44675e+08	     0.968274	     0.970538	     0.965962	     0.970269	     0.977879	     0.976196	     0.969277	     0.962493	     0.974941	     0.973119	     0.995013	     0.994856	
  1.44755e+08	     0.972662	     0.969712	     0.967882	     0.971585	     0.978872	     0.976485	     0.971367	     0.972067	     0.974062	     0.978252	      1.00550	     0.994771	
  1.44835e+08	     0.977441	     0.968044	     0.966033	     0.972754	     0.979036	     0.983747	     0.961407	     0.969772	     0.982655	     0.984296	      1.00635	     0.996052	
  1.44915e+08	     0.971457	     0.977260	     0.972356	     0.971207	     0.982475	     0.976670	     0.972982	     0.959135	     0.976830	     0.984424	      1.00562	      1.00110	
  1.44995e+08	     0.978283	     0.967927	     0.967720	     0.973636	     0.986560	     0.982890	     0.970308	     0.969302	     0.984647	     0.987708	      1.00643	     0.995138	
  1.45075e+08	     0.974545	     0.968809	     0.967070	     0.969200	     0.990798	     0.983191	     0.967098	     0.970059	     0.985607	     0.986739	      1.00057	     0.997403	
  1.45155e+08	     0.965445	     0.955433	     0.952947	     0.958127	     0.974770	     0.973604	     0.958750	     0.959618	     0.970262	     0.974614	     0.982391	     0.977610	
  1.45235e+08	      1.34069	      1.30817	      1.33774	      1.32177	      1.41755	      1.40281	      1.54773	      1.47623	      1.50926	      1.49041	      1.57115	      1.55292	
  1.45315e+08	      1.35277	      1.32130	      1.35566	      1.34021	      1.43885	      1.42426	      1.56645	      1.50048	      1.52897	      1.50991	      1.58551	      1.56938	
  1.45395e+08	     0.971582	     0.960459	     0.955285	     0.965623	     0.977478	     0.972848	     0.975512	     0.970226	     0.967851	     0.968944	     0.993420	     0.993921	
  1.45475e+08	     0.985929	     0.978894	     0.980718	     0.982603	     0.992806	     0.992468	     0.984096	     0.986658	     0.986075	     0.987249	      1.01340	      1.01160	
  1.45555e+08	     0.993014	     0.980983	     0.979995	     0.980934	     0.995599	      1.00056	     0.983506	     0.989985	     0.984433	     0.989402	      1.01460	      1.01617	
  1.45635e+08	     0.987011	     0.982179	     0.978583	     0.980335	      1.00381	     0.997650	     0.990072	     0.985311	     0.984299	     0.991978	      1.01640	      1.01379	
  1.45715e+08	     0.989964	     0.981685	     0.981962	     0.984975	      1.00225	      1.00317	     0.982481	     0.989100	     0.994054	     0.997922	      1.01770	      1.02100	
  1.45795e+08	     0.990324	     0.984841	     0.982609	     0.981174	      1.00464	     0.997800	     0.988723	     0.995933	     0.990535	     0.992473	      1.01835	      1.01954	
  1.45875e+08	     0.986933	     0.982314	     0.982818	     0.986889	      1.00165	     0.998687	     0.984243	     0.991831	     0.992636	     0.996706	      1.02068	      1.01718	
  1.45955e+08	     0.987181	     0.982402	     0.984269	     0.990770	      1.00141	     0.990780	     0.991264	     0.980604	     0.989575	     0.993867	      1.02317	      1.03239	
  1.46035e+08	     0.988250	     0.979146	     0.988113	     0.988240	      1.00291	      1.00376	     0.992494	     0.996264	     0.989814	     0.998894	      1.02508	      1.02817	
  1.46115e+08	     0.986162	     0.981100	     0.991430	     0.991348	      1.00288	      1.00321	     0.990743	     0.989454	     0.992749	     0.996224	      1.02399	      1.02586	
  1.46195e+08	     0.987856	     0.984915	     0.986414	     0.990027	      1.00217	      1.00585	     0.988141	     0.996082	     0.999502	      1.00038	      1.02699	      1.02372	
  1.46275e+08	     0.990193	     0.991790	     0.990843	     0.993963	      1.00296	      1.00637	     0.999455	      1.00395	     0.998618	      1.00808	      1.02748	      1.02453	
  1.46355e+08	      1.00081	     0.980689	     0.987305	     0.991361	      1.00419	      1.00644	      1.00204	      1.00325	      1.00764	      1.01264	      1.02549	      1.02508	
  1.46435e+08	     0.976835	     0.976879	     0.976000	     0.979057	     0.994820	     0.994766	     0.986941	     0.990597	     0.993846	     0.998647	      1.01282	      1.01234	
  1.46515e+08	      1.36000	      1.32745	      1.36126	      1.35073	      1.44555	      1.42962	      1.57445	      1.51174	      1.53823	      1.51699	      1.59029	      1.57707	
  1.46595e+08	      1.37538	      1.34317	      1.38555	      1.37332	      1.46688	      1.44503	      1.59655	      1.53218	      1.55883	      1.53573	      1.60706	      1.59742	
  1.46675e+08	     0.983282	     0.976591	     0.975318	     0.972016	      1.00094	     0.994082	     0.997420	     0.999452	     0.997657	     0.994946	      1.01614	      1.01741	
  1.46755e+08	     0.998489	     0.992604	     0.993149	     0.991570	      1.01962	      1.00769	      1.00936	      1.02258	      1.01687	      1.02659	      1.03954	      1.04212	
  1.46835e+08	      1.00108	     0.992251	     0.991873	     0.998132	      1.01734	      1.01682	      1.01334	      1.02510	      1.02214	      1.02759	      1.03851	      1.04333	
  1.46915e+08	      1.00156	     0.997539	     0.997425	     0.996327	      1.02637	      1.01300	      1.01259	      1.01056	      1.02105	      1.02669	      1.04332	      1.03626	
  1.46995e+08	      1.00314	      1.00416	     0.996979	     0.996151	      1.02594	      1.01610	      1.01582	      1.01383	      1.01842	      1.02413	      1.04142	      1.04188	
  1.47075e+08	      1.00717	      1.00314	      1.00049	      1.00372	      1.03122	      1.02488	      1.01389	      1.01461	      1.02262	      1.02118	      1.04387	      1.04054	
  1.47155e+08	      1.00666	      1.00044	     0.997951	      1.00262	      1.03061	      1.02037	      1.02491	      1.01547	      1.03189	      1.03151	      1.04435	      1.03363	
  1.47235e+08	      1.00894	      1.00428	     0.993120	      1.00350	      1.02735	      1.03324	      1.02492	      1.01890	      1.01985	      1.02480	      1.03885	      1.04177	
  1.47315e+08	      1.00398	      1.00148	      1.00040	      1.00180	      1.02906	      1.02043	      1.03450	      1.02537	      1.02660	      1.02448	      1.04367	      1.04856	
  1.47395e+08	      1.00140	      1.00502	     0.998708	      1.00373	      1.02722	      1.02353	      1.03191	      1.03422	      1.02497	      1.02364	      1.04656	      1.04341	
  1.47475e+08	      1.01326	      1.00334	     0.996311	     0.994774	      1.02657	      1.02575	      1.03308	      1.03061	      1.01807	      1.02408	      1.04688	      1.04653	
  1.47555e+08	      1.00829	      1.00944	     0.996551	     0.996883	      1.03136	      1.01860	      1.03305	      1.02815	      1.02178	      1.02193	      1.04589	      1.04462	
  1.47635e+08	      1.00847	      1.01023	     0.997257	     0.998713	      1.02484	      1.02116	      1.03429	      1.02962	      1.02164	      1.02973	      1.04479	      1.04398	
  1.47715e+08	     0.995573	     0.994697	     0.987027	     0.987761	      1.01479	      1.00301	      1.02042	      1.01504	      1.00872	      1.00984	      1.03320	      1.02738	
  1.47795e+08	      1.38077	      1.34885	      1.39821	      1.38429	      1.47366	      1.46250	      1.60844	      1.53963	      1.56628	      1.54418	      1.61514	      1.60354	
  1.47875e+08	      1.39232	      1.36448	      1.41396	      1.40262	      1.48805	      1.48254	      1.62457	      1.55601	      1.58149	      1.56090	      1.62723	      1.61774	
  1.47955e+08	     0.988874	     0.994795	     0.998498	     0.994165	      1.00687	      1.00638	      1.02304	      1.01213	      1.01879	      1.01530	      1.03095	      1.03852	
  1.48035e+08	      1.01382	      1.01041	      1.01626	      1.01812	      1.02871	      1.02615	      1.03816	      1.03354	      1.03033	      1.03394	      1.05068	      1.06334	
  1.48115e+08	      1.01245	      1.01337	      1.00971	      1.02002	      1.03389	      1.03062	      1.03463	      1.03747	      1.03405	      1.03182	      1.05671	      1.05257	
  1.48195e+08	      1.01736	      1.02097	      1.01579	      1.01592	      1.03709	      1.02621	      1.03317	      1.03269	      1.03270	      1.02803	      1.05623	      1.05193	
  1.48275e+08	      1.02114	      1.01953	      1.01484	      1.01946	      1.03836	      1.03122	      1.04327	      1.03311	      1.04098	      1.03105	      1.04937	      1.05038	
  1.48355e+08	      1.02164	      1.02321	      1.02192	      1.02107	      1.03658	      1.03186	      1.03746	      1.04000	      1.03380	      1.03142	      1.05296	      1.04821	
  1.48435e+08	      1.01885	      1.02151	      1.02069	      1.02268	      1.03374	      1.02965	      1.04076	      1.03786	      1.03316	      1.02946	      1.03343	      1.04591	
  1.48515e+08	      1.02262	      1.02193	      1.02650	      1.02021	      1.03243	      1.03036	      1.03624	      1.02896	      1.03949	      1.02984	      1.04127	      1.04847	
  1.48595e+08	      1.02471	      1.02479	      1.02057	      1.02695	      1.03439	      1.03509	      1.03978	      1.03418	      1.03249	      1.03214	      1.04269	      1.04629	
  1.48675e+08	      1.02432	      1.02266	      1.02680	      1.02499	      1.03806	      1.02956	      1.04298	      1.04159	      1.03554	      1.03094	      1.04345	      1.04733	
  1.48755e+08	      1.02571	      1.02533	      1.02028	      1.02595	      1.03625	      1.03496	      1.04254	      1.03423	      1.03714	      1.03464	      1.03922	      1.04408	
  1.48835e+08	      1.02647	      1.02745	      1.02250	      1.02212	      1.04075	      1.03168	      1.03465	      1.03174	      1.03694	      1.03783	      1.04319	      1.04232	
  1.48915e+08	      1.02346	      1.02151	      1.01950	      1.02072	      1.04478	      1.03564	      1.03868	      1.02562	      1.03701	      1.03622	      1.04055	      1.03505	
  1.48995e+08	      1.01172	      1.01458	      1.00910	      1.00949	      1.02934	      1.02451	      1.00565	      1.01756	      1.02274	      1.02069	      1.03069	      1.02878	
  1.49075e+08	      1.39468	      1.36804	      1.42120	      1.40804	      1.49309	      1.48614	      1.62611	      1.56340	      1.58450	      1.56467	      1.63060	      1.61956	
  1.49155e+08	      1.40386	      1.37547	      1.42685	      1.41612	      1.50090	      1.48003	      1.63990	      1.56828	      1.59158	      1.57280	      1.63685	      1.62279	
  1.49235e+08	      1.00920	      1.01675	      1.00317	      1.01195	      1.02548	      1.02696	      1.01368	      1.01182	      1.02437	      1.01492	      1.02860	      1.03150	
  1.49315e+08	      1.03007	      1.02291	      1.02504	      1.03748	      1.04023	      1.03749	      1.04128	      1.02435	      1.04662	      1.04070	      1.04602	      1.04972	
  1.49395e+08	      1.03073	      1.02638	      1.02660	      1.03588	      1.04298	      1.03999	      1.03250	      1.02368	      1.04837	      1.03800	      1.04807	      1.05038	
  1.49475e+08	      1.03286	      1.02759	      1.03137	      1.03510	      1.04259	      1.03919	      1.03162	      1.02737	      1.04531	      1.04328	      1.04581	      1.05582	
  1.49555e+08	      1.03489	      1.03095	      1.03053	      1.03618	      1.04527	      1.04330	      1.04322	      1.02942	      1.04219	      1.03988	      1.04931	      1.05300	
  1.49635e+08	      1.03564	      1.03956	      1.02802	      1.03578	      1.04668	      1.03930	      1.04589	      1.03371	      1.04408	      1.03870	      1.05360	      1.05828	
  1.49715e+08	      1.03502	      1.03520	      1.02892	      1.03710	      1.05051	      1.04053	      1.04668	      1.03041	      1.04763	      1.04240	      1.05401	      1.05557	
  1.49795e+08	      1.03634	      1.03783	      1.02737	      1.03574	      1.04659	      1.04254	      1.04587	      1.03064	      1.04358	      1.03897	      1.04625	      1.05879	
  1.49875e+08	      1.03344	      1.03764	      1.02864	      1.03869	      1.04862	      1.04318	      1.04152	      1.03567	      1.04218	      1.03870	      1.04967	      1.05396	
  1.49955e+08	      1.03448	      1.03447	      1.02961	      1.03607	      1.04042	      1.03966	      1.05115	      1.04326	      1.04732	      1.03843	      1.04672	      1.05177	
  1.50035e+08	      1.03616	      1.03840	      1.03693	      1.04242	      1.04245	      1.04453	      1.05504	      1.04082	      1.04329	      1.03611	      1.03546	      1.04845	
  1.50115e+08	      1.03369	      1.03628	      1.03475	      1.04299	      1.03997	      1.03348	      1.05850	      1.03930	      1.04114	      1.03773	      1.03913	      1.05010	
  1.50195e+08	      1.02680	      1.02717	      1.03505	      1.03782	      1.03896	      1.03660	      1.05045	      1.03082	      1.03517	      1.03157	      1.04285	      1.04500	
  1.50275e+08	      1.01587	      1.02427	      1.02143	      1.02856	      1.02553	      1.02429	      1.03345	      1.02114	      1.02201	      1.01883	      1.02901	      1.03230	
  1.50355e+08	      1.40015	      1.37289	      1.42856	      1.41669	      1.49689	      1.48748	      1.64216	      1.56637	      1.58686	      1.57118	      1.62946	      1.62013	
  1.50435e+08	      1.39895	      1.37042	      1.43076	      1.41656	      1.49642	      1.48805	      1.64474	      1.56653	      1.58448	      1.56709	      1.62921	      1.61704	
  1.50515e+08	      1.01163	      1.02450	      1.02013	      1.02341	      1.02367	      1.02676	      1.02179	      1.01374	      1.01725	      1.01221	      1.02627	      1.02293	
  1.50595e+08	      1.02882	      1.03115	      1.03870	      1.04299	      1.03969	      1.04248	      1.04317	      1.02507	      1.03438	      1.03280	      1.05032	      1.04669	
  1.50675e+08	      1.02901	      1.03064	      1.03809	      1.04302	      1.04399	      1.04528	      1.04106	      1.02978	      1.03581	      1.03247	      1.03980	      1.05027	
  1.50755e+08	      1.03034	      1.03667	      1.03468	      1.04562	      1.04524	      1.04915	      1.05152	      1.03355	      1.02960	      1.03291	      1.03872	      1.04397	
  1.50835e+08	      1.01959	      1.02948	      1.03482	      1.04643	      1.05335	      1.05758	      1.03915	      1.02501	      1.03050	      1.03692	      1.03805	      1.04374	
  1.50915e+08	      1.03035	      1.03257	      1.03543	      1.04342	      1.04719	      1.05527	      1.03826	      1.02615	      1.02962	      1.03149	      1.03594	      1.04307	
  1.50995e+08	      1.02440	      1.03280	      1.03344	      1.04327	      1.04598	      1.05525	      1.03278	      1.02489	      1.03069	      1.03106	      1.03893	      1.03723	
  1.51075e+08	      1.02732	      1.02714	      1.03790	      1.04218	      1.05314	      1.05255	      1.03434	      1.02530	      1.02806	      1.03104	      1.02610	      1.04171	
  1.51155e+08	      1.01970	      1.02933	      1.03558	      1.04456	      1.04425	      1.05354	      1.03328	      1.02804	      1.03320	      1.03423	      1.03934	      1.04246	
  1.51235e+08	      1.02310	      1.02738	      1.03507	      1.03950	      1.04696	      1.05193	      1.03316	      1.03324	      1.03426	      1.03541	      1.03651	      1.04337	
  1.51315e+08	      1.01773	      1.03123	      1.03797	      1.03777	      1.03864	      1.04820	      1.03892	      1.02689	      1.02744	      1.03239	      1.03833	      1.04217	
  1.51395e+08	      1.02491	      1.02214	      1.03631	      1.03600	      1.04049	      1.04393	      1.02780	      1.02865	      1.03412	      1.03088	      1.03861	      1.04446	
  1.51475e+08	      1.02095	      1.02124	      1.03420	      1.03990	      1.03560	      1.04573	      1.02753	      1.02240	      1.03200	      1.03186	      1.03849	      1.03844	
  1.51555e+08	      1.00386	      1.01269	      1.01653	      1.03071	      1.02719	      1.02947	      1.01591	      1.01165	      1.01739	      1.01647	      1.01499	      1.02169	
  1.51635e+08	      1.39217	      1.36121	      1.42196	      1.41129	      1.48910	      1.48028	      1.63314	      1.55919	      1.57304	      1.55908	      1.62008	      1.60651	
  1.51715e+08	      1.38632	      1.35893	      1.42092	      1.40707	      1.48540	      1.47111	      1.62307	      1.55480	      1.56806	      1.55176	      1.61286	      1.59687	
  1.51795e+08	     0.997715	      1.00040	      1.01336	      1.02456	      1.02279	      1.02180	      1.00398	     0.996601	      1.00476	      1.00997	      1.01782	      1.02157	
  1.51875e+08	      1.01680	      1.01884	      1.03614	      1.04109	      1.03172	      1.04111	      1.01689	      1.01970	      1.02409	      1.02592	      1.03516	      1.03793	
  1.51955e+08	      1.01446	      1.02434	      1.03064	      1.03887	      1.02962	      1.03367	      1.02559	      1.02167	      1.02972	      1.02428	      1.03343	      1.04140	
  1.52035e+08	      1.01432	      1.02628	      1.02838	      1.03418	      1.03095	      1.04124	      1.02020	      1.01551	      1.02575	      1.02415	      1.03552	      1.03769	
  1.52115e+08	      1.00943	      1.01962	      1.02375	      1.03377	      1.03193	      1.03410	      1.02215	      1.02089	      1.02516	      1.02819	      1.04114	      1.04313	
  1.52195e+08	      1.01087	      1.02253	      1.02058	      1.02743	      1.02857	      1.04342	      1.02330	      1.01487	      1.02863	      1.02645	      1.04400	      1.04127	
  1.52275e+08	      1.00846	      1.02208	      1.01849	      1.02521	      1.03719	      1.03497	      1.02861	      1.01572	      1.02562	      1.02964	      1.03602	      1.03298	
  1.52355e+08	      1.00862	      1.02046	      1.01866	      1.02658	      1.03359	      1.03929	      1.02992	      1.01443	      1.02311	      1.02194	      1.02696	      1.03502	
  1.52435e+08	      1.01106	      1.01810	      1.01576	      1.02636	      1.02948	      1.03211	      1.03492	      1.02182	      1.02618	      1.02454	      1.03390	      1.03320	
  1.52515e+08	      1.00820	      1.01579	      1.01244	      1.02396	      1.03397	      1.03499	      1.02515	      1.01687	      1.02405	      1.02442	      1.03261	      1.03580	
  1.52595e+08	      1.01050	      1.01592	      1.01077	      1.01476	      1.02514	      1.03263	      1.02483	      1.01514	      1.02508	      1.02204	      1.03193	      1.03731	
  1.52675e+08	      1.00756	      1.01384	      1.00713	      1.01911	      1.03188	      1.03033	      1.01936	      1.01757	      1.02831	      1.02250	      1.02707	      1.02860	
  1.52755e+08	      1.00428	      1.00881	      1.01109	      1.01680	      1.02877	      1.03506	      1.02028	      1.02380	      1.01970	      1.02179	      1.03070	      1.03105	
  1.52835e+08	     0.986207	     0.990976	     0.991623	     0.999164	      1.01275	      1.01240	     0.998653	      1.01400	      1.00250	      1.00110	      1.01777	      1.01980	
  1.52915e+08	      1.37652	      1.34891	      1.41264	      1.39762	      1.47299	      1.46434	      1.61150	      1.54555	      1.55695	      1.54191	      1.60022	      1.58247	
  1.52995e+08	      1.36699	      1.34527	      1.40778	      1.39183	      1.46457	      1.45450	      1.60221	      1.53491	      1.55073	      1.53475	      1.59058	      1.57346	
  1.53075e+08	     0.981170	     0.990658	     0.984617	     0.988281	      1.00422	      1.01219	      1.00947	      1.00943	     0.999428	      1.00314	      1.00959	      1.01545	
  1.53155e+08	     0.994954	      1.00207	     0.999515	      1.01354	      1.02188	      1.02776	      1.01962	      1.02486	      1.01770	      1.01923	      1.04146	      1.03805	
  1.53235e+08	     0.997639	      1.00137	      1.00122	      1.00903	      1.02081	      1.02648	      1.02920	      1.02373	      1.02164	      1.01923	      1.03982	      1.03530	
  1.53315e+08	     0.991417	      1.00061	      1.00510	      1.01245	      1.01870	      1.02647	      1.02776	      1.02683	      1.01653	      1.01704	      1.03178	      1.03445	
  1.53395e+08	     0.991084	      1.00186	      1.00304	      1.00684	      1.01977	      1.02271	      1.02256	      1.02552	      1.01879	      1.02153	      1.02988	      1.03492	
  1.53475e+08	     0.993182	     0.994888	      1.00346	      1.00402	      1.01930	      1.02223	      1.01856	      1.02461	      1.01635	      1.01606	      1.03538	      1.03102	
  1.53555e+08	     0.988584	     0.994522	      1.00091	      1.00569	      1.01574	      1.01857	      1.02105	      1.02696	      1.00916	      1.02103	      1.02973	      1.03009	
  1.53635e+08	     0.988885	     0.991104	      1.00347	      1.00148	      1.01417	      1.01246	      1.00960	      1.01923	      1.00783	      1.01921	      1.02528	      1.02524	
  1.53715e+08	     0.983093	     0.992962	     0.995225	      1.00144	      1.01261	      1.01601	      1.01221	      1.02328	      1.01190	      1.01737	      1.01865	      1.01971	
  1.53795e+08	     0.989449	     0.989707	     0.997530	      1.00108	      1.01327	      1.01405	      1.01180	      1.01299	      1.01070	      1.01806	      1.02516	      1.02432	
  1.53875e+08	     0.983746	     0.989632	     0.996686	      1.00256	      1.01238	      1.01210	      1.00755	      1.00656	      1.01020	      1.02064	      1.01520	      1.01929	
  1.53955e+08	     0.978432	     0.987915	      1.00229	      1.00336	      1.01096	      1.00823	      1.00255	      1.00935	      1.00899	      1.01780	      1.01295	      1.01163	
  1.54035e+08	     0.986428	     0.988110	      1.00198	      1.00427	      1.00694	      1.00838	      1.00709	      1.00951	      1.00807	      1.01666	      1.01384	      1.02116	
  1.54115e+08	     0.966089	     0.971896	     0.983727	     0.991219	     0.991981	      1.00140	     0.989418	     0.988542	     0.996260	      1.00438	      1.00502	      1.00006	
  1.54195e+08	      1.35819	      1.33385	      1.39610	      1.38462	      1.45401	      1.44405	      1.59210	      1.53000	      1.53970	      1.52554	      1.57743	      1.56303	
  1.54275e+08	      1.35571	      1.33311	      1.39227	      1.38419	      1.44836	      1.43275	      1.58847	      1.52554	      1.53409	      1.51947	      1.56935	      1.55337	
  1.54355e+08	     0.965901	     0.967422	     0.979854	     0.979035	     0.986007	      1.00062	     0.983916	     0.989564	     0.991674	     0.999244	     0.999340	     0.996293	
  1.54435e+08	     0.980514	     0.986938	      1.00295	      1.00144	      1.01264	      1.01619	      1.00057	      1.00657	      1.01475	      1.01887	      1.01535	      1.01932	
  1.54515e+08	     0.979760	     0.985054	     0.992423	     0.996876	      1.01459	      1.00774	      1.00049	      1.00271	      1.01750	      1.01787	      1.01477	      1.01711	
  1.54595e+08	     0.980433	     0.986934	     0.995139	     0.989251	      1.01096	      1.01248	      1.00076	      1.00007	      1.00953	      1.01899	      1.00995	      1.01372	
  1.54675e+08	     0.978821	     0.979462	     0.993398	     0.988662	      1.01091	      1.01245	     0.991934	     0.999930	      1.00931	      1.02088	      1.01941	      1.00962	
  1.54755e+08	     0.979936	     0.976738	     0.986094	     0.984765	      1.00078	      1.01055	     0.996620	     0.998853	      1.00949	      1.01453	      1.01530	      1.01266	
  1.54835e+08	     0.984054	     0.983338	     0.986673	     0.992550	      1.00361	      1.00932	     0.998849	      1.00589	      1.01211	      1.01881	      1.01927	      1.01135	
  1.54915e+08	     0.982639	     0.979930	     0.995951	     0.988313	      1.00484	      1.00931	     0.999498	      1.00442	      1.01107	      1.01342	      1.02023	      1.00895	
  1.54995e+08	     0.978303	     0.984038	     0.989894	     0.989513	      1.00332	      1.00966	      1.00181	      1.00800	      1.01132	      1.01262	      1.01434	      1.01223	
  1.55075e+08	     0.982425	     0.978500	     0.990370	     0.992694	      1.00505	      1.00656	     0.996963	      1.00577	      1.01044	      1.01607	      1.01304	      1.00993	
  1.55155e+08	     0.981261	     0.978524	     0.984374	     0.989022	      1.00700	      1.00615	      1.00745	      1.00800	      1.01143	      1.00880	      1.00322	      1.00163	
  1.55235e+08	     0.976999	     0.976315	     0.984252	     0.986182	      1.00478	      1.00886	      1.01084	      1.00849	      1.00637	      1.01830	      1.00339	      1.00105	
  1.55315e+08	     0.974201	     0.975801	     0.987462	     0.983852	      1.00853	      1.00473	     0.999899	      1.00501	      1.00625	      1.01145	     0.999218	      1.00138	
  1.55395e+08	     0.963578	     0.968689	     0.974455	     0.972833	     0.987457	     0.989698	     0.979759	     0.991795	     0.990222	     0.997774	     0.985383	     0.985653	
  1.55475e+08	      1.35239	      1.32926	      1.38316	      1.37901	      1.44027	      1.42527	      1.58102	      1.52114	      1.52449	      1.51121	      1.55898	      1.54447	
  1.55555e+08	      1.35281	      1.32891	      1.38645	      1.38195	      1.44017	      1.42539	      1.58152	      1.52389	      1.52376	      1.50967	      1.55684	      1.54063	
  1.55635e+08	     0.962980	     0.964455	     0.964074	     0.969862	     0.984166	     0.986667	     0.977149	     0.978247	     0.991906	     0.992386	     0.982942	     0.989051	
  1.55715e+08	     0.985049	     0.982906	     0.985583	     0.985038	     0.998015	     0.999676	     0.996594	      1.00650	      1.00896	      1.00982	      1.00507	      1.00584	
  1.55795e+08	     0.983106	     0.980426	     0.986755	     0.989160	     0.998624	      1.00278	     0.998161	     0.998985	      1.00621	      1.01025	      1.00669	      1.01343	
  1.55875e+08	     0.980537	     0.983828	     0.986004	     0.989214	     0.999233	      1.00027	     0.995005	     0.999576	      1.00649	      1.01486	      1.00680	      1.01356	
  1.55955e+08	     0.987120	     0.989035	     0.989529	     0.991704	     0.997484	      1.00259	     0.994619	     0.999141	      1.00613	      1.01083	      1.00902	      1.00716	
  1.56035e+08	     0.990532	     0.991243	     0.994344	     0.993141	     0.995561	      1.00044	     0.997688	      1.00380	      1.00876	      1.01457	      1.00044	      1.00420	
  1.56115e+08	     0.987780	     0.988438	     0.989671	     0.989782	     0.996610	      1.00279	      1.00259	     0.996899	      1.00844	      1.01151	      1.00038	      1.00574	
  1.56195e+08	     0.978751	     0.979434	     0.991368	     0.994675	     0.992361	      1.00032	     0.999874	     0.996477	      1.01028	      1.01132	      1.00148	      1.00003	
  1.56275e+08	     0.980782	     0.988789	     0.992190	      1.00117	     0.992014	     0.999227	     0.999886	      1.00516	      1.00911	      1.00960	     0.999513	     0.997392	
  1.56355e+08	     0.982825	     0.982036	     0.991627	      1.00347	     0.985697	      1.00090	      1.00484	      1.00960	      1.00785	      1.00995	     0.994796	      1.00175	
  1.56435e+08	     0.980602	     0.986485	     0.993646	     0.998538	     0.992476	      1.00194	     0.998777	      1.01175	      1.00419	      1.00952	      1.00085	     0.999788	
  1.56515e+08	     0.976407	     0.979726	     0.991199	     0.999081	     0.997340	     0.994610	      1.00328	      1.00824	      1.00542	      1.00793	      1.00122	     0.999783	
  1.56595e+08	     0.978979	     0.974107	     0.991239	      1.00362	     0.996997	     0.991374	      1.00660	      1.01354	      1.00555	      1.00480	     0.999426	      1.00316	
  1.56675e+08	     0.970613	     0.964522	     0.983600	     0.987749	     0.977739	     0.981541	     0.997977	     0.998468	     0.992590	     0.991197	     0.988846	     0.982037	
  1.56755e+08	      1.35252	      1.33145	      1.38733	      1.37914	      1.43591	      1.42129	      1.57854	      1.52762	      1.52250	      1.50759	      1.55376	      1.53667	
  1.56835e+08	      1.36103	      1.33930	      1.39597	      1.38728	      1.44265	      1.42671	      1.58441	      1.53579	      1.52924	      1.51274	      1.55915	      1.53877	
  1.56915e+08	     0.968659	     0.972918	     0.979981	     0.980013	     0.979676	     0.979826	     0.987411	      1.00156	     0.991904	     0.987177	     0.981968	     0.986450	
  1.56995e+08	     0.982956	     0.991757	     0.995080	     0.996714	     0.995095	      1.00588	      1.01021	      1.02006	      1.00749	      1.00535	     0.997862	     0.998897	
  1.57075e+08	     0.992176	     0.990583	     0.992960	     0.997001	     0.993468	     0.994836	      1.01050	      1.01792	      1.01219	      1.01293	      1.00469	     0.996031	
  1.57155e+08	     0.991709	     0.999090	      1.00011	     0.996832	     0.998145	      1.00055	      1.01462	      1.01468	      1.01050	      1.01153	      1.00342	      1.00556	
  1.57235e+08	     0.989383	     0.995333	     0.997033	     0.991897	     0.999594	     0.994211	      1.00198	      1.01411	      1.00482	      1.01087	      1.00453	      1.01066	
  1.57315e+08	     0.993687	     0.994838	     0.996026	     0.994754	     0.996555	      1.00306	      1.00147	      1.00348	      1.00857	      1.01260	      1.00210	      1.00727	
  1.57395e+08	     0.993445	      1.00094	     0.998163	     0.998435	     0.994100	      1.00182	      1.00053	      1.00467	      1.00951	      1.01271	      1.00004	      1.00711	
  1.57475e+08	     0.993381	      1.00123	     0.996546	     0.998458	     0.993746	      1.00113	     0.998789	      1.01306	      1.01042	      1.00620	      1.00484	      1.00185	
  1.57555e+08	     0.992932	     0.995009	      1.00752	     0.998579	     0.996636	      1.00405	      1.00584	      1.00716	      1.00637	      1.01073	      1.00700	      1.00986	
  1.57635e+08	     0.994666	     0.995747	      1.00291	      1.00135	     0.994237	      1.00213	      1.00833	      1.01939	      1.01323	      1.01033	      1.00257	      1.00835	
  1.57715e+08	     0.993627	     0.993562	      1.00508	     0.998459	     0.994977	     0.999303	      1.00774	      1.01199	      1.01487	      1.01263	     0.999311	      1.00395	
  1.57795e+08	     0.992637	     0.993494	      1.00085	      1.00035	     0.998699	      1.00408	     0.998479	      1.00723	      1.01148	      1.01777	     0.999772	      1.00306	
  1.57875e+08	     0.996314	     0.989772	      1.00438	      1.00151	     0.996019	     0.996975	      1.00862	      1.01139	      1.00863	      1.01224	      1.00044	      1.00534	
  1.57955e+08	     0.981124	     0.982784	     0.987865	     0.988928	     0.984004	     0.991722	     0.995215	     0.995123	     0.999516	      1.00403	     0.980998	     0.988143	
  1.58035e+08	      1.36374	      1.33780	      1.39777	      1.39043	      1.44426	      1.42901	      1.58732	      1.53710	      1.53031	      1.51494	      1.55940	      1.53801	
  1.58115e+08	      1.38031	      1.35377	      1.41338	      1.40002	      1.45510	      1.43715	      1.60019	      1.54537	      1.53785	      1.52467	      1.56867	      1.54352	
  1.58195e+08	     0.976571	     0.987683	     0.989422	     0.994220	     0.987905	     0.985510	     0.999563	     0.995715	     0.996937	      1.00092	     0.987415	     0.984729	
  1.58275e+08	     0.998507	      1.00145	      1.00992	      1.00912	      1.00261	      1.00062	      1.02430	      1.01622	      1.01316	      1.02317	      1.01049	     0.999505	
  1.58355e+08	     0.996547	      1.00160	      1.01451	      1.00568	      1.00333	      1.00907	      1.02139	      1.02765	      1.01968	      1.02241	      1.01315	      1.00432	
  1.58435e+08	     0.996849	      1.00434	      1.01404	      1.00887	      1.00696	      1.00487	      1.02019	      1.02373	      1.01898	      1.02101	      1.01314	      1.00597	
  1.58515e+08	     0.994296	      1.00209	      1.01455	      1.00718	      1.00312	      1.00545	      1.03132	      1.02353	      1.01902	      1.01883	      1.00899	      1.00575	
  1.58595e+08	     0.999549	      1.00182	      1.00893	      1.00766	      1.00907	      1.01004	      1.02541	      1.01992	      1.01638	      1.01750	      1.01318	      1.01064	
  1.58675e+08	     0.994467	      1.00044	      1.00514	      1.00838	      1.00841	      1.00422	      1.02371	      1.02523	      1.01314	      1.01701	      1.00639	      1.00877	
  1.58755e+08	     0.994483	      1.00451	      1.00799	      1.00875	      1.00629	      1.00124	      1.03294	      1.02779	      1.01412	      1.02040	      1.01235	      1.00672	
  1.58835e+08	     0.996733	      1.00211	      1.01246	      1.01427	      1.00548	      1.00615	      1.02860	      1.03147	      1.01614	      1.02088	      1.01529	      1.00128	
  1.58915e+08	     0.997399	     0.996283	      1.01442	      1.01455	      1.00740	      1.00878	      1.01942	      1.03144	      1.01879	      1.02269	      1.01651	      1.00649	
  1.58995e+08	     0.995788	      1.00259	      1.01574	      1.01547	      1.00826	      1.00712	      1.02292	      1.03010	      1.01526	      1.01926	      1.01307	      1.00730	
  1.59075e+08	     0.993215	     0.994272	      1.01737	      1.01059	      1.01052	      1.01140	      1.02343	      1.02101	      1.01126	      1.01640	      1.01575	      1.00493	
  1.59155e+08	     0.992799	     0.991494	      1.01589	      1.01621	      1.00903	      1.01186	      1.01837	      1.01885	      1.01974	      1.01614	      1.01473	      1.00666	
  1.59235e+08	     0.978977	     0.981552	      1.00668	     0.996442	      1.00022	     0.993881	      1.00661	      1.01533	     0.995323	      1.00498	      1.00291	     0.991755	
  1.59315e+08	      1.38505	      1.35392	      1.42023	      1.40740	      1.46102	      1.44179	      1.60314	      1.54844	      1.53963	      1.52671	      1.57181	      1.54432	
  1.59395e+08	      1.39772	      1.36717	      1.43086	      1.41757	      1.47168	      1.46424	      1.61979	      1.55910	      1.54900	      1.53646	      1.58061	      1.55110	
  1.59475e+08	     0.984760	     0.983414	      1.00077	      1.00027	     0.996141	     0.990801	     0.999153	      1.00613	     0.999635	      1.00427	     0.997948	     0.989919	
  1.59555e+08	      1.00441	     0.992311	      1.01699	      1.01876	      1.01158	      1.00651	      1.01590	      1.01881	      1.01896	      1.02381	      1.00918	      1.01505	
  1.59635e+08	      1.00280	     0.997656	      1.02337	      1.01860	      1.01221	      1.01262	      1.02133	      1.01730	      1.01841	      1.02334	      1.01553	      1.00964	
  1.59715e+08	      1.00537	     0.995284	      1.02374	      1.02378	      1.00910	      1.00724	      1.01698	      1.02007	      1.01764	      1.02110	      1.01866	      1.01038	
  1.59795e+08	      1.00445	      1.00371	      1.02262	      1.01925	      1.01140	      1.01187	      1.01966	      1.02105	      1.01689	      1.02144	      1.00917	      1.01029	
  1.59875e+08	      1.00775	     0.997750	      1.02190	      1.02381	      1.01650	      1.01579	      1.02655	      1.02093	      1.01493	      1.01615	      1.01216	      1.01536	
  1.59955e+08	      1.00604	      1.00643	      1.02666	      1.01716	      1.01197	      1.01057	      1.01917	      1.01519	      1.01813	      1.02118	      1.01365	      1.01384	
  1.60035e+08	      1.00613	      1.01242	      1.02984	      1.02224	      1.01193	      1.01521	      1.01979	      1.01449	      1.01072	      1.01592	      1.02017	      1.02172	
  1.60115e+08	      1.01302	      1.00763	      1.02932	      1.02207	      1.01631	      1.01875	      1.03671	      1.01581	      1.01309	      1.01652	      1.02034	      1.01315	
  1.60195e+08	      1.00928	      1.01169	      1.02682	      1.02368	      1.02036	      1.01227	      1.02085	      1.01717	      1.01441	      1.01848	      1.01872	      1.01918	
  1.60275e+08	      1.00597	      1.00517	      1.02799	      1.02412	      1.01547	      1.01546	      1.01937	      1.01056	      1.01810	      1.01941	      1.02442	      1.01420	
  1.60355e+08	      1.01177	      1.01329	      1.02280	      1.02332	      1.00983	      1.01151	      1.02355	      1.01594	      1.02263	      1.02224	      1.02115	      1.01710	
  1.60435e+08	      1.01288	      1.01031	      1.02891	      1.02212	      1.01550	      1.00693	      1.01953	      1.01759	      1.01655	      1.02385	      1.01805	      1.01935	
  1.60515e+08	     0.999642	      1.00072	      1.01773	      1.00900	      1.00305	     0.993933	      1.00819	      1.00658	      1.00566	      1.00936	      1.00249	     0.999887	
  1.60595e+08	      1.40204	      1.36920	      1.43641	      1.42041	      1.47292	      1.46424	      1.62399	      1.56262	      1.55357	      1.53698	      1.58094	      1.54635	
  1.60675e+08	      1.41170	      1.37689	      1.44681	      1.42519	      1.48003	      1.46917	      1.63320	      1.56596	      1.55979	      1.54104	      1.58202	      1.54792	
  1.60755e+08	     0.999546	     0.993693	      1.01700	      1.00979	     0.997795	     0.991341	      1.01793	      1.01512	      1.00396	      1.00144	     0.990936	     0.986872	
  1.60835e+08	      1.01207	      1.01438	      1.03564	      1.02954	      1.01963	      1.01195	      1.02487	      1.02335	      1.02463	      1.01860	      1.01127	      1.00638	
  1.60915e+08	      1.01832	      1.01461	      1.03741	      1.02574	      1.01739	      1.00554	      1.02801	      1.03137	      1.02260	      1.01584	      1.01227	      1.00664	
  1.60995e+08	      1.01684	      1.01903	      1.03799	      1.02779	      1.01709	      1.00555	      1.03798	      1.02481	      1.01598	      1.01906	      1.01073	      1.00981	
  1.61075e+08	      1.02025	      1.02055	      1.03716	      1.02834	      1.01587	      1.00476	      1.01650	      1.02145	      1.01965	      1.01772	      1.01876	      1.00880	
  1.61155e+08	      1.02061	      1.01904	      1.03265	      1.03364	      1.01235	      1.00493	      1.02106	      1.01417	      1.02009	      1.01850	      1.01367	      1.00513	
  1.61235e+08	      1.02170	      1.01946	      1.03548	      1.03149	      1.01466	      1.00855	      1.02489	      1.01549	      1.01354	      1.01473	      1.01035	      1.00694	
  1.61315e+08	      1.02141	      1.02196	      1.04096	      1.03389	      1.02442	      1.01198	      1.02566	      1.01287	      1.01598	      1.01887	      1.01373	      1.00855	
  1.61395e+08	      1.02483	      1.02684	      1.03677	      1.03197	      1.01349	      1.01059	      1.02378	      1.01867	      1.01339	      1.01610	      1.01309	      1.00557	
  1.61475e+08	      1.03005	      1.02517	      1.03857	      1.03155	      1.01574	      1.01647	      1.02246	      1.01118	      1.01223	      1.01116	      1.01618	      1.00505	
  1.61555e+08	      1.02733	      1.02296	      1.03709	      1.03079	      1.00855	      1.01125	      1.01562	      1.00882	      1.01460	      1.01165	      1.01327	     0.999960	
  1.61635e+08	      1.03312	      1.02474	      1.03671	      1.03274	      1.01316	      1.01587	      1.01926	      1.01425	      1.01165	      1.01190	      1.01313	      1.00827	
  1.61715e+08	      1.02981	      1.02568	      1.03975	      1.02966	      1.01353	      1.01053	      1.02339	      1.01932	      1.00515	      1.00991	      1.01840	      1.00392	
  1.61795e+08	      1.01841	      1.01378	      1.02308	      1.01933	     0.997311	     0.997776	      1.02016	      1.00889	     0.997521	     0.999729	     0.993536	     0.987684	
  1.61875e+08	      1.41220	      1.37480	      1.45059	      1.42737	      1.47749	      1.46500	      1.63372	      1.56075	      1.55634	      1.53510	      1.57624	      1.54368	
  1.61955e+08	      1.41579	      1.37685	      1.45331	      1.42742	      1.47619	      1.46230	      1.63247	      1.55976	      1.55282	      1.53321	      1.57039	      1.54066	
  1.62035e+08	      1.02098	      1.01240	      1.01187	      1.01872	     0.995022	     0.992886	      1.01234	      1.01312	     0.996215	     0.990338	     0.990784	     0.986603	
  1.62115e+08	      1.03808	      1.03098	      1.04266	      1.03733	      1.01065	      1.00932	      1.02774	      1.02800	      1.01718	      1.01770	      1.00127	      1.00741	
  1.62195e+08	      1.03741	      1.03159	      1.04112	      1.03752	      1.01021	      1.00727	      1.02758	      1.02659	      1.01771	      1.01866	      1.00368	      1.00223	
  1.62275e+08	      1.03808	      1.03599	      1.04414	      1.03918	      1.01195	      1.01306	      1.02793	      1.02409	      1.01980	      1.02021	     0.999961	     0.996122	
  1.62355e+08	      1.03802	      1.03632	      1.03746	      1.03659	      1.01045	      1.00548	      1.01686	      1.02490	      1.01884	      1.01985	     0.992247	     0.987403	
  1.62435e+08	      1.04270	      1.03911	      1.04005	      1.03242	      1.01052	      1.00862	      1.01765	      1.02051	      1.01874	      1.02419	     0.994928	     0.991344	
  1.62515e+08	      1.03825	      1.03837	      1.03586	      1.03159	      1.01024	      1.00696	      1.02513	      1.01346	      1.01672	      1.01635	      1.00010	     0.991289	
  1.62595e+08	      1.03899	      1.03207	      1.02642	      1.03087	      1.00709	      1.00799	      1.01862	      1.00324	      1.01956	      1.01787	     0.990056	     0.987919	
  1.62675e+08	      1.04365	      1.03673	      1.03265	      1.02822	      1.00987	      1.00492	      1.01629	      1.00885	      1.01892	      1.01603	     0.992949	     0.993016	
  1.62755e+08	      1.04116	      1.03337	      1.02679	      1.02990	      1.00729	      1.00241	      1.01772	      1.01420	      1.01729	      1.01797	     0.999670	     0.996441	
  1.62835e+08	      1.03359	      1.03381	      1.02943	      1.02218	      1.01169	      1.00269	      1.01189	      1.01558	      1.01176	      1.01177	     0.999666	     0.996504	
  1.62915e+08	      1.03476	      1.03479	      1.03128	      1.02620	      1.00813	      1.00401	      1.02012	      1.01060	      1.01834	      1.01654	     0.997510	     0.990021	
  1.62995e+08	      1.03704	      1.03275	      1.03228	      1.02228	      1.00821	      1.00816	      1.01323	      1.01642	      1.01233	      1.00996	     0.989296	     0.980966	
  1.63075e+08	      1.02267	      1.01943	      1.01479	      1.01461	     0.994190	     0.992458	      1.00315	     0.994465	      1.00142	     0.997486	     0.974894	     0.973149	
  1.63155e+08	      1.41204	      1.37219	      1.44827	      1.42139	      1.46718	      1.44497	      1.62146	      1.55046	      1.54509	      1.52645	      1.55953	      1.52924	
  1.63235e+08	      1.41155	      1.37036	      1.44506	      1.41617	      1.45894	      1.43924	      1.61641	      1.54507	      1.54067	      1.52156	      1.55068	      1.52154	
  1.63315e+08	      1.02391	      1.02099	      1.01414	     0.998875	     0.992068	     0.982269	     0.985893	     0.991284	     0.991222	     0.987048	     0.967316	     0.966031	
  1.63395e+08	      1.04690	      1.03149	      1.03429	      1.02378	      1.00785	      1.00167	      1.00207	      1.00023	      1.01364	      1.01089	     0.990025	     0.982552	
  1.63475e+08	      1.04353	      1.03481	      1.03074	      1.02444	      1.01170	      1.00696	      1.00405	      1.00303	      1.01189	      1.00718	     0.984246	     0.978481	
  1.63555e+08	      1.04463	      1.03494	      1.03518	      1.03103	      1.00869	      1.00177	      1.00559	      1.00335	      1.01202	      1.00781	     0.987567	     0.980418	
  1.63635e+08	      1.03161	      1.02976	      1.03163	      1.03040	      1.00748	      1.00624	      1.00791	      1.00320	      1.01011	      1.00821	     0.983320	     0.979736	
  1.63715e+08	      1.03262	      1.02952	      1.03296	      1.02934	      1.00661	      1.00479	      1.01487	      1.01126	      1.00778	      1.01002	     0.980850	     0.983114	
  1.63795e+08	      1.03477	      1.03378	      1.03818	      1.02933	      1.00476	      1.00077	      1.00809	      1.00548	      1.00746	      1.00442	     0.972750	     0.975925	
  1.63875e+08	      1.02996	      1.03104	      1.03205	      1.02736	      1.00643	     0.998621	      1.00480	      1.00105	      1.00979	      1.00425	     0.973579	     0.972248	
  1.63955e+08	      1.02931	      1.02687	      1.03183	      1.02950	     0.998811	     0.996263	      1.01511	      1.01325	      1.00614	      1.00300	     0.969322	     0.971050	
  1.64035e+08	      1.03205	      1.03047	      1.03126	      1.02853	      1.00248	     0.995955	      1.00513	      1.00692	      1.00242	      1.00164	     0.971455	     0.967971	
  1.64115e+08	      1.03290	      1.03022	      1.03373	      1.02115	      1.00056	     0.995866	      1.00879	      1.00536	      1.00985	      1.00645	     0.965599	     0.968972	
  1.64195e+08	      1.03517	      1.02534	      1.02745	      1.02063	     0.994716	     0.992790	      1.00795	      1.00179	      1.00762	      1.00994	     0.966202	     0.965918	
  1.64275e+08	      1.02905	      1.02406	      1.02018	      1.02264	     0.995571	     0.994462	      1.00853	     0.999664	      1.00451	      1.00230	     0.963072	     0.965003	
  1.64355e+08	      1.01729	      1.00796	      1.01001	      1.00373	     0.979539	     0.975024	     0.991263	     0.990919	     0.989017	     0.990479	     0.950401	     0.950440	
  1.64435e+08	      1.40383	      1.36297	      1.43054	      1.40196	      1.44708	      1.42219	      1.60719	      1.53245	      1.52707	      1.50852	      1.53741	      1.50432	
  1.64515e+08	      1.39463	      1.35549	      1.42483	      1.38838	      1.43248	      1.40837	      1.59288	      1.51604	      1.51316	      1.49217	      1.52103	      1.48654	
  1.64595e+08	      1.00479	      1.00460	      1.00497	      1.00235	     0.972245	     0.971243	     0.978981	     0.976665	     0.983891	     0.984858	     0.942313	     0.943548	
  1.64675e+08	      1.01688	      1.02242	      1.02102	      1.01720	     0.982232	     0.979985	     0.999704	     0.995589	     0.998598	     0.995901	     0.961909	     0.963204	
  1.64755e+08	      1.02005	      1.01949	      1.02297	      1.01671	     0.982686	     0.984323	     0.992338	     0.995359	     0.997071	     0.996946	     0.956150	     0.954110	
  1.64835e+08	      1.01582	      1.02342	      1.02550	      1.01428	     0.978720	     0.983578	     0.986425	      1.00073	     0.999486	     0.999608	     0.958442	     0.955593	
  1.64915e+08	      1.01658	      1.02068	      1.01644	      1.00896	     0.979515	     0.978983	     0.997106	     0.995745	      1.00049	     0.998257	     0.960921	     0.957868	
  1.64995e+08	      1.02034	      1.01862	      1.01699	      1.01370	     0.979430	     0.980296	     0.990281	     0.993934	     0.996120	     0.997584	     0.955030	     0.952409	
  1.65075e+08	      1.01951	      1.01958	      1.01167	      1.00781	     0.975529	     0.975091	     0.986192	     0.990352	     0.996293	     0.996844	     0.955344	     0.948153	
  1.65155e+08	      1.01240	      1.01579	      1.00895	      1.01123	     0.974873	     0.974768	     0.987111	     0.992070	     0.999892	     0.990168	     0.958320	     0.956194	
  1.65235e+08	      1.01995	      1.01986	      1.01697	      1.00733	     0.973097	     0.973203	     0.989649	     0.992005	     0.995357	     0.994261	     0.954576	     0.949794	
  1.65315e+08	      1.01496	      1.01147	      1.01194	      1.00336	     0.973402	     0.971896	     0.997579	     0.990827	     0.991377	     0.990667	     0.951992	     0.948934	
  1.65395e+08	      1.01045	      1.01705	      1.00886	      1.00055	     0.972861	     0.969925	     0.984150	     0.991508	     0.992083	     0.988502	     0.950841	     0.949851	
  1.65475e+08	      1.00857	      1.01119	      1.00766	      1.00304	     0.966941	     0.966426	     0.982839	     0.996188	     0.989128	     0.988940	     0.950264	     0.951897	
  1.65555e+08	      1.00488	      1.00836	      1.00657	     0.998356	     0.965466	     0.962531	     0.988945	     0.988030	     0.988211	     0.985438	     0.948451	     0.948832	
  1.65635e+08	     0.995369	     0.996476	     0.991416	     0.986222	     0.951518	     0.952255	     0.968881	     0.978580	     0.975523	     0.965828	     0.937290	     0.942898	
  1.65715e+08	      1.38700	      1.34613	      1.41365	      1.37665	      1.41801	      1.40965	      1.57635	      1.50389	      1.50096	      1.47435	      1.50544	      1.46972	
  1.65795e+08	      1.38098	      1.33889	      1.40480	      1.37005	      1.40473	      1.40517	      1.56382	      1.49281	      1.48993	      1.46184	      1.49189	      1.45645	
  1.65875e+08	     0.989101	     0.987457	     0.983586	     0.977558	     0.952374	     0.948865	     0.966634	     0.969208	     0.965604	     0.960998	     0.926670	     0.927986	
  1.65955e+08	      1.00744	      1.00510	     0.997815	     0.995580	     0.967290	     0.963765	     0.982196	     0.988416	     0.986566	     0.983677	     0.947664	     0.948724	
  1.66035e+08	      1.00948	     0.998458	     0.995531	     0.997896	     0.967077	     0.962193	     0.987365	     0.988158	     0.980318	     0.975995	     0.945864	     0.945101	
  1.66115e+08	      1.00427	      1.00624	     0.993495	     0.990074	     0.966591	     0.960924	     0.983314	     0.990552	     0.979502	     0.977199	     0.943295	     0.939301	
  1.66195e+08	     0.999668	     0.999924	     0.996147	     0.989696	     0.964083	     0.958810	     0.985841	     0.990268	     0.982937	     0.978588	     0.941524	     0.935980	
  1.66275e+08	     0.995938	     0.998400	     0.998489	     0.989057	     0.965752	     0.959296	     0.977794	     0.994616	     0.980992	     0.978535	     0.938991	     0.937796	
  1.66355e+08	     0.999118	     0.990364	     0.998246	     0.990256	     0.960650	     0.960435	     0.983429	     0.992671	     0.976442	     0.975101	     0.936532	     0.932254	
  1.66435e+08	     0.995178	     0.996008	      1.00033	     0.988448	     0.961676	     0.958307	     0.981084	     0.978702	     0.978330	     0.975786	     0.929832	     0.932348	
  1.66515e+08	     0.990347	     0.993646	     0.993579	     0.983823	     0.957149	     0.960276	     0.987905	     0.984403	     0.971883	     0.977577	     0.936941	     0.935074	
  1.66595e+08	     0.993131	     0.994213	     0.992938	     0.984151	     0.953826	     0.954275	     0.986111	     0.982692	     0.971770	     0.972014	     0.935454	     0.931105	
  1.66675e+08	     0.994270	     0.990783	     0.986306	     0.983823	     0.957843	     0.956217	     0.984198	     0.979566	     0.971419	     0.971736	     0.927229	     0.926767	
  1.66755e+08	     0.995705	     0.986808	     0.989285	     0.976828	     0.959300	     0.951697	     0.979319	     0.977218	     0.974325	     0.969899	     0.931781	     0.927854	
  1.66835e+08	     0.992426	     0.983720	     0.990132	     0.981271	     0.961247	     0.956478	     0.968991	     0.972207	     0.967310	     0.970637	     0.934429	     0.931724	
  1.66915e+08	     0.970566	     0.971262	     0.973878	     0.962996	     0.947110	     0.943600	     0.954578	     0.957755	     0.951237	     0.950976	     0.916385	     0.917608	
  1.66995e+08	      1.37416	      1.33273	      1.39437	      1.36070	      1.39297	      1.39045	      1.55678	      1.48245	      1.47585	      1.44913	      1.47729	      1.44496	
  1.67075e+08	      1.37181	      1.32822	      1.38620	      1.35753	      1.39281	      1.38314	      1.55054	      1.47779	      1.46880	      1.44426	      1.46973	      1.43632	
  1.67155e+08	     0.964777	     0.962388	     0.970942	     0.966555	     0.937488	     0.937912	     0.949660	     0.946926	     0.944901	     0.948628	     0.911225	     0.914709	
  1.67235e+08	     0.983049	     0.977460	     0.988980	     0.980793	     0.955776	     0.952128	     0.964068	     0.971317	     0.962216	     0.964418	     0.924029	     0.929183	
  1.67315e+08	     0.980152	     0.980939	     0.986962	     0.980602	     0.958570	     0.953112	     0.967055	     0.964634	     0.967688	     0.964640	     0.923557	     0.925266	
  1.67395e+08	     0.984522	     0.983078	     0.985997	     0.977929	     0.953230	     0.955249	     0.963627	     0.967633	     0.971459	     0.968569	     0.926270	     0.922336	
  1.67475e+08	     0.990348	     0.980935	     0.976074	     0.973710	     0.953388	     0.949767	     0.964625	     0.967420	     0.969190	     0.962628	     0.928978	     0.927227	
  1.67555e+08	     0.984588	     0.979854	     0.975897	     0.970680	     0.953199	     0.948592	     0.965112	     0.975035	     0.969669	     0.962483	     0.929287	     0.924092	
  1.67635e+08	     0.982617	     0.982571	     0.976927	     0.970359	     0.951430	     0.947589	     0.964549	     0.972599	     0.961949	     0.963312	     0.930136	     0.918214	
  1.67715e+08	     0.983215	     0.980029	     0.969997	     0.970893	     0.944084	     0.940071	     0.959772	     0.978353	     0.963250	     0.963086	     0.922482	     0.918453	
  1.67795e+08	     0.985217	     0.983706	     0.976825	     0.969621	     0.950217	     0.949066	     0.963064	     0.959007	     0.966798	     0.965405	     0.921012	     0.919560	
  1.67875e+08	     0.983805	     0.977292	     0.972915	     0.967559	     0.950339	     0.939539	     0.964254	     0.965623	     0.967790	     0.964259	     0.926959	     0.915809	
  1.67955e+08	     0.978727	     0.975529	     0.981900	     0.967012	     0.944841	     0.941869	     0.960490	     0.969598	     0.973337	     0.961618	     0.930897	     0.913560	
  1.68035e+08	     0.979809	     0.970773	     0.976130	     0.966910	     0.942347	     0.942830	     0.967186	     0.970069	     0.969613	     0.958478	     0.923742	     0.913951	
  1.68115e+08	     0.977463	     0.972256	     0.973754	     0.970245	     0.938863	     0.943012	     0.973113	     0.966789	     0.962620	     0.959893	     0.926037	     0.912573	
  1.68195e+08	     0.963864	     0.957628	     0.959549	     0.954312	     0.931125	     0.929136	     0.951597	     0.944067	     0.947579	     0.943524	     0.913950	     0.903160	
  1.68275e+08	      1.36980	      1.32467	      1.38296	      1.34928	      1.38521	      1.37817	      1.54404	      1.47070	      1.45956	      1.43480	      1.46168	      1.42455	
  1.68355e+08	      1.37317	      1.32611	      1.38378	      1.35195	      1.38298	      1.37693	      1.54338	      1.47150	      1.45788	      1.43374	      1.45874	      1.42021	
  1.68435e+08	     0.961557	     0.955548	     0.953354	     0.952045	     0.924623	     0.927968	     0.956278	     0.946718	     0.949138	     0.939326	     0.900098	     0.891697	
  1.68515e+08	     0.979973	     0.975630	     0.973354	     0.966295	     0.943801	     0.944517	     0.961766	     0.956755	     0.962161	     0.959568	     0.918381	     0.912410	
  1.68595e+08	     0.984464	     0.972760	     0.970645	     0.966206	     0.942722	     0.944943	     0.959455	     0.966400	     0.966485	     0.960180	     0.918683	     0.910226	
  1.68675e+08	     0.979865	     0.974585	     0.976271	     0.970493	     0.941476	     0.945728	     0.957172	     0.964848	     0.963400	     0.964560	     0.922988	     0.910919	
  1.68755e+08	     0.985590	     0.969942	     0.973338	     0.963907	     0.942648	     0.942303	     0.961790	     0.962741	     0.965201	     0.959283	     0.914919	     0.910809	
  1.68835e+08	     0.980207	     0.971861	     0.973439	     0.964832	     0.948394	     0.948858	     0.964670	     0.965207	     0.961667	     0.960644	     0.914068	     0.912155	
  1.68915e+08	     0.977298	     0.974101	     0.969771	     0.961215	     0.946512	     0.939593	     0.964316	     0.961381	     0.964141	     0.957690	     0.918782	     0.907400	
  1.68995e+08	     0.981412	     0.972605	     0.972922	     0.959373	     0.944940	     0.944384	     0.967587	     0.963419	     0.956627	     0.958090	     0.918827	     0.907875	
  1.69075e+08	     0.978347	     0.971883	     0.964153	     0.961056	     0.946803	     0.948459	     0.957331	     0.965764	     0.956832	     0.955648	     0.921319	     0.910676	
  1.69155e+08	     0.978113	     0.974259	     0.963079	     0.964136	     0.951434	     0.937241	     0.959687	     0.966953	     0.961361	     0.959178	     0.918041	     0.911192	
  1.69235e+08	     0.978338	     0.971359	     0.968309	     0.966724	     0.946792	     0.942115	     0.962226	     0.962337	     0.959529	     0.956704	     0.914950	     0.909003	
  1.69315e+08	     0.979172	     0.972739	     0.969288	     0.965123	     0.946294	     0.941292	     0.972127	     0.968593	     0.956784	     0.955876	     0.919393	     0.907205	
  1.69395e+08	     0.976584	     0.970426	     0.969327	     0.961752	     0.943871	     0.947244	     0.968049	     0.961188	     0.956741	     0.953270	     0.913233	     0.911300	
  1.69475e+08	     0.963934	     0.960054	     0.958321	     0.951217	     0.936924	     0.935782	     0.956616	     0.955124	     0.944377	     0.941024	     0.898710	     0.892316	
  1.69555e+08	      1.37565	      1.32670	      1.37959	      1.35540	      1.37173	      1.37263	      1.53737	      1.46934	      1.45384	      1.42980	      1.45217	      1.41402	
