   1.6715501e+08	       0.0000000	       0.0000000	       0.0000000	       0.0000000	       0.0000000	       0.0000000	       0.0000000	       0.0000000	       0.0000000	       0.0000000	       0.0000000	       0.0000000	
   1.6723501e+08	       1.0516105	       1.0498109	       1.0850345	       1.0905256	       1.1208719	       1.1300524	       1.1184976	       1.1210411	       1.1401796	       1.1359397	       1.1680260	       1.1629480	
   1.6731501e+08	       1.0704605	       1.0666552	       1.1024884	       1.1110116	       1.1393290	       1.1472803	       1.1355679	       1.1396881	       1.1560688	       1.1599919	       1.1883613	       1.1869031	
   1.6739501e+08	       1.0696292	       1.0700822	       1.1046266	       1.1075191	       1.1429286	       1.1472040	       1.1378185	       1.1326783	       1.1562376	       1.1540343	       1.1893665	       1.1829983	
   1.6747501e+08	       1.0698413	       1.0677738	       1.1006613	       1.1073276	       1.1389266	       1.1429543	       1.1331577	       1.1376407	       1.1557619	       1.1547347	       1.1868478	       1.1865057	
   1.6755501e+08	       1.0680197	       1.0662141	       1.1016919	       1.1076201	       1.1388966	       1.1441092	       1.1304943	       1.1322197	       1.1508505	       1.1529249	       1.1845483	       1.1812944	
   1.6763501e+08	       1.0677403	       1.0671621	       1.1007032	       1.1081415	       1.1403992	       1.1425988	       1.1320441	       1.1346285	       1.1538948	       1.1514729	       1.1852099	       1.1786429	
   1.6771501e+08	       1.0698641	       1.0684311	       1.0966860	       1.1078089	       1.1368997	       1.1411905	       1.1314282	       1.1302250	       1.1501332	       1.1513789	       1.1856873	       1.1768664	
   1.6779501e+08	       1.0690826	       1.0695514	       1.1002304	       1.1070495	       1.1372342	       1.1436217	       1.1380105	       1.1379656	       1.1563361	       1.1563385	       1.1876463	       1.1810338	
   1.6787501e+08	       1.0687470	       1.0662380	       1.1008803	       1.1081464	       1.1377683	       1.1376242	       1.1269131	       1.1300703	       1.1491012	       1.1506609	       1.1845788	       1.1807680	
   1.6795501e+08	       1.0702526	       1.0672370	       1.1042806	       1.1060843	       1.1344298	       1.1424459	       1.1327568	       1.1293539	       1.1499287	       1.1505753	       1.1793952	       1.1792261	
   1.6803501e+08	       1.0733029	       1.0687326	       1.1018557	       1.1041424	       1.1342330	       1.1395468	       1.1316465	       1.1330923	       1.1501649	       1.1493422	       1.1799521	       1.1787165	
   1.6811501e+08	       1.0693091	       1.0673557	       1.1048187	       1.1053331	       1.1323566	       1.1358737	       1.1268820	       1.1293501	       1.1489010	       1.1493356	       1.1812204	       1.1768819	
   1.6819501e+08	       1.0729272	       1.0627450	       1.0985518	       1.1020030	       1.1292381	       1.1359249	       1.1263025	       1.1236450	       1.1462158	       1.1504536	       1.1813711	       1.1741302	
   1.6827501e+08	       1.0551631	       1.0508955	       1.0820409	       1.0874375	       1.1170358	       1.1189040	       1.1100270	       1.1044334	       1.1309325	       1.1319195	       1.1592571	       1.1561746	
   1.6835501e+08	       0.0000000	       0.0000000	       0.0000000	       0.0000000	       0.0000000	       0.0000000	       0.0000000	       0.0000000	       0.0000000	       0.0000000	       0.0000000	       0.0000000	
   1.6843501e+08	       0.0000000	       0.0000000	       0.0000000	       0.0000000	       0.0000000	       0.0000000	       0.0000000	       0.0000000	       0.0000000	       0.0000000	       0.0000000	       0.0000000	
   1.6851501e+08	       1.0523632	       1.0450707	       1.0735571	       1.0816428	       1.1105942	       1.1155147	       1.1062803	       1.1080106	       1.1276114	       1.1257936	       1.1535857	       1.1460050	
   1.6859501e+08	       1.0711340	       1.0626640	       1.0938032	       1.0989569	       1.1302647	       1.1361981	       1.1273054	       1.1220977	       1.1470828	       1.1507980	       1.1732732	       1.1694302	
   1.6867501e+08	       1.0692046	       1.0652768	       1.0986613	       1.1021335	       1.1320444	       1.1330889	       1.1273385	       1.1267577	       1.1488573	       1.1465924	       1.1731033	       1.1718287	
   1.6875501e+08	       1.0680551	       1.0646716	       1.0990731	       1.1004619	       1.1333652	       1.1351449	       1.1201207	       1.1242738	       1.1470868	       1.1479586	       1.1757833	       1.1688639	
   1.6883501e+08	       1.0700480	       1.0631481	       1.0963012	       1.1013845	       1.1337092	       1.1310142	       1.1224702	       1.1226063	       1.1480977	       1.1474429	       1.1756126	       1.1714112	
   1.6891501e+08	       1.0682681	       1.0634839	       1.0959948	       1.1003880	       1.1326812	       1.1368743	       1.1239274	       1.1157278	       1.1474066	       1.1462657	       1.1677042	       1.1713980	
   1.6899501e+08	       1.0660271	       1.0659770	       1.0968565	       1.0987509	       1.1299683	       1.1319581	       1.1247761	       1.1176811	       1.1468029	       1.1452929	       1.1740367	       1.1664798	
   1.6907501e+08	       1.0663227	       1.0685860	       1.0929765	       1.0974215	       1.1325478	       1.1327580	       1.1247619	       1.1214688	       1.1490449	       1.1496960	       1.1738028	       1.1685930	
   1.6915501e+08	       1.0710010	       1.0664855	       1.0931284	       1.0971396	       1.1320950	       1.1313102	       1.1181027	       1.1200201	       1.1454176	       1.1440384	       1.1731239	       1.1665607	
   1.6923501e+08	       1.0717079	       1.0676945	       1.0910069	       1.0999372	       1.1340369	       1.1288100	       1.1208096	       1.1152645	       1.1424075	       1.1460618	       1.1712264	       1.1696683	
   1.6931501e+08	       1.0702081	       1.0664575	       1.0931153	       1.0958366	       1.1316951	       1.1307148	       1.1187551	       1.1175841	       1.1473369	       1.1432722	       1.1750058	       1.1674751	
   1.6939501e+08	       1.0708818	       1.0673263	       1.0958677	       1.0976411	       1.1321318	       1.1310939	       1.1191958	       1.1226884	       1.1429958	       1.1422052	       1.1681653	       1.1659678	
   1.6947501e+08	       1.0743568	       1.0670119	       1.0974481	       1.1007188	       1.1299179	       1.1292140	       1.1189715	       1.1238461	       1.1389012	       1.1408545	       1.1651194	       1.1608271	
   1.6955501e+08	       1.0577524	       1.0524531	       1.0820401	       1.0820333	       1.1139900	       1.1170822	       1.1040252	       1.1113075	       1.1225949	       1.1258846	       1.1504957	       1.1482602	
   1.6963501e+08	       0.0000000	       0.0000000	       0.0000000	       0.0000000	       0.0000000	       0.0000000	       0.0000000	       0.0000000	       0.0000000	       0.0000000	       0.0000000	       0.0000000	
   1.6971501e+08	       0.0000000	       0.0000000	       0.0000000	       0.0000000	       0.0000000	       0.0000000	       0.0000000	       0.0000000	       0.0000000	       0.0000000	       0.0000000	       0.0000000	
   1.6979501e+08	       1.0539390	       1.0490458	       1.0811974	       1.0823255	       1.1100329	       1.1119465	       1.0981102	       1.1005383	       1.1228622	       1.1215779	       1.1446218	       1.1429696	
   1.6987501e+08	       1.0716913	       1.0634255	       1.0977368	       1.1003839	       1.1297367	       1.1282358	       1.1185344	       1.1241942	       1.1407161	       1.1393554	       1.1680968	       1.1620984	
   1.6995501e+08	       1.0709476	       1.0653435	       1.0972022	       1.1010238	       1.1298093	       1.1300810	       1.1235307	       1.1245600	       1.1472906	       1.1430078	       1.1644060	       1.1634118	
   1.7003501e+08	       1.0674508	       1.0681752	       1.0996830	       1.0998423	       1.1287737	       1.1283651	       1.1225661	       1.1173482	       1.1453691	       1.1416080	       1.1654243	       1.1582284	
   1.7011501e+08	       1.0715132	       1.0681558	       1.0961144	       1.0956428	       1.1269360	       1.1279378	       1.1251946	       1.1215730	       1.1423669	       1.1430432	       1.1633229	       1.1651493	
   1.7019501e+08	       1.0692148	       1.0686131	       1.0987079	       1.1022385	       1.1268748	       1.1306217	       1.1182627	       1.1181622	       1.1441837	       1.1406194	       1.1674372	       1.1574736	
   1.7027501e+08	       1.0696818	       1.0684785	       1.1015559	       1.1003168	       1.1274738	       1.1285706	       1.1208436	       1.1191953	       1.1410162	       1.1434897	       1.1592584	       1.1601916	
   1.7035501e+08	       1.0724466	       1.0706530	       1.1051827	       1.1056650	       1.1281574	       1.1320166	       1.1226239	       1.1247256	       1.1405450	       1.1418369	       1.1627531	       1.1618737	
   1.7043501e+08	       1.0711360	       1.0709666	       1.1040112	       1.1000842	       1.1264414	       1.1286404	       1.1206615	       1.1197238	       1.1403538	       1.1417925	       1.1581840	       1.1588277	
   1.7051501e+08	       1.0734311	       1.0712963	       1.1034833	       1.1007896	       1.1288612	       1.1262336	       1.1226863	       1.1208375	       1.1353129	       1.1389790	       1.1591406	       1.1579878	
   1.7059501e+08	       1.0739394	       1.0728149	       1.1007793	       1.1008560	       1.1299705	       1.1268796	       1.1173239	       1.1234428	       1.1391286	       1.1406277	       1.1569560	       1.1546503	
   1.7067501e+08	       1.0761393	       1.0725205	       1.1004181	       1.0983311	       1.1278999	       1.1276333	       1.1225055	       1.1215709	       1.1377122	       1.1402975	       1.1589590	       1.1568434	
   1.7075501e+08	       1.0766930	       1.0771086	       1.0990914	       1.0993495	       1.1269689	       1.1285518	       1.1198630	       1.1208802	       1.1308993	       1.1394742	       1.1516005	       1.1524495	
   1.7083501e+08	       1.0624895	       1.0603416	       1.0779922	       1.0848196	       1.1133341	       1.1128467	       1.1067458	       1.1062858	       1.1203015	       1.1244997	       1.1374712	       1.1341553	
   1.7091501e+08	       0.0000000	       0.0000000	       0.0000000	       0.0000000	       0.0000000	       0.0000000	       0.0000000	       0.0000000	       0.0000000	       0.0000000	       0.0000000	       0.0000000	
   1.7099501e+08	       0.0000000	       0.0000000	       0.0000000	       0.0000000	       0.0000000	       0.0000000	       0.0000000	       0.0000000	       0.0000000	       0.0000000	       0.0000000	       0.0000000	
   1.7107501e+08	       1.0625239	       1.0598127	       1.0815713	       1.0795770	       1.1105335	       1.1097660	       1.1002502	       1.1048243	       1.1151390	       1.1186245	       1.1368833	       1.1395689	
   1.7115501e+08	       1.0829132	       1.0804990	       1.1010371	       1.1039069	       1.1303199	       1.1263289	       1.1231023	       1.1249426	       1.1364228	       1.1374389	       1.1568407	       1.1559409	
   1.7123501e+08	       1.0830987	       1.0773106	       1.1024158	       1.1036997	       1.1295693	       1.1303391	       1.1200678	       1.1196374	       1.1387567	       1.1397111	       1.1571171	       1.1585992	
   1.7131501e+08	       1.0815455	       1.0808220	       1.1039206	       1.1047145	       1.1302084	       1.1268115	       1.1234264	       1.1215001	       1.1382520	       1.1436089	       1.1561828	       1.1521014	
   1.7139501e+08	       1.0799945	       1.0779200	       1.1034661	       1.1008403	       1.1261049	       1.1300125	       1.1219089	       1.1158841	       1.1386554	       1.1406649	       1.1561323	       1.1582964	
   1.7147501e+08	       1.0809615	       1.0790325	       1.1018864	       1.1037345	       1.1277707	       1.1253343	       1.1269515	       1.1180223	       1.1364307	       1.1377414	       1.1543222	       1.1516107	
   1.7155501e+08	       1.0787798	       1.0814419	       1.1018423	       1.1037509	       1.1258726	       1.1250315	       1.1271530	       1.1233412	       1.1367156	       1.1388273	       1.1531166	       1.1501770	
   1.7163501e+08	       1.0806270	       1.0799193	       1.0984865	       1.1012930	       1.1231826	       1.1253712	       1.1336714	       1.1235034	       1.1390630	       1.1478713	       1.1548543	       1.1587362	
   1.7171501e+08	       1.0839627	       1.0813897	       1.0992946	       1.1002073	       1.1260038	       1.1238075	       1.1292567	       1.1238005	       1.1362776	       1.1389320	       1.1508408	       1.1500844	
   1.7179501e+08	       1.0819051	       1.0862423	       1.1021558	       1.1013215	       1.1281637	       1.1261120	       1.1258260	       1.1142005	       1.1352861	       1.1359176	       1.1494120	       1.1471867	
   1.7187501e+08	       1.0852340	       1.0832754	       1.1047802	       1.1083158	       1.1270147	       1.1244614	       1.1288258	       1.1224624	       1.1350174	       1.1334728	       1.1503396	       1.1495344	
   1.7195501e+08	       1.0819454	       1.0831139	       1.1076436	       1.1077892	       1.1272668	       1.1224889	       1.1262381	       1.1176326	       1.1332394	       1.1339026	       1.1504184	       1.1500596	
   1.7203501e+08	       1.0839123	       1.0825406	       1.1088020	       1.1078727	       1.1269366	       1.1227452	       1.1258434	       1.1202105	       1.1311989	       1.1331731	       1.1504976	       1.1468581	
   1.7211501e+08	       1.0680513	       1.0675586	       1.0929051	       1.0931332	       1.1103189	       1.1071766	       1.1130924	       1.1006195	       1.1141400	       1.1188918	       1.1355665	       1.1366482	
   1.7219501e+08	       0.0000000	       0.0000000	       0.0000000	       0.0000000	       0.0000000	       0.0000000	       0.0000000	       0.0000000	       0.0000000	       0.0000000	       0.0000000	       0.0000000	
   1.7227501e+08	       0.0000000	       0.0000000	       0.0000000	       0.0000000	       0.0000000	       0.0000000	       0.0000000	       0.0000000	       0.0000000	       0.0000000	       0.0000000	       0.0000000	
   1.7235501e+08	       1.0662430	       1.0660198	       1.0866051	       1.0836410	       1.1062709	       1.1067871	       1.1051201	       1.1036396	       1.1115797	       1.1133288	       1.1295195	       1.1253307	
   1.7243501e+08	       1.0833145	       1.0799796	       1.1014750	       1.1046165	       1.1265499	       1.1239293	       1.1216266	       1.1212498	       1.1333075	       1.1316219	       1.1525430	       1.1495238	
   1.7251501e+08	       1.0843168	       1.0816629	       1.1025349	       1.1060382	       1.1282847	       1.1236102	       1.1260241	       1.1110435	       1.1330659	       1.1340355	       1.1555861	       1.1462913	
   1.7259501e+08	       1.0862184	       1.0816445	       1.1067319	       1.1078581	       1.1292266	       1.1240033	       1.1184574	       1.1139524	       1.1330233	       1.1320902	       1.1520576	       1.1486059	
   1.7267501e+08	       1.0864298	       1.0803822	       1.1064973	       1.1079401	       1.1280562	       1.1243821	       1.1228454	       1.1155934	       1.1317908	       1.1320517	       1.1525416	       1.1481033	
   1.7275501e+08	       1.0888771	       1.0821544	       1.1094695	       1.1101251	       1.1282999	       1.1215797	       1.1180543	       1.1119164	       1.1330925	       1.1329150	       1.1495983	       1.1473785	
   1.7283501e+08	       1.0850481	       1.0821138	       1.1111476	       1.1118541	       1.1248311	       1.1218253	       1.1213564	       1.1086384	       1.1291193	       1.1289444	       1.1516391	       1.1464780	
   1.7291501e+08	       1.0866562	       1.0871086	       1.1107175	       1.1122493	       1.1236814	       1.1227524	       1.1245036	       1.1133673	       1.1367850	       1.1325879	       1.1535889	       1.1421069	
   1.7299501e+08	       1.0856069	       1.0852815	       1.1065045	       1.1087433	       1.1254945	       1.1201347	       1.1167830	       1.1104572	       1.1306614	       1.1320529	       1.1532389	       1.1454765	
   1.7307501e+08	       1.0808718	       1.0875499	       1.1066834	       1.1057146	       1.1247612	       1.1172122	       1.1192188	       1.1107059	       1.1279475	       1.1325244	       1.1499572	       1.1445620	
   1.7315501e+08	       1.0863685	       1.0867078	       1.1042538	       1.1052607	       1.1268148	       1.1179641	       1.1194986	       1.1113062	       1.1290109	       1.1314680	       1.1543872	       1.1415518	
   1.7323501e+08	       1.0871569	       1.0854301	       1.1017484	       1.1057140	       1.1232325	       1.1183567	       1.1186786	       1.1157384	       1.1275094	       1.1306298	       1.1468763	       1.1387904	
   1.7331501e+08	       1.0851989	       1.0867387	       1.1001982	       1.1056702	       1.1215817	       1.1175665	       1.1169011	       1.1067664	       1.1278024	       1.1263569	       1.1472595	       1.1371385	
   1.7339501e+08	       1.0723635	       1.0723005	       1.0863019	       1.0926244	       1.1070541	       1.1054596	       1.0948310	       1.0910291	       1.1120050	       1.1114868	       1.1307932	       1.1174649	
   1.7347501e+08	       0.0000000	       0.0000000	       0.0000000	       0.0000000	       0.0000000	       0.0000000	       0.0000000	       0.0000000	       0.0000000	       0.0000000	       0.0000000	       0.0000000	
   1.7355501e+08	       0.0000000	       0.0000000	       0.0000000	       0.0000000	       0.0000000	       0.0000000	       0.0000000	       0.0000000	       0.0000000	       0.0000000	       0.0000000	       0.0000000	
   1.7363501e+08	       1.0687866	       1.0673384	       1.0875619	       1.0890133	       1.1053126	       1.0974841	       1.0958003	       1.0851829	       1.1103066	       1.1073433	       1.1214525	       1.1141878	
   1.7371501e+08	       1.0872199	       1.0838020	       1.1082985	       1.1064066	       1.1184413	       1.1154771	       1.1117463	       1.1105302	       1.1341642	       1.1315158	       1.1401456	       1.1338537	
   1.7379501e+08	       1.0882609	       1.0842572	       1.1057479	       1.1062229	       1.1197337	       1.1180334	       1.1191928	       1.1118558	       1.1353744	       1.1300371	       1.1459431	       1.1342146	
   1.7387501e+08	       1.0867375	       1.0830912	       1.1027449	       1.1032720	       1.1191760	       1.1174025	       1.1175465	       1.1100262	       1.1335060	       1.1298626	       1.1438519	       1.1365331	
   1.7395501e+08	       1.0834030	       1.0806899	       1.0980784	       1.1009997	       1.1182847	       1.1153074	       1.1189975	       1.1181842	       1.1334670	       1.1282261	       1.1438594	       1.1322408	
   1.7403501e+08	       1.0821566	       1.0839530	       1.0970741	       1.1001698	       1.1184522	       1.1155616	       1.1160709	       1.1105564	       1.1324701	       1.1271688	       1.1459619	       1.1311097	
   1.7411501e+08	       1.0818845	       1.0813901	       1.0971835	       1.0997079	       1.1229005	       1.1136285	       1.1138344	       1.1106246	       1.1280095	       1.1266786	       1.1419026	       1.1299267	
   1.7419501e+08	       1.0822270	       1.0853750	       1.0936786	       1.0986019	       1.1255461	       1.1141323	       1.1193405	       1.1093037	       1.1332962	       1.1277445	       1.1430634	       1.1322501	
   1.7427501e+08	       1.0790151	       1.0822610	       1.0983173	       1.0999809	       1.1185836	       1.1129904	       1.1179884	       1.1102874	       1.1278238	       1.1243308	       1.1373975	       1.1281329	
   1.7435501e+08	       1.0842859	       1.0863592	       1.0982072	       1.0990679	       1.1191107	       1.1126090	       1.1210538	       1.1141760	       1.1258041	       1.1198283	       1.1386723	       1.1278015	
   1.7443501e+08	       1.0805836	       1.0868292	       1.0981326	       1.0970998	       1.1170211	       1.1123853	       1.1169352	       1.1034937	       1.1190905	       1.1212159	       1.1365380	       1.1258417	
   1.7451501e+08	       1.0809291	       1.0883588	       1.0972875	       1.0968154	       1.1150488	       1.1101610	       1.1149372	       1.1068799	       1.1209578	       1.1170700	       1.1383241	       1.1268478	
   1.7459501e+08	       1.0823677	       1.0835454	       1.0985860	       1.0946255	       1.1149460	       1.1064565	       1.1123641	       1.1020057	       1.1181840	       1.1138086	       1.1361929	       1.1240962	
   1.7467501e+08	       1.0627309	       1.0711491	       1.0766223	       1.0753784	       1.0986261	       1.0923081	       1.0972619	       1.0902210	       1.1016569	       1.0976325	       1.1186065	       1.1073182	
   1.7475501e+08	       0.0000000	       0.0000000	       0.0000000	       0.0000000	       0.0000000	       0.0000000	       0.0000000	       0.0000000	       0.0000000	       0.0000000	       0.0000000	       0.0000000	
   1.7483501e+08	       0.0000000	       0.0000000	       0.0000000	       0.0000000	       0.0000000	       0.0000000	       0.0000000	       0.0000000	       0.0000000	       0.0000000	       0.0000000	       0.0000000	
   1.7491501e+08	       1.0627054	       1.0626463	       1.0682989	       1.0688015	       1.0887090	       1.0885048	       1.0898871	       1.0780494	       1.0891866	       1.0917644	       1.1118323	       1.1032560	
   1.7499501e+08	       1.0776046	       1.0794717	       1.0881102	       1.0903147	       1.1081028	       1.1013677	       1.1045896	       1.0999138	       1.1109758	       1.1067331	       1.1349384	       1.1215216	
   1.7507501e+08	       1.0809465	       1.0778730	       1.0874687	       1.0936483	       1.1098652	       1.1011064	       1.1047801	       1.0995429	       1.1106740	       1.1104241	       1.1333288	       1.1192294	
   1.7515501e+08	       1.0789189	       1.0789872	       1.0913156	       1.0945853	       1.1075094	       1.0999103	       1.1070910	       1.1000466	       1.1123897	       1.1072159	       1.1303614	       1.1173611	
   1.7523501e+08	       1.0780783	       1.0755495	       1.0886661	       1.0923177	       1.1066994	       1.0994134	       1.1057873	       1.1021934	       1.1121446	       1.1073544	       1.1327142	       1.1176592	
   1.7531501e+08	       1.0771843	       1.0741226	       1.0931133	       1.0923001	       1.1034133	       1.0976301	       1.1035828	       1.0976939	       1.1103552	       1.1053498	       1.1296765	       1.1156417	
   1.7539501e+08	       1.0758211	       1.0717815	       1.0899074	       1.0892279	       1.1015596	       1.0971813	       1.1046961	       1.0974064	       1.1080509	       1.1031782	       1.1245016	       1.1113298	
   1.7547501e+08	       1.0746694	       1.0770117	       1.0887798	       1.0887734	       1.1032151	       1.0976217	       1.1075254	       1.1096514	       1.1075269	       1.1076440	       1.1233208	       1.1139607	
   1.7555501e+08	       1.0756300	       1.0755276	       1.0839389	       1.0869863	       1.1000010	       1.0929849	       1.0951149	       1.0988821	       1.1072145	       1.1052112	       1.1198604	       1.1114181	
   1.7563501e+08	       1.0734341	       1.0737581	       1.0827855	       1.0849588	       1.1007015	       1.0917538	       1.0990567	       1.1021439	       1.1081955	       1.1024186	       1.1146441	       1.1081336	
   1.7571501e+08	       1.0708627	       1.0731855	       1.0814563	       1.0831257	       1.0980945	       1.0900332	       1.1022595	       1.1009745	       1.1057503	       1.1034256	       1.1153748	       1.1071896	
   1.7579501e+08	       1.0709322	       1.0751066	       1.0814029	       1.0822288	       1.0974388	       1.0889451	       1.0963927	       1.1025366	       1.1048348	       1.1023681	       1.1159326	       1.1086309	
   1.7587501e+08	       1.0706778	       1.0763422	       1.0793480	       1.0818368	       1.0964308	       1.0894352	       1.0988737	       1.0975972	       1.1073640	       1.1014870	       1.1141458	       1.1026628	
   1.7595501e+08	       1.0542526	       1.0582685	       1.0707268	       1.0674485	       1.0790562	       1.0730756	       1.0854262	       1.0840969	       1.0869923	       1.0804844	       1.0958029	       1.0873777	
   1.7603501e+08	       0.0000000	       0.0000000	       0.0000000	       0.0000000	       0.0000000	       0.0000000	       0.0000000	       0.0000000	       0.0000000	       0.0000000	       0.0000000	       0.0000000	
   1.7611501e+08	       0.0000000	       0.0000000	       0.0000000	       0.0000000	       0.0000000	       0.0000000	       0.0000000	       0.0000000	       0.0000000	       0.0000000	       0.0000000	       0.0000000	
   1.7619501e+08	       1.0471171	       1.0473104	       1.0619616	       1.0595158	       1.0755865	       1.0673414	       1.0746535	       1.0797501	       1.0780003	       1.0752885	       1.0843374	       1.0803669	
   1.7627501e+08	       1.0665501	       1.0653969	       1.0796319	       1.0779960	       1.0890222	       1.0841423	       1.0933757	       1.0941037	       1.0940517	       1.0889167	       1.1055754	       1.0946579	
   1.7635501e+08	       1.0643926	       1.0651222	       1.0777943	       1.0782952	       1.0885754	       1.0830027	       1.0927749	       1.0952039	       1.0962464	       1.0917268	       1.1043712	       1.0972839	
   1.7643501e+08	       1.0651928	       1.0600621	       1.0730332	       1.0761028	       1.0868096	       1.0799861	       1.0861683	       1.0890518	       1.0923636	       1.0893183	       1.1000080	       1.0965843	
   1.7651501e+08	       1.0631947	       1.0586429	       1.0733936	       1.0768179	       1.0831186	       1.0804060	       1.0783113	       1.0816800	       1.0916527	       1.0865944	       1.0948511	       1.0885890	
   1.7659501e+08	       1.0605759	       1.0609240	       1.0727661	       1.0754770	       1.0855671	       1.0780727	       1.0824547	       1.0820480	       1.0896920	       1.0874044	       1.0924408	       1.0899664	
   1.7667501e+08	       1.0567946	       1.0577644	       1.0709228	       1.0745784	       1.0842871	       1.0752122	       1.0795800	       1.0829275	       1.0851209	       1.0839981	       1.0962533	       1.0848607	
   1.7675501e+08	       1.0572839	       1.0586607	       1.0758115	       1.0759367	       1.0842449	       1.0743167	       1.0731826	       1.0794220	       1.0846056	       1.0847681	       1.0830109	       1.0828292	
   1.7683501e+08	       1.0580175	       1.0575208	       1.0742974	       1.0722246	       1.0814134	       1.0752466	       1.0732557	       1.0763276	       1.0834015	       1.0847547	       1.0857215	       1.0817220	
   1.7691501e+08	       1.0543087	       1.0591448	       1.0738535	       1.0685315	       1.0815596	       1.0701520	       1.0714995	       1.0735302	       1.0826521	       1.0803820	       1.0833383	       1.0794532	
   1.7699501e+08	       1.0553402	       1.0566994	       1.0736387	       1.0696260	       1.0788293	       1.0699433	       1.0720452	       1.0755512	       1.0804181	       1.0818674	       1.0807924	       1.0813912	
   1.7707501e+08	       1.0567802	       1.0550725	       1.0686645	       1.0634628	       1.0739304	       1.0693326	       1.0760446	       1.0791582	       1.0804825	       1.0804028	       1.0864765	       1.0776412	
   1.7715501e+08	       1.0555385	       1.0577568	       1.0638737	       1.0608699	       1.0707674	       1.0654549	       1.0756911	       1.0717327	       1.0795322	       1.0786798	       1.0829446	       1.0763621	
   1.7723501e+08	       1.0374428	       1.0386531	       1.0473572	       1.0466219	       1.0572603	       1.0508857	       1.0612089	       1.0548306	       1.0628419	       1.0642153	       1.0593837	       1.0582668	
   1.7731501e+08	       0.0000000	       0.0000000	       0.0000000	       0.0000000	       0.0000000	       0.0000000	       0.0000000	       0.0000000	       0.0000000	       0.0000000	       0.0000000	       0.0000000	
   1.7739501e+08	       0.0000000	       0.0000000	       0.0000000	       0.0000000	       0.0000000	       0.0000000	       0.0000000	       0.0000000	       0.0000000	       0.0000000	       0.0000000	       0.0000000	
   1.7747501e+08	       1.0327004	       1.0331092	       1.0400484	       1.0406571	       1.0480122	       1.0394768	       1.0462388	       1.0522135	       1.0491234	       1.0549503	       1.0544252	       1.0524933	
   1.7755501e+08	       1.0501254	       1.0469123	       1.0617799	       1.0588263	       1.0644899	       1.0569734	       1.0649275	       1.0664841	       1.0699391	       1.0720931	       1.0717623	       1.0706257	
   1.7763501e+08	       1.0493046	       1.0464170	       1.0631376	       1.0584914	       1.0611209	       1.0558080	       1.0661567	       1.0625894	       1.0709798	       1.0722746	       1.0711684	       1.0735765	
   1.7771501e+08	       1.0485802	       1.0445270	       1.0607163	       1.0583571	       1.0599341	       1.0564717	       1.0657842	       1.0625255	       1.0672351	       1.0675467	       1.0726851	       1.0724718	
   1.7779501e+08	       1.0490316	       1.0451438	       1.0614123	       1.0570374	       1.0585466	       1.0501536	       1.0627853	       1.0676889	       1.0656488	       1.0700315	       1.0682536	       1.0700041	
   1.7787501e+08	       1.0483713	       1.0442626	       1.0604237	       1.0578617	       1.0599698	       1.0505557	       1.0664879	       1.0587641	       1.0651053	       1.0660950	       1.0671593	       1.0664765	
   1.7795501e+08	       1.0467547	       1.0415166	       1.0568083	       1.0527016	       1.0545925	       1.0487196	       1.0587238	       1.0588572	       1.0640825	       1.0612084	       1.0678898	       1.0654252	
   1.7803501e+08	       1.0412783	       1.0440487	       1.0545718	       1.0507793	       1.0530139	       1.0487798	       1.0663766	       1.0601712	       1.0660615	       1.0590606	       1.0657816	       1.0640803	
   1.7811501e+08	       1.0425584	       1.0395265	       1.0497503	       1.0475075	       1.0508779	       1.0468473	       1.0601259	       1.0585332	       1.0620442	       1.0630138	       1.0622163	       1.0639509	
   1.7819501e+08	       1.0408154	       1.0414887	       1.0506052	       1.0489499	       1.0487973	       1.0451287	       1.0545902	       1.0608148	       1.0613205	       1.0588393	       1.0603020	       1.0615547	
   1.7827501e+08	       1.0409827	       1.0413909	       1.0500976	       1.0490544	       1.0504216	       1.0426162	       1.0542735	       1.0561743	       1.0608353	       1.0565952	       1.0588043	       1.0604675	
   1.7835501e+08	       1.0392112	       1.0401533	       1.0523716	       1.0455328	       1.0490336	       1.0428783	       1.0496147	       1.0467285	       1.0593138	       1.0565119	       1.0559604	       1.0575751	
   1.7843501e+08	       1.0403356	       1.0413011	       1.0507831	       1.0450767	       1.0454582	       1.0396734	       1.0565420	       1.0507225	       1.0552069	       1.0544125	       1.0525276	       1.0540273	
   1.7851501e+08	       1.0236844	       1.0261206	       1.0347034	       1.0268693	       1.0339765	       1.0249195	       1.0384144	       1.0385344	       1.0370807	       1.0352677	       1.0385937	       1.0375858	
   1.7859501e+08	       0.0000000	       0.0000000	       0.0000000	       0.0000000	       0.0000000	       0.0000000	       0.0000000	       0.0000000	       0.0000000	       0.0000000	       0.0000000	       0.0000000	
   1.7867501e+08	       0.0000000	       0.0000000	       0.0000000	       0.0000000	       0.0000000	       0.0000000	       0.0000000	       0.0000000	       0.0000000	       0.0000000	       0.0000000	       0.0000000	
   1.7875501e+08	       1.0214403	       1.0164217	       1.0209775	       1.0180107	       1.0250616	       1.0192379	       1.0238765	       1.0274397	       1.0275943	       1.0306937	       1.0265730	       1.0267838	
   1.7883501e+08	       1.0349171	       1.0338916	       1.0373405	       1.0363720	       1.0422202	       1.0354123	       1.0480933	       1.0443315	       1.0490937	       1.0423030	       1.0398557	       1.0451579	
   1.7891501e+08	       1.0332576	       1.0354488	       1.0378355	       1.0347617	       1.0430864	       1.0353462	       1.0478371	       1.0453827	       1.0453170	       1.0461523	       1.0420068	       1.0440259	
   1.7899501e+08	       1.0360221	       1.0312425	       1.0397529	       1.0371163	       1.0396595	       1.0378121	       1.0457247	       1.0478876	       1.0454966	       1.0419505	       1.0383778	       1.0421174	
   1.7907501e+08	       1.0316137	       1.0280516	       1.0396414	       1.0353967	       1.0400935	       1.0325374	       1.0464735	       1.0423264	       1.0458974	       1.0423902	       1.0385861	       1.0389318	
   1.7915501e+08	       1.0287292	       1.0267267	       1.0420409	       1.0346519	       1.0394340	       1.0356789	       1.0493061	       1.0500533	       1.0456266	       1.0422348	       1.0348552	       1.0400596	
   1.7923501e+08	       1.0312073	       1.0270595	       1.0423682	       1.0376268	       1.0384220	       1.0332003	       1.0446101	       1.0438458	       1.0397349	       1.0420970	       1.0312967	       1.0365105	
   1.7931501e+08	       1.0241286	       1.0240874	       1.0418153	       1.0325888	       1.0406124	       1.0360330	       1.0450935	       1.0415060	       1.0445700	       1.0436661	       1.0365643	       1.0340987	
   1.7939501e+08	       1.0252098	       1.0260759	       1.0406190	       1.0340089	       1.0383019	       1.0340684	       1.0480841	       1.0419624	       1.0421003	       1.0378936	       1.0349407	       1.0322698	
   1.7947501e+08	       1.0247532	       1.0261607	       1.0374617	       1.0317013	       1.0391444	       1.0329672	       1.0440598	       1.0420267	       1.0410042	       1.0386019	       1.0292070	       1.0328777	
   1.7955501e+08	       1.0255707	       1.0248966	       1.0331223	       1.0304609	       1.0396656	       1.0311194	       1.0464182	       1.0374475	       1.0383958	       1.0336908	       1.0313464	       1.0338097	
   1.7963501e+08	       1.0257339	       1.0276122	       1.0300327	       1.0292409	       1.0406286	       1.0307002	       1.0383306	       1.0375492	       1.0338495	       1.0361558	       1.0294802	       1.0336843	
   1.7971501e+08	       1.0264487	       1.0295766	       1.0297487	       1.0295294	       1.0365347	       1.0304182	       1.0359078	       1.0346155	       1.0324046	       1.0308220	       1.0263376	       1.0252978	
   1.7979501e+08	       1.0112836	       1.0130426	       1.0153190	       1.0130683	       1.0210319	       1.0157926	       1.0182903	       1.0212855	       1.0183263	       1.0137503	       1.0135357	       1.0113491	
   1.7987501e+08	       0.0000000	       0.0000000	       0.0000000	       0.0000000	       0.0000000	       0.0000000	       0.0000000	       0.0000000	       0.0000000	       0.0000000	       0.0000000	       0.0000000	
   1.7995501e+08	       0.0000000	       0.0000000	       0.0000000	       0.0000000	       0.0000000	       0.0000000	       0.0000000	       0.0000000	       0.0000000	       0.0000000	       0.0000000	       0.0000000	
   1.8003501e+08	       1.0080929	       1.0065304	       1.0127604	       1.0084988	       1.0101345	       1.0095990	       1.0076699	       1.0085567	       1.0013935	       1.0049223	       1.0005098	       1.0024759	
   1.8011501e+08	       1.0247232	       1.0252487	       1.0324680	       1.0265332	       1.0283412	       1.0271024	       1.0235595	       1.0288365	       1.0249896	       1.0265631	       1.0213259	       1.0216587	
   1.8019501e+08	       1.0288744	       1.0239544	       1.0331158	       1.0292847	       1.0301239	       1.0275366	       1.0258552	       1.0312512	       1.0235269	       1.0275074	       1.0261106	       1.0238248	
   1.8027501e+08	       1.0259719	       1.0249313	       1.0301682	       1.0279770	       1.0292201	       1.0251451	       1.0213290	       1.0318729	       1.0271376	       1.0258726	       1.0211368	       1.0209844	
   1.8035501e+08	       1.0227101	       1.0213181	       1.0271700	       1.0245957	       1.0272667	       1.0259412	       1.0194593	       1.0292888	       1.0231326	       1.0272997	       1.0179505	       1.0203276	
   1.8043501e+08	       1.0229036	       1.0214883	       1.0279828	       1.0240683	       1.0261795	       1.0237641	       1.0224016	       1.0222257	       1.0276229	       1.0242818	       1.0197253	       1.0178100	
   1.8051501e+08	       1.0204198	       1.0217861	       1.0238659	       1.0254363	       1.0250668	       1.0215006	       1.0238178	       1.0236380	       1.0265737	       1.0234240	       1.0180351	       1.0180518	
   1.8059501e+08	       1.0200386	       1.0175600	       1.0230306	       1.0249130	       1.0219662	       1.0190900	       1.0232681	       1.0305270	       1.0284428	       1.0275271	       1.0223986	       1.0184820	
   1.8067501e+08	       1.0211548	       1.0203053	       1.0220522	       1.0250943	       1.0204178	       1.0207620	       1.0212224	       1.0267307	       1.0235964	       1.0240165	       1.0147736	       1.0128967	
   1.8075501e+08	       1.0203988	       1.0208679	       1.0231031	       1.0275590	       1.0176938	       1.0173605	       1.0214497	       1.0214539	       1.0233897	       1.0227089	       1.0171035	       1.0154242	
   1.8083501e+08	       1.0208774	       1.0217433	       1.0290618	       1.0259973	       1.0167578	       1.0171225	       1.0191872	       1.0189818	       1.0182644	       1.0302090	       1.0157423	       1.0166252	
   1.8091501e+08	       1.0208181	       1.0242782	       1.0283993	       1.0269603	       1.0142460	       1.0165155	       1.0239410	       1.0211065	       1.0241822	       1.0240682	       1.0118517	       1.0119991	
   1.8099501e+08	       1.0191570	       1.0238760	       1.0263392	       1.0249228	       1.0148743	       1.0159361	       1.0231242	       1.0153130	       1.0194757	       1.0211808	       1.0130302	       1.0113562	
   1.8107501e+08	       1.0062416	       1.0098039	       1.0106533	       1.0086754	       1.0011405	       1.0035308	       1.0050878	       1.0066406	       1.0019946	       1.0018121	       1.0006910	      0.99467977	
   1.8115501e+08	       0.0000000	       0.0000000	       0.0000000	       0.0000000	       0.0000000	       0.0000000	       0.0000000	       0.0000000	       0.0000000	       0.0000000	       0.0000000	       0.0000000	
   1.8123501e+08	       0.0000000	       0.0000000	       0.0000000	       0.0000000	       0.0000000	       0.0000000	       0.0000000	       0.0000000	       0.0000000	       0.0000000	       0.0000000	       0.0000000	
   1.8131501e+08	       1.0039458	       1.0058080	      0.99948190	       1.0019324	      0.99387011	      0.99893777	       1.0013032	       1.0005922	      0.99775512	      0.99663456	      0.99260034	      0.98990225	
   1.8139501e+08	       1.0230764	       1.0223915	       1.0194264	       1.0234652	       1.0104318	       1.0135873	       1.0169677	       1.0174893	       1.0159743	       1.0145169	       1.0107705	       1.0093115	
   1.8147501e+08	       1.0205236	       1.0224852	       1.0237879	       1.0242062	       1.0105459	       1.0155671	       1.0198745	       1.0184897	       1.0149772	       1.0159559	       1.0105047	       1.0092595	
   1.8155501e+08	       1.0247877	       1.0205300	       1.0245907	       1.0260805	       1.0103256	       1.0141142	       1.0160186	       1.0176636	       1.0171921	       1.0145918	       1.0068030	       1.0068793	
   1.8163501e+08	       1.0199713	       1.0204069	       1.0292977	       1.0267934	       1.0071689	       1.0109570	       1.0196746	       1.0177118	       1.0142494	       1.0117920	       1.0113079	       1.0046622	
   1.8171501e+08	       1.0192118	       1.0165550	       1.0310527	       1.0261499	       1.0051043	       1.0136590	       1.0179587	       1.0199443	       1.0127825	       1.0142797	       1.0080030	       1.0027151	
   1.8179501e+08	       1.0201024	       1.0158418	       1.0268442	       1.0236027	       1.0096402	       1.0115181	       1.0165257	       1.0198424	       1.0133200	       1.0153724	       1.0077505	       1.0055317	
   1.8187501e+08	       1.0165213	       1.0154055	       1.0270156	       1.0247210	       1.0086837	       1.0125600	       1.0211475	       1.0162443	       1.0157782	       1.0132687	       1.0043373	      0.99974362	
   1.8195501e+08	       1.0189157	       1.0152115	       1.0243140	       1.0234382	       1.0049246	       1.0132138	       1.0167415	       1.0148058	       1.0123653	       1.0116718	       1.0031526	      0.99957667	
   1.8203501e+08	       1.0154047	       1.0165294	       1.0199832	       1.0189819	       1.0091771	       1.0134366	       1.0171650	       1.0161235	       1.0112883	       1.0150746	       1.0046257	      0.99960450	
   1.8211501e+08	       1.0159155	       1.0164123	       1.0176806	       1.0174632	       1.0066016	       1.0143699	       1.0093175	       1.0162881	       1.0112633	       1.0098522	       1.0027125	      0.99981239	
   1.8219501e+08	       1.0156635	       1.0193826	       1.0178806	       1.0155626	       1.0065230	       1.0119135	       1.0145164	       1.0136836	       1.0098307	       1.0095999	       1.0019368	       1.0009237	
   1.8227501e+08	       1.0160021	       1.0186691	       1.0188460	       1.0147496	       1.0062949	       1.0081498	       1.0103303	       1.0119489	       1.0076381	       1.0117973	      0.99641846	      0.99660182	
   1.8235501e+08	       1.0047730	       1.0058252	       1.0057894	       1.0031492	      0.99294696	      0.99555929	      0.99796647	      0.99663494	      0.99006549	      0.99492130	      0.98598808	      0.98421021	
   1.8243501e+08	       0.0000000	       0.0000000	       0.0000000	       0.0000000	       0.0000000	       0.0000000	       0.0000000	       0.0000000	       0.0000000	       0.0000000	       0.0000000	       0.0000000	
   1.8251501e+08	       0.0000000	       0.0000000	       0.0000000	       0.0000000	       0.0000000	       0.0000000	       0.0000000	       0.0000000	       0.0000000	       0.0000000	       0.0000000	       0.0000000	
   1.8259501e+08	       1.0059484	       1.0017288	       1.0064774	       1.0009770	      0.98134608	      0.99045362	      0.99004077	      0.99491583	      0.98241304	      0.98749364	      0.97728193	      0.97899052	
   1.8267501e+08	       1.0248730	       1.0221749	       1.0221988	       1.0180374	       1.0011110	       1.0054958	       1.0090588	       1.0106291	       1.0047684	       1.0066024	      0.99850052	      0.99619156	
   1.8275501e+08	       1.0250190	       1.0213526	       1.0227988	       1.0166181	      0.99914714	       1.0072482	       1.0135047	       1.0061510	       1.0037692	       1.0059174	      0.99910787	      0.99801441	
   1.8283501e+08	       1.0236015	       1.0202714	       1.0191452	       1.0154486	       1.0000911	       1.0071779	       1.0079647	       1.0090651	       1.0025953	       1.0064366	       1.0000660	      0.99811479	
   1.8291501e+08	       1.0236979	       1.0181025	       1.0195088	       1.0161475	      0.99720813	       1.0062821	       1.0081102	       1.0121943	       1.0011627	       1.0040408	      0.99909875	      0.99825876	
   1.8299501e+08	       1.0211298	       1.0151970	       1.0163521	       1.0201201	      0.99554601	       1.0051278	       1.0087327	       1.0096541	       1.0041920	       1.0021035	      0.99721901	      0.99365729	
   1.8307501e+08	       1.0183982	       1.0138985	       1.0205026	       1.0172073	      0.99866596	       1.0047268	       1.0120739	       1.0112903	       1.0020477	       1.0063956	      0.99587427	      0.99539282	
   1.8315501e+08	       1.0169391	       1.0128017	       1.0221950	       1.0220472	      0.99880437	       1.0030420	       1.0106752	       1.0099790	       1.0042509	       1.0049352	      0.99927143	      0.99505977	
   1.8323501e+08	       1.0149199	       1.0118484	       1.0236309	       1.0194544	      0.99856752	       1.0023972	       1.0103821	       1.0085100	       1.0007393	       1.0009848	      0.99414854	      0.99432924	
   1.8331501e+08	       1.0176287	       1.0141695	       1.0263895	       1.0185605	      0.99731760	       1.0030339	       1.0071385	       1.0164042	      0.99970575	       1.0020526	      0.99243559	      0.98784899	
   1.8339501e+08	       1.0151253	       1.0165522	       1.0251037	       1.0156329	      0.99946117	       1.0023098	       1.0082444	       1.0149322	       1.0017145	       1.0039221	      0.98851844	      0.99399368	
   1.8347501e+08	       1.0143739	       1.0183983	       1.0189941	       1.0163046	      0.99972039	       1.0031304	       1.0042081	       1.0118888	      0.99997283	       1.0030873	      0.98964452	      0.99075920	
   1.8355501e+08	       1.0152359	       1.0178808	       1.0161343	       1.0125137	      0.99615675	       1.0015708	       1.0048926	       1.0110767	      0.99886691	       1.0009207	      0.98968437	      0.98883237	
   1.8363501e+08	       1.0014821	       1.0082106	       1.0033641	      0.99824243	      0.98408649	      0.98787005	      0.99049634	      0.99856687	      0.98550580	      0.98680895	      0.97560823	      0.97433483	
   1.8371501e+08	       0.0000000	       0.0000000	       0.0000000	       0.0000000	       0.0000000	       0.0000000	       0.0000000	       0.0000000	       0.0000000	       0.0000000	       0.0000000	       0.0000000	
   1.8379501e+08	       0.0000000	       0.0000000	       0.0000000	       0.0000000	       0.0000000	       0.0000000	       0.0000000	       0.0000000	       0.0000000	       0.0000000	       0.0000000	       0.0000000	
   1.8387501e+08	       1.0023470	       1.0023885	      0.99657334	      0.99629951	      0.98087500	      0.98598930	      0.97855071	      0.98781475	      0.97585079	      0.98375335	      0.96829675	      0.97043437	
   1.8395501e+08	       1.0214369	       1.0215108	       1.0203148	       1.0144801	      0.99827444	      0.99940848	      0.99821438	       1.0031051	      0.99748635	       1.0059008	      0.98995450	      0.98898846	
   1.8403501e+08	       1.0221916	       1.0184463	       1.0199085	       1.0148362	      0.99984713	       1.0025437	      0.99873956	       1.0050253	      0.99880523	       1.0050227	      0.99275206	      0.99053940	
   1.8411501e+08	       1.0227479	       1.0176079	       1.0221622	       1.0168417	      0.99995907	       1.0024008	      0.99513386	       1.0040413	       1.0005996	       1.0031085	      0.98909278	      0.98860950	
   1.8419501e+08	       1.0225976	       1.0169347	       1.0209438	       1.0148794	       1.0025077	       1.0019292	      0.99660277	       1.0017519	      0.99463191	       1.0051541	      0.98546007	      0.99182949	
   1.8427501e+08	       1.0201956	       1.0130120	       1.0190891	       1.0126013	      0.99989343	      0.99988138	      0.99642177	       1.0049382	      0.99438693	       1.0027579	      0.98323042	      0.98753964	
   1.8435501e+08	       1.0193692	       1.0140364	       1.0174253	       1.0136687	      0.99676312	       1.0017994	      0.99512892	       1.0013688	      0.99684974	       1.0033862	      0.98384296	      0.98461425	
   1.8443501e+08	       1.0149643	       1.0110942	       1.0181107	       1.0101871	      0.99802566	      0.99806905	       1.0027679	       1.0070429	      0.99914074	       1.0115763	      0.98562633	      0.98443112	
   1.8451501e+08	       1.0138536	       1.0136494	       1.0124290	       1.0138845	      0.99875829	      0.99803596	       1.0025778	       1.0077090	      0.99730561	       1.0009823	      0.98283941	      0.98281778	
   1.8459501e+08	       1.0157660	       1.0162018	       1.0128417	       1.0118760	      0.99436384	      0.99941770	       1.0015994	       1.0048867	      0.99715104	       1.0015165	      0.98562826	      0.97901921	
   1.8467501e+08	       1.0154088	       1.0149413	       1.0155559	       1.0126900	      0.99719280	      0.99590022	       1.0020257	       1.0019504	      0.99592424	      0.99923781	      0.98139215	      0.98272112	
   1.8475501e+08	       1.0151886	       1.0166560	       1.0149882	       1.0152970	      0.99770517	      0.99424383	       1.0015178	       1.0059168	      0.99754359	       1.0000239	      0.97939218	      0.98189390	
   1.8483501e+08	       1.0116444	       1.0183244	       1.0175800	       1.0154849	      0.99730356	      0.99434292	      0.99762222	       1.0042162	      0.99565966	      0.99596957	      0.97967719	      0.97954863	
   1.8491501e+08	       1.0004356	       1.0046039	       1.0060067	      0.99876932	      0.98320639	      0.98055211	      0.98620123	      0.99070808	      0.97867933	      0.98170438	      0.96606204	      0.96273927	
   1.8499501e+08	       0.0000000	       0.0000000	       0.0000000	       0.0000000	       0.0000000	       0.0000000	       0.0000000	       0.0000000	       0.0000000	       0.0000000	       0.0000000	       0.0000000	
   1.8507501e+08	       0.0000000	       0.0000000	       0.0000000	       0.0000000	       0.0000000	       0.0000000	       0.0000000	       0.0000000	       0.0000000	       0.0000000	       0.0000000	       0.0000000	
   1.8515501e+08	      0.99718351	       1.0004092	      0.99718005	      0.99574205	      0.97766312	      0.97747057	      0.97698355	      0.98251733	      0.96984669	      0.97659798	      0.95221740	      0.95444336	
   1.8523501e+08	       1.0182387	       1.0177974	       1.0121814	       1.0131337	      0.99482693	      0.99371241	      0.99614048	      0.99921581	      0.99099093	      0.99333093	      0.97100316	      0.97578061	
   1.8531501e+08	       1.0189830	       1.0146471	       1.0122650	       1.0118823	      0.99354794	      0.99382032	      0.99598689	       1.0013656	      0.98794185	      0.99329933	      0.97318088	      0.97697857	
   1.8539501e+08	       1.0157864	       1.0147516	       1.0098058	       1.0104768	      0.99514444	      0.99525145	      0.99331448	       1.0010711	      0.98828959	      0.99109202	      0.97105248	      0.97802372	
   1.8547501e+08	       1.0141901	       1.0114400	       1.0122983	       1.0107876	      0.99248620	      0.99405007	      0.99876476	      0.99744555	      0.98863470	      0.99179826	      0.97142110	      0.97634552	
   1.8555501e+08	       1.0126110	       1.0089140	       1.0120757	       1.0107353	      0.99029137	      0.99344291	      0.99369123	      0.99652904	      0.98549854	      0.99088491	      0.97005231	      0.97392540	
   1.8563501e+08	       1.0108722	       1.0067333	       1.0125470	       1.0077128	      0.99245362	      0.99200591	      0.99945223	      0.99668181	      0.98337177	      0.99000922	      0.96907476	      0.97430952	
   1.8571501e+08	       1.0070306	       1.0051175	       1.0139425	       1.0094613	      0.99242598	      0.99139384	      0.99637141	      0.99336259	      0.98375651	      0.98869314	      0.97667798	      0.97094798	
   1.8579501e+08	       1.0060615	       1.0067012	       1.0113426	       1.0064037	      0.99239070	      0.99141386	      0.99484022	      0.99731504	      0.98268760	      0.98468144	      0.96757999	      0.97019517	
   1.8587501e+08	       1.0036892	       1.0048507	       1.0126952	       1.0046013	      0.98797399	      0.98988992	      0.99387581	      0.99371203	      0.98112883	      0.98941051	      0.97257384	      0.97001743	
   1.8595501e+08	       1.0026697	       1.0058907	       1.0070448	       1.0042495	      0.98979988	      0.98796774	      0.98677075	      0.99286549	      0.98274056	      0.98693186	      0.97054397	      0.97177994	
   1.8603501e+08	       1.0034943	       1.0075602	       1.0034730	       1.0024106	      0.98964746	      0.98637857	      0.99056819	      0.99107883	      0.98084993	      0.98414560	      0.97043539	      0.97003569	
   1.8611501e+08	       1.0043924	       1.0070301	       1.0016517	       1.0021134	      0.98574348	      0.98510785	      0.99060244	      0.99225186	      0.97783896	      0.98393196	      0.96950738	      0.96875930	
   1.8619501e+08	      0.99504739	      0.99458278	      0.98573235	      0.98894042	      0.97322439	      0.97163165	      0.96927184	      0.97467954	      0.96671031	      0.96567716	      0.95116319	      0.95303130	
   1.8627501e+08	       0.0000000	       0.0000000	       0.0000000	       0.0000000	       0.0000000	       0.0000000	       0.0000000	       0.0000000	       0.0000000	       0.0000000	       0.0000000	       0.0000000	
   1.8635501e+08	       0.0000000	       0.0000000	       0.0000000	       0.0000000	       0.0000000	       0.0000000	       0.0000000	       0.0000000	       0.0000000	       0.0000000	       0.0000000	       0.0000000	
   1.8643501e+08	      0.99414528	      0.99614730	      0.98683799	      0.98250669	      0.96339640	      0.96700010	      0.96824634	      0.97452629	      0.95823026	      0.96184938	      0.94570323	      0.95100964	
   1.8651501e+08	       1.0111105	       1.0141133	       1.0061793	       1.0018079	      0.98352051	      0.98507027	      0.98515744	      0.98982666	      0.98135392	      0.98698856	      0.96124192	      0.96694037	
   1.8659501e+08	       1.0121867	       1.0151053	       1.0066761	       1.0003457	      0.98025269	      0.98508342	      0.98844161	      0.99076194	      0.97792983	      0.98230374	      0.96247538	      0.96548471	
   1.8667501e+08	       1.0099408	       1.0114353	       1.0052426	       1.0023320	      0.97999178	      0.98262677	      0.98693131	      0.98760124	      0.97902374	      0.98493830	      0.96186848	      0.96837485	
   1.8675501e+08	       1.0109919	       1.0102882	       1.0027887	       1.0021571	      0.98099063	      0.98225257	      0.98422701	      0.98259551	      0.97946015	      0.98259164	      0.96153574	      0.96674371	
   1.8683501e+08	       1.0081452	       1.0045098	      0.99960837	      0.99772625	      0.98032309	      0.97978815	      0.98487930	      0.98554063	      0.97648528	      0.98158265	      0.95977445	      0.96742616	
   1.8691501e+08	       1.0036855	       1.0021170	      0.99508552	      0.99659052	      0.97874058	      0.97987094	      0.98408730	      0.98572281	      0.97666213	      0.97874103	      0.95748342	      0.96160480	
   1.8699501e+08	       1.0022214	      0.99837532	      0.99212172	      0.99670455	      0.97750772	      0.97820591	      0.98371734	      0.98700411	      0.97725367	      0.98155582	      0.95808796	      0.96317286	
   1.8707501e+08	       1.0011716	       1.0024615	      0.99552789	      0.99575354	      0.97781636	      0.97718105	      0.98080914	      0.98089050	      0.97626097	      0.97948195	      0.95639995	      0.95891078	
   1.8715501e+08	      0.99951344	       1.0014266	      0.99563840	      0.99694817	      0.97648196	      0.97448079	      0.97658083	      0.98457456	      0.97294904	      0.97353775	      0.95370696	      0.95911122	
   1.8723501e+08	      0.99973320	      0.99932577	      0.99656876	      0.99688572	      0.97547476	      0.97364075	      0.98118733	      0.98181845	      0.97487953	      0.97617483	      0.95242482	      0.95572161	
   1.8731501e+08	      0.99798029	      0.99837173	      0.99978237	      0.99674275	      0.97457013	      0.97534799	      0.97337262	      0.97551484	      0.97189821	      0.97228679	      0.94614174	      0.95059790	
   1.8739501e+08	      0.99547324	      0.99959561	      0.99640655	      0.99542731	      0.97420090	      0.97066877	      0.97307904	      0.97159335	      0.96699741	      0.96929726	      0.94352462	      0.95160523	
   1.8747501e+08	      0.98415469	      0.98760211	      0.98027445	      0.98091673	      0.95928321	      0.95689976	      0.95629406	      0.95642297	      0.95188318	      0.95419751	      0.92887441	      0.93589754	
   1.8755501e+08	       0.0000000	       0.0000000	       0.0000000	       0.0000000	       0.0000000	       0.0000000	       0.0000000	       0.0000000	       0.0000000	       0.0000000	       0.0000000	       0.0000000	
   1.8763501e+08	       0.0000000	       0.0000000	       0.0000000	       0.0000000	       0.0000000	       0.0000000	       0.0000000	       0.0000000	       0.0000000	       0.0000000	       0.0000000	       0.0000000	
   1.8771501e+08	      0.94582049	      0.94890905	      0.91929051	      0.91722147	      0.92289714	      0.91913796	      0.91645556	      0.91159953	      0.91285690	      0.90650136	      0.91435364	      0.91883641	
   1.8779501e+08	      0.94745914	      0.94591792	      0.91519664	      0.91143440	      0.92526817	      0.91893962	      0.91805844	      0.91008439	      0.91167255	      0.90584859	      0.92227835	      0.92252375	
   1.8787501e+08	      0.94474210	      0.93646521	      0.90827159	      0.90509391	      0.91922609	      0.91340820	      0.90782801	      0.90343680	      0.90789860	      0.89933150	      0.91533368	      0.91807330	
   1.8795501e+08	      0.94031688	      0.93472011	      0.90951611	      0.90390328	      0.91578895	      0.91022789	      0.91062691	      0.90294999	      0.90817650	      0.89696874	      0.91443070	      0.91188192	
   1.8803501e+08	      0.93949995	      0.93087757	      0.90988059	      0.90440025	      0.91718708	      0.90967327	      0.91044037	      0.90190885	      0.90603704	      0.89640195	      0.91518394	      0.91585586	
   1.8811501e+08	      0.93999718	      0.92981255	      0.91037225	      0.90280115	      0.91623986	      0.90795036	      0.90804998	      0.90412269	      0.90281154	      0.89545183	      0.91459696	      0.91414278	
   1.8819501e+08	      0.93700558	      0.92906906	      0.90879013	      0.90160076	      0.91118929	      0.90566282	      0.90868999	      0.90620422	      0.90441290	      0.89616016	      0.91558419	      0.91430133	
   1.8827501e+08	      0.93361600	      0.92689703	      0.90810718	      0.90720626	      0.91313194	      0.90836755	      0.91015032	      0.90338401	      0.90156706	      0.89481247	      0.91233085	      0.90921496	
   1.8835501e+08	      0.93032575	      0.92447177	      0.90410770	      0.90097309	      0.90996157	      0.90517434	      0.90846759	      0.89866393	      0.89990702	      0.89453054	      0.91021259	      0.91088250	
   1.8843501e+08	      0.93199934	      0.92251389	      0.90247182	      0.90052284	      0.90971481	      0.90446849	      0.90518614	      0.90001497	      0.89944678	      0.89523088	      0.90976868	      0.90958836	
   1.8851501e+08	      0.92993806	      0.92262850	      0.90100451	      0.89935764	      0.90744412	      0.90160635	      0.90808545	      0.90075594	      0.90131441	      0.89351778	      0.90739688	      0.90918089	
   1.8859501e+08	      0.92846075	      0.92460382	      0.89867417	      0.89738151	      0.90538002	      0.90225067	      0.90550335	      0.89886678	      0.90108095	      0.89225303	      0.90675658	      0.90479055	
   1.8867501e+08	      0.93351237	      0.92860349	      0.90360264	      0.89877931	      0.91032206	      0.90408618	      0.90649952	      0.90297402	      0.90558781	      0.89645993	      0.90714842	      0.90710420	
   1.8875501e+08	      0.93351730	      0.93110624	      0.91036525	      0.90626773	      0.90920871	      0.90532183	      0.90813120	      0.90075448	      0.90096232	      0.89683257	      0.89808805	      0.90216978	
   1.8883501e+08	       0.0000000	       0.0000000	       0.0000000	       0.0000000	       0.0000000	       0.0000000	       0.0000000	       0.0000000	       0.0000000	       0.0000000	       0.0000000	       0.0000000	
   1.8891501e+08	       0.0000000	       0.0000000	       0.0000000	       0.0000000	       0.0000000	       0.0000000	       0.0000000	       0.0000000	       0.0000000	       0.0000000	       0.0000000	       0.0000000	
   1.8899501e+08	      0.93069000	      0.93496159	      0.91024802	      0.90698491	      0.90662067	      0.90545325	      0.90684918	      0.90389986	      0.89959637	      0.89901145	      0.89240958	      0.89734403	
   1.8907501e+08	      0.93590678	      0.93428847	      0.90963180	      0.90593879	      0.90885241	      0.90567682	      0.90500635	      0.90265480	      0.90316772	      0.90065130	      0.90336883	      0.90338310	
   1.8915501e+08	      0.93221325	      0.92813955	      0.89906242	      0.89332749	      0.90199491	      0.89978620	      0.89876021	      0.90016645	      0.89771080	      0.89303986	      0.89796780	      0.90081289	
   1.8923501e+08	      0.92997843	      0.92616094	      0.89715725	      0.89489836	      0.90003304	      0.89843826	      0.89792723	      0.89660494	      0.89818335	      0.88985943	      0.89954741	      0.90251812	
   1.8931501e+08	      0.93004048	      0.92512584	      0.89502966	      0.89153452	      0.90201505	      0.89836378	      0.90010190	      0.89889607	      0.89458214	      0.88914609	      0.89746431	      0.89850201	
   1.8939501e+08	      0.92573564	      0.92214813	      0.89400511	      0.89024926	      0.89813048	      0.89832966	      0.89382054	      0.89476629	      0.89193178	      0.88918130	      0.89606784	      0.89728612	
   1.8947501e+08	      0.92569150	      0.91817985	      0.89273892	      0.88980737	      0.89738310	      0.89370695	      0.89361219	      0.89755399	      0.88966851	      0.88538868	      0.89562196	      0.89502063	
   1.8955501e+08	      0.92382703	      0.91518587	      0.89563416	      0.89051202	      0.90047200	      0.89518901	      0.89615162	      0.89429464	      0.89196348	      0.88427290	      0.89464961	      0.89276270	
   1.8963501e+08	      0.92149029	      0.91310374	      0.89573791	      0.88996381	      0.89425642	      0.89380019	      0.89193395	      0.88996157	      0.88833655	      0.88250949	      0.89416188	      0.89036798	
   1.8971501e+08	      0.91894392	      0.91302246	      0.89433844	      0.89100182	      0.89360953	      0.89263680	      0.89292098	      0.89140717	      0.88593818	      0.87949885	      0.88857731	      0.88877870	
   1.8979501e+08	      0.91781587	      0.91316135	      0.89387735	      0.88781501	      0.89385800	      0.89033886	      0.89035171	      0.88735608	      0.88694907	      0.87902171	      0.88814750	      0.88777913	
   1.8987501e+08	      0.91738037	      0.90973214	      0.89336443	      0.88680877	      0.89420784	      0.88929328	      0.89048108	      0.88531934	      0.88489363	      0.87794579	      0.88576696	      0.88646927	
   1.8995501e+08	      0.91795589	      0.91533074	      0.89401712	      0.88814262	      0.89677942	      0.89303134	      0.89564931	      0.89525151	      0.88649002	      0.88464663	      0.88599946	      0.88738344	
   1.9003501e+08	      0.91624042	      0.91860331	      0.89791339	      0.89327800	      0.89251765	      0.89347552	      0.89090819	      0.89347339	      0.88523746	      0.87899276	      0.87958040	      0.87867063	
   1.9011501e+08	       0.0000000	       0.0000000	       0.0000000	       0.0000000	       0.0000000	       0.0000000	       0.0000000	       0.0000000	       0.0000000	       0.0000000	       0.0000000	       0.0000000	
   1.9019501e+08	       0.0000000	       0.0000000	       0.0000000	       0.0000000	       0.0000000	       0.0000000	       0.0000000	       0.0000000	       0.0000000	       0.0000000	       0.0000000	       0.0000000	
   1.9027501e+08	      0.91919381	      0.92145481	      0.89242959	      0.89511470	      0.88913367	      0.89171401	      0.89673950	      0.89294772	      0.88041980	      0.88130325	      0.87274323	      0.87477031	
   1.9035501e+08	      0.92102464	      0.92530791	      0.89547787	      0.89319408	      0.89364405	      0.89227458	      0.89612716	      0.89581771	      0.88334546	      0.88708695	      0.88058561	      0.88418145	
   1.9043501e+08	      0.91686170	      0.91674816	      0.88788278	      0.88851015	      0.88976918	      0.88926052	      0.89165663	      0.88882818	      0.87840707	      0.87731282	      0.87828903	      0.88022815	
   1.9051501e+08	      0.91794798	      0.91439342	      0.88989151	      0.88836835	      0.88997942	      0.88802637	      0.89037136	      0.88902804	      0.87670975	      0.87444386	      0.87704053	      0.87780002	
   1.9059501e+08	      0.91470042	      0.91198286	      0.88876512	      0.88708487	      0.88774218	      0.89115965	      0.88955949	      0.88921661	      0.87643623	      0.87363185	      0.87710037	      0.87794852	
   1.9067501e+08	      0.91288252	      0.90783231	      0.88775012	      0.88722148	      0.88649690	      0.88623804	      0.88822914	      0.88597561	      0.87295112	      0.87356471	      0.87492260	      0.87634052	
   1.9075501e+08	      0.91255730	      0.90877625	      0.88778732	      0.88530561	      0.88559697	      0.88643963	      0.88676519	      0.88388985	      0.87318521	      0.87235175	      0.87195567	      0.87715000	
   1.9083501e+08	      0.91081472	      0.90240858	      0.88130336	      0.88528218	      0.88321434	      0.88321863	      0.88766030	      0.88568750	      0.87500063	      0.86809181	      0.87322511	      0.87615744	
   1.9091501e+08	      0.90638855	      0.90081998	      0.88354330	      0.88179806	      0.88453572	      0.88418708	      0.88590787	      0.87911199	      0.86918636	      0.87001240	      0.87434544	      0.87048073	
   1.9099501e+08	      0.90605712	      0.90340841	      0.88060271	      0.88129211	      0.88581582	      0.88299461	      0.88279926	      0.87951400	      0.86969158	      0.86711158	      0.86892796	      0.87060912	
   1.9107501e+08	      0.90578209	      0.90134903	      0.88186603	      0.88073423	      0.88200363	      0.88039888	      0.88313975	      0.87956035	      0.87174973	      0.86543591	      0.86867021	      0.86943017	
   1.9115501e+08	      0.90280127	      0.90106930	      0.88004708	      0.88046891	      0.88085844	      0.87886949	      0.88212327	      0.87856854	      0.86724286	      0.86504662	      0.86964303	      0.86964235	
   1.9123501e+08	      0.90564255	      0.90563545	      0.88530962	      0.88474765	      0.88340806	      0.88369094	      0.88461873	      0.88047276	      0.87385406	      0.87040083	      0.87026084	      0.87053138	
   1.9131501e+08	      0.90238549	      0.90444386	      0.88877047	      0.88724504	      0.88073042	      0.88210738	      0.88089465	      0.87899814	      0.86971674	      0.87135341	      0.85913337	      0.86428847	
   1.9139501e+08	       0.0000000	       0.0000000	       0.0000000	       0.0000000	       0.0000000	       0.0000000	       0.0000000	       0.0000000	       0.0000000	       0.0000000	       0.0000000	       0.0000000	
   1.9147501e+08	       0.0000000	       0.0000000	       0.0000000	       0.0000000	       0.0000000	       0.0000000	       0.0000000	       0.0000000	       0.0000000	       0.0000000	       0.0000000	       0.0000000	
   1.9155501e+08	      0.90100943	      0.90622272	      0.88726294	      0.88938222	      0.87749319	      0.87936140	      0.87763336	      0.87579928	      0.86808347	      0.86815569	      0.85570221	      0.86262952	
   1.9163501e+08	      0.90716584	      0.91292668	      0.88343645	      0.88919327	      0.88107347	      0.88430548	      0.87607433	      0.88067045	      0.87710100	      0.87362077	      0.86867040	      0.87068477	
   1.9171501e+08	      0.90156055	      0.90763318	      0.87741465	      0.88114237	      0.87885355	      0.87891973	      0.87722838	      0.87434525	      0.86927604	      0.87044616	      0.86345419	      0.86891396	
   1.9179501e+08	      0.90345376	      0.90687897	      0.87779273	      0.88008851	      0.87487298	      0.87680210	      0.87020243	      0.87248343	      0.87189471	      0.86731352	      0.86288901	      0.86421526	
   1.9187501e+08	      0.90023556	      0.90418330	      0.87799747	      0.88201167	      0.87412754	      0.87838930	      0.87450136	      0.86919938	      0.86884262	      0.86382426	      0.86127701	      0.86246421	
   1.9195501e+08	      0.90249761	      0.90139714	      0.87921943	      0.88310329	      0.87335724	      0.87740914	      0.87395078	      0.87166688	      0.86937189	      0.86162339	      0.86133530	      0.86209325	
   1.9203501e+08	      0.89917838	      0.90054546	      0.87957304	      0.88130823	      0.87363207	      0.87636704	      0.87004099	      0.87293051	      0.86490988	      0.86137939	      0.85632382	      0.86088414	
   1.9211501e+08	      0.89864661	      0.89823118	      0.88458322	      0.88278396	      0.87228938	      0.87626630	      0.87488372	      0.86994277	      0.86615920	      0.86175502	      0.85929852	      0.86149089	
   1.9219501e+08	      0.89880747	      0.89364415	      0.87953359	      0.88095277	      0.87197472	      0.87268721	      0.86882932	      0.87086868	      0.86365291	      0.86083730	      0.85806784	      0.85842139	
   1.9227501e+08	      0.89640754	      0.89068667	      0.87927222	      0.88361200	      0.87230480	      0.87154209	      0.86710745	      0.87181372	      0.86292499	      0.85761436	      0.85802728	      0.85673912	
   1.9235501e+08	      0.89333765	      0.89208812	      0.88022161	      0.88023946	      0.86857218	      0.87240429	      0.86944199	      0.87317924	      0.86287889	      0.85754819	      0.85310653	      0.85682782	
   1.9243501e+08	      0.89068686	      0.89257450	      0.87590110	      0.87923918	      0.87126791	      0.87256268	      0.87180411	      0.87022840	      0.86038671	      0.85449420	      0.85414361	      0.84995321	
   1.9251501e+08	      0.89595077	      0.89812798	      0.87816397	      0.88250086	      0.87102820	      0.87261980	      0.86827892	      0.87272029	      0.86434540	      0.85668305	      0.85533017	      0.85485465	
   1.9259501e+08	      0.89346255	      0.89875244	      0.87865045	      0.88461850	      0.86836823	      0.87057388	      0.87146012	      0.87045804	      0.85873282	      0.85445708	      0.84110315	      0.84392162	
   1.9267501e+08	       0.0000000	       0.0000000	       0.0000000	       0.0000000	       0.0000000	       0.0000000	       0.0000000	       0.0000000	       0.0000000	       0.0000000	       0.0000000	       0.0000000	
   1.9275501e+08	       0.0000000	       0.0000000	       0.0000000	       0.0000000	       0.0000000	       0.0000000	       0.0000000	       0.0000000	       0.0000000	       0.0000000	       0.0000000	       0.0000000	
   1.9283501e+08	      0.89552112	      0.90240674	      0.88012571	      0.88770634	      0.86604160	      0.86965341	      0.86865397	      0.86968011	      0.85319564	      0.85278331	      0.83275991	      0.84356368	
   1.9291501e+08	      0.89797591	      0.90470958	      0.88184405	      0.88825205	      0.87089638	      0.87222936	      0.87297513	      0.87261749	      0.85948803	      0.85704351	      0.84829502	      0.85073069	
   1.9299501e+08	      0.89632173	      0.90440249	      0.87536030	      0.88092022	      0.86661747	      0.86801147	      0.86751850	      0.86755204	      0.86091243	      0.85463235	      0.84552612	      0.85293038	
   1.9307501e+08	      0.89768987	      0.90298279	      0.87512422	      0.87969671	      0.86754287	      0.86786202	      0.86678039	      0.86609338	      0.85528298	      0.85287044	      0.84394327	      0.84893904	
   1.9315501e+08	      0.89771801	      0.89866193	      0.87558859	      0.88175139	      0.86739579	      0.86793996	      0.86616401	      0.86465384	      0.85390184	      0.85447739	      0.84299492	      0.84960606	
   1.9323501e+08	      0.89608877	      0.89707843	      0.87363581	      0.87834591	      0.86732578	      0.86725380	      0.86103552	      0.86619212	      0.85413158	      0.85167466	      0.84516625	      0.84773304	
   1.9331501e+08	      0.89811512	      0.89595958	      0.86901980	      0.87563671	      0.86452883	      0.86773182	      0.86417703	      0.86352631	      0.85338667	      0.85084127	      0.84399990	      0.84539327	
   1.9339501e+08	      0.89448974	      0.89380652	      0.86801555	      0.87827634	      0.86155545	      0.86496662	      0.86855137	      0.86480392	      0.85554578	      0.85055261	      0.84235302	      0.84788041	
   1.9347501e+08	      0.89182412	      0.89231358	      0.87085946	      0.87581159	      0.86218570	      0.86488622	      0.86294788	      0.86363590	      0.85173203	      0.85141935	      0.83883120	      0.84623878	
   1.9355501e+08	      0.88805698	      0.89006774	      0.86992687	      0.87651057	      0.86180059	      0.86421661	      0.86185149	      0.86175407	      0.84916265	      0.84915091	      0.84406478	      0.84224515	
   1.9363501e+08	      0.89234890	      0.89104942	      0.87030249	      0.87417304	      0.86161506	      0.86674776	      0.85695488	      0.86265963	      0.84995042	      0.84905036	      0.83935946	      0.84493369	
   1.9371501e+08	      0.89036027	      0.88763170	      0.87168915	      0.87520156	      0.85973254	      0.86630347	      0.85680918	      0.86022727	      0.85054688	      0.85254156	      0.83996133	      0.84289146	
   1.9379501e+08	      0.89155806	      0.89103319	      0.87340781	      0.87677933	      0.86130124	      0.86675774	      0.86763573	      0.86627963	      0.85159060	      0.85486929	      0.84127444	      0.84225816	
   1.9387501e+08	      0.88694423	      0.89165769	      0.87681398	      0.87721033	      0.85898565	      0.86545205	      0.86306303	      0.86461922	      0.85018804	      0.84919566	      0.83159344	      0.83135175	
   1.9395501e+08	       0.0000000	       0.0000000	       0.0000000	       0.0000000	       0.0000000	       0.0000000	       0.0000000	       0.0000000	       0.0000000	       0.0000000	       0.0000000	       0.0000000	
   1.9403501e+08	       0.0000000	       0.0000000	       0.0000000	       0.0000000	       0.0000000	       0.0000000	       0.0000000	       0.0000000	       0.0000000	       0.0000000	       0.0000000	       0.0000000	
   1.9411501e+08	      0.88654104	      0.90105676	      0.87000092	      0.88048019	      0.86027019	      0.86713199	      0.86008258	      0.86659922	      0.84908579	      0.85065857	      0.82962584	      0.83098393	
   1.9419501e+08	      0.89447064	      0.90393175	      0.87159291	      0.88009142	      0.86544912	      0.87187577	      0.86933561	      0.87009745	      0.85517759	      0.85715884	      0.84106148	      0.84564053	
   1.9427501e+08	      0.89438312	      0.89957057	      0.86588161	      0.87508560	      0.86186741	      0.86897780	      0.86888014	      0.86385895	      0.85215596	      0.85611784	      0.83908167	      0.84148624	
   1.9435501e+08	      0.89329924	      0.89926868	      0.86881635	      0.87752836	      0.85996997	      0.86515198	      0.86984299	      0.86624142	      0.85029380	      0.85204259	      0.83884837	      0.84230341	
   1.9443501e+08	      0.89173256	      0.89833827	      0.87039534	      0.87742732	      0.85936078	      0.86512686	      0.86100050	      0.86715112	      0.85300410	      0.85154437	      0.83562906	      0.84098722	
   1.9451501e+08	      0.89166374	      0.89487140	      0.87001168	      0.87556580	      0.85716395	      0.86229454	      0.86589714	      0.86630365	      0.84779342	      0.84883972	      0.83500502	      0.84013861	
   1.9459501e+08	      0.88930455	      0.89448802	      0.87304075	      0.87645483	      0.85882218	      0.86394241	      0.86498166	      0.86394633	      0.84635063	      0.84999042	      0.83844808	      0.84124411	
   1.9467501e+08	      0.89160375	      0.89172525	      0.87174323	      0.87422031	      0.85652202	      0.86333469	      0.86094723	      0.86677911	      0.84991178	      0.85225111	      0.83633695	      0.84071800	
   1.9475501e+08	      0.88901823	      0.89080302	      0.87033731	      0.87473972	      0.85682218	      0.86281779	      0.85478468	      0.86286259	      0.84461180	      0.84769065	      0.83518436	      0.83908866	
   1.9483501e+08	      0.88720171	      0.89091904	      0.86519151	      0.87343544	      0.85647998	      0.86188561	      0.86081970	      0.85882064	      0.84832832	      0.84888248	      0.83496010	      0.83903260	
   1.9491501e+08	      0.88721613	      0.88960621	      0.86524235	      0.87083538	      0.85584028	      0.86113391	      0.85387909	      0.85918143	      0.84821101	      0.84941604	      0.83323700	      0.83798417	
   1.9499501e+08	      0.88459067	      0.88475915	      0.86491253	      0.87178676	      0.85580720	      0.86112303	      0.85512530	      0.85705320	      0.84824258	      0.84913575	      0.83057159	      0.83524865	
   1.9507501e+08	      0.88657631	      0.89053998	      0.86946558	      0.87553709	      0.85815380	      0.86237057	      0.85998548	      0.86607583	      0.84731682	      0.85162221	      0.83100793	      0.83829260	
   1.9515501e+08	      0.88303739	      0.89026566	      0.87403690	      0.87390142	      0.85272911	      0.86054945	      0.85473932	      0.86328144	      0.84599416	      0.84457446	      0.81824895	      0.82976473	
   1.9523501e+08	       0.0000000	       0.0000000	       0.0000000	       0.0000000	       0.0000000	       0.0000000	       0.0000000	       0.0000000	       0.0000000	       0.0000000	       0.0000000	       0.0000000	
   1.9531501e+08	       0.0000000	       0.0000000	       0.0000000	       0.0000000	       0.0000000	       0.0000000	       0.0000000	       0.0000000	       0.0000000	       0.0000000	       0.0000000	       0.0000000	
   1.9539501e+08	      0.88341837	      0.89784596	      0.87446505	      0.87959349	      0.85086626	      0.86262498	      0.85955916	      0.86029413	      0.84368710	      0.84898544	      0.81888685	      0.82908099	
   1.9547501e+08	      0.89106421	      0.90423914	      0.87502615	      0.88179334	      0.85947000	      0.86625582	      0.86146983	      0.87052740	      0.85155856	      0.85505899	      0.83244296	      0.83944712	
   1.9555501e+08	      0.88619369	      0.90061713	      0.87082119	      0.87371090	      0.85537483	      0.86136410	      0.85988885	      0.86497639	      0.84634835	      0.85004028	      0.82680837	      0.83670813	
   1.9563501e+08	      0.88772378	      0.90036347	      0.86877599	      0.87142885	      0.85288453	      0.86104204	      0.85521791	      0.86135376	      0.84663647	      0.84992374	      0.82652374	      0.83653538	
   1.9571501e+08	      0.88867401	      0.89982847	      0.86714139	      0.87066266	      0.85346433	      0.86110379	      0.85748335	      0.85934395	      0.84561129	      0.84938102	      0.82644665	      0.83405417	
   1.9579501e+08	      0.88808489	      0.89697922	      0.86616643	      0.86906772	      0.85315836	      0.85970823	      0.86113166	      0.86170718	      0.84258565	      0.84952089	      0.82576713	      0.83428977	
   1.9587501e+08	      0.88716001	      0.89688937	      0.86510107	      0.87271478	      0.85371412	      0.85752260	      0.85747536	      0.86318371	      0.84357194	      0.84776803	      0.82529031	      0.83691506	
   1.9595501e+08	      0.88978812	      0.89485113	      0.86624982	      0.87278403	      0.85241120	      0.85988734	      0.86147655	      0.86411333	      0.84414259	      0.84781678	      0.82735461	      0.83658587	
   1.9603501e+08	      0.88497374	      0.89005583	      0.86778808	      0.87138177	      0.85209417	      0.85783495	      0.85318525	      0.86460792	      0.84011195	      0.84477541	      0.82270642	      0.83287593	
   1.9611501e+08	      0.88711619	      0.89062466	      0.86649331	      0.87146592	      0.85075328	      0.85954156	      0.85928075	      0.86092050	      0.83921869	      0.84312809	      0.82040863	      0.83452579	
   1.9619501e+08	      0.88325732	      0.88876714	      0.86867264	      0.87240258	      0.85055087	      0.86014317	      0.85679553	      0.85917477	      0.83665812	      0.84409265	      0.82275256	      0.83243127	
   1.9627501e+08	      0.88385566	      0.88958682	      0.86778459	      0.87141723	      0.85132744	      0.85786449	      0.85398676	      0.85996649	      0.83366676	      0.84405358	      0.82169913	      0.83090331	
   1.9635501e+08	      0.88442169	      0.89269195	      0.87107855	      0.87601886	      0.85323082	      0.85923786	      0.85700720	      0.86183756	      0.83886746	      0.84429936	      0.82087533	      0.83088506	
   1.9643501e+08	      0.87897485	      0.88933552	      0.87104191	      0.87552085	      0.84822099	      0.85600186	      0.85681898	      0.86182458	      0.83478740	      0.84064491	      0.81057589	      0.82260902	
   1.9651501e+08	       0.0000000	       0.0000000	       0.0000000	       0.0000000	       0.0000000	       0.0000000	       0.0000000	       0.0000000	       0.0000000	       0.0000000	       0.0000000	       0.0000000	
   1.9659501e+08	       0.0000000	       0.0000000	       0.0000000	       0.0000000	       0.0000000	       0.0000000	       0.0000000	       0.0000000	       0.0000000	       0.0000000	       0.0000000	       0.0000000	
   1.9667501e+08	      0.88090897	      0.89577655	      0.86637189	      0.87837469	      0.84778781	      0.85842331	      0.85339189	      0.86226498	      0.83244467	      0.84132769	      0.81070245	      0.82338200	
   1.9675501e+08	      0.88515738	      0.90207204	      0.87342180	      0.88225231	      0.85504985	      0.86350912	      0.85356152	      0.86419941	      0.83908455	      0.85031821	      0.82295243	      0.83120844	
   1.9683501e+08	      0.88276381	      0.90063850	      0.86836871	      0.87767996	      0.84883519	      0.85944438	      0.85360505	      0.85874424	      0.83836185	      0.84804741	      0.82120052	      0.83198705	
   1.9691501e+08	      0.88583534	      0.89639708	      0.86991793	      0.87670148	      0.84869320	      0.85778714	      0.85055492	      0.86060606	      0.83547663	      0.84528709	      0.82035398	      0.83456855	
   1.9699501e+08	      0.88427721	      0.89866448	      0.86807629	      0.87676230	      0.84920369	      0.85697660	      0.84811615	      0.85553326	      0.83540173	      0.84538727	      0.82236423	      0.83081542	
   1.9707501e+08	      0.88352415	      0.89664138	      0.86738394	      0.87679503	      0.84818647	      0.85674076	      0.84655345	      0.85560547	      0.83477927	      0.84270140	      0.82219492	      0.83009582	
   1.9715501e+08	      0.88305429	      0.89351212	      0.86681544	      0.87526948	      0.84567071	      0.85562601	      0.84824620	      0.85671008	      0.83042040	      0.84387375	      0.81933061	      0.83057370	
   1.9723501e+08	      0.88603662	      0.88874878	      0.86255671	      0.87171446	      0.84539393	      0.85104012	      0.84409177	      0.85384889	      0.83288871	      0.84131459	      0.81581314	      0.83024725	
   1.9731501e+08	      0.88296843	      0.88680679	      0.86226163	      0.87018076	      0.84692087	      0.85326665	      0.84410824	      0.85148966	      0.83027405	      0.83970703	      0.81699567	      0.82715313	
   1.9739501e+08	      0.87896840	      0.88370114	      0.86163637	      0.87042440	      0.84517807	      0.85373536	      0.84674764	      0.85234786	      0.82933473	      0.83751247	      0.81525490	      0.82707219	
   1.9747501e+08	      0.87960305	      0.88396974	      0.85814113	      0.86860014	      0.84622844	      0.85064842	      0.84510050	      0.85335121	      0.82908148	      0.83596497	      0.81328804	      0.82762947	
   1.9755501e+08	      0.87543900	      0.88122854	      0.85966551	      0.86915084	      0.84451286	      0.85088873	      0.84891733	      0.85408412	      0.83140616	      0.83904965	      0.81026246	      0.82486455	
   1.9763501e+08	      0.87581557	      0.88272951	      0.86264230	      0.87150558	      0.84723931	      0.85605755	      0.84991587	      0.85680370	      0.83199448	      0.83897897	      0.81439647	      0.82358021	
   1.9771501e+08	      0.87239588	      0.88196266	      0.86687639	      0.87367780	      0.84331869	      0.85239578	      0.84671351	      0.84944209	      0.82453857	      0.83659423	      0.80154258	      0.81353908	
   1.9779501e+08	       0.0000000	       0.0000000	       0.0000000	       0.0000000	       0.0000000	       0.0000000	       0.0000000	       0.0000000	       0.0000000	       0.0000000	       0.0000000	       0.0000000	
