1.389950e+08 0.983773 0.991057 0.938708 0.943314 0.973262 0.977229 0.964556 0.965841 0.982662 0.987544 1.010541 1.013243
1.390750e+08 0.983088 0.990279 0.938596 0.943383 0.973027 0.977069 0.964077 0.965728 0.982039 0.987078 1.010150 1.013076
1.391550e+08 0.982403 0.989499 0.938476 0.943440 0.972783 0.976898 0.963601 0.965605 0.981427 0.986613 1.009748 1.012891
1.392350e+08 0.981720 0.988718 0.938348 0.943486 0.972531 0.976718 0.963128 0.965474 0.980827 0.986148 1.009336 1.012687
1.393150e+08 0.981040 0.987937 0.938213 0.943522 0.972272 0.976527 0.962659 0.965335 0.980241 0.985686 1.008915 1.012467
1.393950e+08 0.980363 0.987157 0.938073 0.943548 0.972006 0.976329 0.962195 0.965190 0.979667 0.985226 1.008486 1.012230
1.394750e+08 0.979691 0.986378 0.937927 0.943566 0.971736 0.976123 0.961736 0.965039 0.979109 0.984770 1.008051 1.011978
1.395550e+08 0.979025 0.985603 0.937778 0.943576 0.971462 0.975911 0.961284 0.964884 0.978565 0.984318 1.007610 1.011713
1.396350e+08 0.978364 0.984831 0.937625 0.943579 0.971186 0.975694 0.960839 0.964723 0.978037 0.983871 1.007163 1.011434
1.397150e+08 0.977711 0.984063 0.937471 0.943577 0.970907 0.975473 0.960402 0.964560 0.977525 0.983431 1.006713 1.011143
1.397950e+08 0.977066 0.983301 0.937316 0.943569 0.970628 0.975249 0.959975 0.964394 0.977031 0.982997 1.006260 1.010842
1.398750e+08 0.976430 0.982545 0.937160 0.943558 0.970350 0.975023 0.959557 0.964227 0.976554 0.982572 1.005806 1.010530
1.399550e+08 0.975803 0.981797 0.937006 0.943543 0.970074 0.974796 0.959149 0.964058 0.976096 0.982155 1.005350 1.010210
1.400350e+08 0.975188 0.981056 0.936854 0.943527 0.969800 0.974570 0.958754 0.963890 0.975657 0.981747 1.004896 1.009883
1.401150e+08 0.974584 0.980325 0.936705 0.943509 0.969531 0.974345 0.958370 0.963724 0.975237 0.981350 1.004442 1.009549
1.401950e+08 0.973993 0.979604 0.936559 0.943492 0.969266 0.974122 0.958000 0.963559 0.974838 0.980965 1.003992 1.009210
1.402750e+08 0.973415 0.978894 0.936419 0.943475 0.969008 0.973903 0.957644 0.963397 0.974460 0.980591 1.003545 1.008866
1.403550e+08 0.972852 0.978196 0.936285 0.943461 0.968757 0.973690 0.957303 0.963239 0.974104 0.980230 1.003102 1.008520
1.404350e+08 0.972303 0.977512 0.936158 0.943449 0.968515 0.973482 0.956978 0.963086 0.973770 0.979883 1.002666 1.008172
1.405150e+08 0.971771 0.976840 0.936040 0.943441 0.968282 0.973281 0.956669 0.962938 0.973458 0.979550 1.002236 1.007824
1.405950e+08 0.971255 0.976184 0.935930 0.943438 0.968060 0.973088 0.956378 0.962797 0.973170 0.979232 1.001814 1.007476
1.406750e+08 0.970757 0.975544 0.935831 0.943441 0.967850 0.972905 0.956104 0.962664 0.972905 0.978931 1.001402 1.007129
1.407550e+08 0.970277 0.974920 0.935742 0.943451 0.967653 0.972732 0.955850 0.962539 0.972665 0.978646 1.000999 1.006786
1.408350e+08 0.969817 0.974313 0.935666 0.943469 0.967469 0.972571 0.955615 0.962424 0.972449 0.978379 1.000607 1.006447
1.409150e+08 0.969376 0.973725 0.935603 0.943496 0.967301 0.972422 0.955401 0.962319 0.972258 0.978130 1.000228 1.006113
1.409950e+08 0.968956 0.973156 0.935554 0.943532 0.967148 0.972287 0.955208 0.962225 0.972093 0.977900 0.999861 1.005785
1.410750e+08 0.968557 0.972607 0.935519 0.943579 0.967012 0.972166 0.955036 0.962143 0.971954 0.977690 0.999508 1.005464
1.411550e+08 0.968180 0.972079 0.935501 0.943638 0.966894 0.972061 0.954887 0.962074 0.971841 0.977500 0.999171 1.005152
1.412350e+08 0.967825 0.971573 0.935499 0.943710 0.966795 0.971973 0.954762 0.962019 0.971755 0.977330 0.998849 1.004850
1.413150e+08 0.967494 0.971089 0.935515 0.943795 0.966716 0.971902 0.954660 0.961978 0.971696 0.977183 0.998544 1.004559
1.413950e+08 0.967186 0.970629 0.935550 0.943894 0.966657 0.971850 0.954582 0.961953 0.971663 0.977057 0.998257 1.004279
1.414750e+08 0.966903 0.970192 0.935603 0.944008 0.966620 0.971817 0.954530 0.961943 0.971659 0.976954 0.997989 1.004012
1.415550e+08 0.966645 0.969780 0.935677 0.944139 0.966605 0.971805 0.954503 0.961951 0.971682 0.976875 0.997740 1.003759
1.416350e+08 0.966412 0.969394 0.935771 0.944286 0.966613 0.971813 0.954502 0.961977 0.971733 0.976819 0.997511 1.003520
1.417150e+08 0.966205 0.969033 0.935888 0.944451 0.966645 0.971844 0.954528 0.962021 0.971812 0.976787 0.997302 1.003298
1.417950e+08 0.966024 0.968699 0.936026 0.944634 0.966701 0.971898 0.954581 0.962084 0.971919 0.976780 0.997116 1.003091
1.418750e+08 0.965869 0.968392 0.936187 0.944837 0.966783 0.971975 0.954661 0.962167 0.972054 0.976797 0.996952 1.002903
1.419550e+08 0.965742 0.968113 0.936372 0.945059 0.966890 0.972076 0.954769 0.962270 0.972218 0.976841 0.996811 1.002732
1.420350e+08 0.965642 0.967862 0.936581 0.945302 0.967024 0.972202 0.954905 0.962395 0.972410 0.976909 0.996693 1.002581
1.421150e+08 0.965570 0.967640 0.936815 0.945566 0.967185 0.972354 0.955070 0.962541 0.972630 0.977004 0.996600 1.002450
1.421950e+08 0.965526 0.967447 0.937074 0.945851 0.967373 0.972532 0.955264 0.962709 0.972879 0.977126 0.996531 1.002339
1.422750e+08 0.965510 0.967284 0.937360 0.946159 0.967589 0.972737 0.955487 0.962900 0.973156 0.977274 0.996488 1.002250
1.423550e+08 0.965522 0.967151 0.937671 0.946490 0.967833 0.972969 0.955740 0.963114 0.973461 0.977448 0.996471 1.002182
1.424350e+08 0.965562 0.967048 0.938009 0.946844 0.968107 0.973229 0.956022 0.963352 0.973794 0.977650 0.996479 1.002138
1.425150e+08 0.965631 0.966976 0.938374 0.947222 0.968409 0.973517 0.956334 0.963614 0.974156 0.977878 0.996514 1.002116
1.425950e+08 0.965729 0.966934 0.938767 0.947624 0.968740 0.973833 0.956675 0.963900 0.974544 0.978134 0.996576 1.002119
1.426750e+08 0.965856 0.966924 0.939187 0.948050 0.969101 0.974178 0.957047 0.964211 0.974960 0.978417 0.996665 1.002145
1.427550e+08 0.966011 0.966945 0.939636 0.948502 0.969492 0.974553 0.957448 0.964548 0.975404 0.978727 0.996781 1.002197
1.428350e+08 0.966195 0.966998 0.940113 0.948978 0.969913 0.974956 0.957880 0.964909 0.975874 0.979064 0.996925 1.002273
1.429150e+08 0.966407 0.967082 0.940618 0.949481 0.970364 0.975390 0.958341 0.965297 0.976371 0.979429 0.997097 1.002375
1.429950e+08 0.966648 0.967198 0.941151 0.950009 0.970844 0.975853 0.958833 0.965710 0.976894 0.979821 0.997296 1.002503
1.430750e+08 0.966916 0.967345 0.941714 0.950563 0.971355 0.976345 0.959354 0.966149 0.977442 0.980239 0.997523 1.002656
1.431550e+08 0.967213 0.967524 0.942305 0.951142 0.971896 0.976867 0.959904 0.966614 0.978016 0.980684 0.997778 1.002836
1.432350e+08 0.967538 0.967735 0.942924 0.951748 0.972466 0.977420 0.960484 0.967105 0.978615 0.981156 0.998060 1.003042
1.433150e+08 0.967890 0.967977 0.943572 0.952380 0.973066 0.978001 0.961094 0.967622 0.979239 0.981654 0.998371 1.003275
1.433950e+08 0.968270 0.968250 0.944249 0.953039 0.973696 0.978613 0.961732 0.968166 0.979886 0.982178 0.998709 1.003534
1.434750e+08 0.968676 0.968555 0.944954 0.953723 0.974354 0.979254 0.962398 0.968735 0.980557 0.982728 0.999074 1.003819
1.435550e+08 0.969109 0.968890 0.945688 0.954434 0.975042 0.979924 0.963093 0.969330 0.981250 0.983303 0.999466 1.004131
1.436350e+08 0.969568 0.969256 0.946449 0.955170 0.975758 0.980623 0.963815 0.969951 0.981966 0.983903 0.999886 1.004469
1.437150e+08 0.970052 0.969653 0.947238 0.955932 0.976502 0.981350 0.964565 0.970598 0.982703 0.984527 1.000331 1.004834
1.437950e+08 0.970561 0.970079 0.948055 0.956720 0.977274 0.982106 0.965342 0.971270 0.983461 0.985176 1.000803 1.005225
1.438750e+08 0.971095 0.970535 0.948899 0.957533 0.978073 0.982890 0.966145 0.971967 0.984240 0.985847 1.001301 1.005641
1.439550e+08 0.971653 0.971020 0.949769 0.958370 0.978898 0.983701 0.966974 0.972689 0.985038 0.986542 1.001824 1.006083
1.440350e+08 0.972234 0.971533 0.950665 0.959233 0.979750 0.984538 0.967829 0.973435 0.985854 0.987259 1.002371 1.006549
1.441150e+08 0.972838 0.972075 0.951588 0.960120 0.980627 0.985402 0.968707 0.974205 0.986689 0.987998 1.002943 1.007041
1.441950e+08 0.973464 0.972644 0.952535 0.961030 0.981528 0.986292 0.969610 0.974999 0.987540 0.988758 1.003538 1.007557
1.442750e+08 0.974111 0.973240 0.953507 0.961964 0.982454 0.987207 0.970536 0.975816 0.988408 0.989539 1.004156 1.008097
1.443550e+08 0.974778 0.973862 0.954503 0.962920 0.983402 0.988145 0.971485 0.976656 0.989292 0.990339 1.004797 1.008659
1.444350e+08 0.975466 0.974510 0.955522 0.963899 0.984373 0.989108 0.972455 0.977517 0.990191 0.991159 1.005459 1.009245
1.445150e+08 0.976172 0.975183 0.956564 0.964899 0.985366 0.990093 0.973447 0.978400 0.991103 0.991996 1.006141 1.009852
1.445950e+08 0.976897 0.975879 0.957628 0.965921 0.986379 0.991100 0.974459 0.979304 0.992028 0.992851 1.006844 1.010481
1.446750e+08 0.977639 0.976600 0.958713 0.966962 0.987411 0.992128 0.975489 0.980228 0.992965 0.993723 1.007566 1.011131
1.447550e+08 0.978398 0.977343 0.959819 0.968024 0.988463 0.993177 0.976539 0.981171 0.993914 0.994610 1.008306 1.011800
1.448350e+08 0.979172 0.978107 0.960944 0.969104 0.989532 0.994244 0.977606 0.982133 0.994872 0.995512 1.009063 1.012489
1.449150e+08 0.979961 0.978892 0.962087 0.970202 0.990618 0.995330 0.978689 0.983113 0.995840 0.996428 1.009837 1.013195
1.449950e+08 0.980763 0.979698 0.963249 0.971318 0.991719 0.996432 0.979789 0.984110 0.996816 0.997358 1.010626 1.013920
1.450750e+08 0.981579 0.980522 0.964427 0.972450 0.992835 0.997551 0.980903 0.985123 0.997800 0.998299 1.011430 1.014660
1.451550e+08 0.982406 0.981364 0.965621 0.973597 0.993964 0.998685 0.982030 0.986152 0.998790 0.999252 1.012247 1.015416
1.452350e+08 0.983244 0.982224 0.966830 0.974760 0.995105 0.999833 0.983170 0.987195 0.999785 1.000215 1.013076 1.016187
1.453150e+08 0.984092 0.983099 0.968053 0.975935 0.996258 1.000993 0.984322 0.988252 1.000785 1.001187 1.013917 1.016971
1.453950e+08 0.984949 0.983990 0.969288 0.977124 0.997420 1.002165 0.985484 0.989322 1.001788 1.002167 1.014767 1.017767
1.454750e+08 0.985813 0.984894 0.970536 0.978324 0.998591 1.003347 0.986656 0.990403 1.002793 1.003155 1.015627 1.018575
1.455550e+08 0.986685 0.985811 0.971794 0.979536 0.999769 1.004539 0.987836 0.991495 1.003800 1.004148 1.016495 1.019394
1.456350e+08 0.987562 0.986741 0.973061 0.980756 1.000953 1.005738 0.989024 0.992596 1.004807 1.005147 1.017369 1.020221
1.457150e+08 0.988443 0.987680 0.974337 0.981986 1.002142 1.006944 0.990217 0.993706 1.005813 1.006150 1.018249 1.021057
1.457950e+08 0.989329 0.988630 0.975620 0.983223 1.003335 1.008155 0.991416 0.994824 1.006817 1.007156 1.019133 1.021899
1.458750e+08 0.990217 0.989587 0.976910 0.984466 1.004530 1.009370 0.992618 0.995948 1.007819 1.008163 1.020021 1.022748
1.459550e+08 0.991106 0.990553 0.978204 0.985715 1.005726 1.010588 0.993823 0.997078 1.008818 1.009172 1.020910 1.023601
1.460350e+08 0.991995 0.991524 0.979502 0.986968 1.006922 1.011808 0.995030 0.998212 1.009811 1.010180 1.021801 1.024457
1.461150e+08 0.992884 0.992500 0.980802 0.988224 1.008116 1.013027 0.996237 0.999349 1.010799 1.011187 1.022690 1.025315
1.461950e+08 0.993772 0.993480 0.982104 0.989482 1.009307 1.014245 0.997443 1.000488 1.011780 1.012192 1.023578 1.026174
1.462750e+08 0.994656 0.994462 0.983406 0.990741 1.010493 1.015460 0.998648 1.001628 1.012753 1.013193 1.024463 1.027033
1.463550e+08 0.995537 0.995446 0.984707 0.992000 1.011675 1.016672 0.999849 1.002769 1.013718 1.014189 1.025344 1.027890
1.464350e+08 0.996412 0.996430 0.986006 0.993257 1.012849 1.017878 1.001046 1.003907 1.014673 1.015180 1.026220 1.028745
1.465150e+08 0.997282 0.997414 0.987301 0.994511 1.014014 1.019077 1.002237 1.005044 1.015618 1.016164 1.027089 1.029595
1.465950e+08 0.998145 0.998395 0.988591 0.995761 1.015171 1.020268 1.003422 1.006176 1.016551 1.017140 1.027950 1.030440
1.466750e+08 0.998999 0.999372 0.989876 0.997006 1.016316 1.021450 1.004599 1.007304 1.017472 1.018107 1.028802 1.031278
1.467550e+08 0.999845 1.000346 0.991153 0.998245 1.017449 1.022621 1.005768 1.008427 1.018379 1.019065 1.029644 1.032109
1.468350e+08 1.000680 1.001313 0.992422 0.999477 1.018569 1.023781 1.006926 1.009542 1.019272 1.020011 1.030474 1.032930
1.469150e+08 1.001505 1.002274 0.993681 1.000699 1.019674 1.024926 1.008073 1.010649 1.020150 1.020946 1.031292 1.033741
1.469950e+08 1.002317 1.003227 0.994930 1.001912 1.020764 1.026057 1.009209 1.011746 1.021012 1.021868 1.032096 1.034541
1.470750e+08 1.003117 1.004171 0.996167 1.003115 1.021836 1.027173 1.010331 1.012834 1.021858 1.022775 1.032885 1.035328
1.471550e+08 1.003903 1.005105 0.997390 1.004305 1.022889 1.028271 1.011438 1.013909 1.022686 1.023668 1.033659 1.036101
1.472350e+08 1.004674 1.006027 0.998600 1.005482 1.023924 1.029350 1.012530 1.014973 1.023495 1.024545 1.034415 1.036859
1.473150e+08 1.005429 1.006938 0.999794 1.006644 1.024938 1.030410 1.013606 1.016022 1.024285 1.025406 1.035153 1.037601
1.473950e+08 1.006168 1.007834 1.000971 1.007792 1.025929 1.031449 1.014665 1.017057 1.025056 1.026248 1.035872 1.038325
1.474750e+08 1.006890 1.008716 1.002131 1.008922 1.026899 1.032466 1.015705 1.018076 1.025806 1.027072 1.036570 1.039031
1.475550e+08 1.007593 1.009583 1.003273 1.010036 1.027844 1.033460 1.016725 1.019079 1.026535 1.027877 1.037248 1.039717
1.476350e+08 1.008278 1.010433 1.004395 1.011130 1.028764 1.034430 1.017726 1.020063 1.027242 1.028661 1.037903 1.040383
1.477150e+08 1.008943 1.011266 1.005496 1.012206 1.029658 1.035374 1.018705 1.021029 1.027926 1.029425 1.038535 1.041027
1.477950e+08 1.009588 1.012081 1.006576 1.013260 1.030526 1.036292 1.019663 1.021975 1.028588 1.030166 1.039143 1.041648
1.478750e+08 1.010211 1.012876 1.007633 1.014294 1.031366 1.037183 1.020597 1.022901 1.029225 1.030885 1.039726 1.042246
1.479550e+08 1.010813 1.013651 1.008667 1.015304 1.032177 1.038045 1.021508 1.023805 1.029839 1.031581 1.040284 1.042820
1.480350e+08 1.011393 1.014404 1.009676 1.016292 1.032958 1.038878 1.022394 1.024687 1.030428 1.032253 1.040816 1.043368
1.481150e+08 1.011950 1.015136 1.010660 1.017255 1.033710 1.039680 1.023255 1.025545 1.030991 1.032900 1.041320 1.043889
1.481950e+08 1.012483 1.015846 1.011618 1.018193 1.034430 1.040452 1.024090 1.026380 1.031529 1.033522 1.041796 1.044384
1.482750e+08 1.012993 1.016532 1.012549 1.019106 1.035119 1.041192 1.024899 1.027190 1.032042 1.034118 1.042244 1.044851
1.483550e+08 1.013478 1.017193 1.013453 1.019992 1.035775 1.041899 1.025680 1.027974 1.032527 1.034688 1.042662 1.045289
1.484350e+08 1.013938 1.017830 1.014328 1.020850 1.036398 1.042573 1.026434 1.028732 1.032987 1.035231 1.043051 1.045697
1.485150e+08 1.014374 1.018442 1.015175 1.021680 1.036987 1.043213 1.027159 1.029463 1.033419 1.035746 1.043410 1.046076
1.485950e+08 1.014783 1.019027 1.015992 1.022482 1.037543 1.043818 1.027855 1.030166 1.033824 1.036234 1.043738 1.046425
1.486750e+08 1.015167 1.019586 1.016778 1.023255 1.038063 1.044389 1.028522 1.030842 1.034201 1.036694 1.044035 1.046742
1.487550e+08 1.015524 1.020118 1.017534 1.023998 1.038549 1.044923 1.029159 1.031488 1.034551 1.037125 1.044300 1.047027
1.488350e+08 1.015856 1.020622 1.018259 1.024710 1.038999 1.045421 1.029766 1.032106 1.034873 1.037528 1.044533 1.047281
1.489150e+08 1.016160 1.021099 1.018952 1.025391 1.039414 1.045883 1.030342 1.032694 1.035167 1.037901 1.044734 1.047502
1.489950e+08 1.016438 1.021546 1.019614 1.026041 1.039793 1.046308 1.030887 1.033252 1.035433 1.038245 1.044903 1.047690
1.490750e+08 1.016689 1.021965 1.020242 1.026660 1.040135 1.046695 1.031401 1.033779 1.035671 1.038560 1.045039 1.047845
1.491550e+08 1.016913 1.022355 1.020838 1.027246 1.040442 1.047045 1.031884 1.034276 1.035881 1.038845 1.045143 1.047966
1.492350e+08 1.017110 1.022715 1.021402 1.027800 1.040711 1.047357 1.032335 1.034742 1.036063 1.039100 1.045213 1.048054
1.493150e+08 1.017280 1.023046 1.021931 1.028321 1.040945 1.047631 1.032755 1.035176 1.036218 1.039325 1.045251 1.048108
1.493950e+08 1.017423 1.023348 1.022428 1.028810 1.041141 1.047868 1.033143 1.035579 1.036344 1.039521 1.045255 1.048128
1.494750e+08 1.017540 1.023619 1.022891 1.029265 1.041302 1.048066 1.033499 1.035950 1.036442 1.039686 1.045227 1.048114
1.495550e+08 1.017629 1.023860 1.023321 1.029687 1.041426 1.048226 1.033823 1.036290 1.036514 1.039822 1.045166 1.048066
1.496350e+08 1.017692 1.024072 1.023716 1.030076 1.041513 1.048348 1.034115 1.036597 1.036557 1.039928 1.045073 1.047983
1.497150e+08 1.017729 1.024253 1.024079 1.030432 1.041565 1.048432 1.034375 1.036873 1.036574 1.040005 1.044947 1.047867
1.497950e+08 1.017740 1.024404 1.024408 1.030754 1.041581 1.048479 1.034604 1.037117 1.036564 1.040052 1.044789 1.047718
1.498750e+08 1.017725 1.024526 1.024703 1.031043 1.041562 1.048488 1.034802 1.037329 1.036528 1.040070 1.044599 1.047534
1.499550e+08 1.017685 1.024618 1.024965 1.031300 1.041508 1.048460 1.034968 1.037509 1.036465 1.040059 1.044378 1.047317
1.500350e+08 1.017620 1.024681 1.025195 1.031523 1.041419 1.048395 1.035103 1.037658 1.036377 1.040019 1.044125 1.047068
1.501150e+08 1.017530 1.024714 1.025391 1.031713 1.041295 1.048293 1.035208 1.037775 1.036263 1.039951 1.043842 1.046785
1.501950e+08 1.017416 1.024719 1.025555 1.031872 1.041139 1.048156 1.035282 1.037862 1.036125 1.039856 1.043529 1.046471
1.502750e+08 1.017278 1.024694 1.025688 1.031998 1.040949 1.047983 1.035327 1.037918 1.035962 1.039733 1.043186 1.046124
1.503550e+08 1.017117 1.024642 1.025788 1.032092 1.040726 1.047775 1.035342 1.037943 1.035775 1.039582 1.042814 1.045746
1.504350e+08 1.016934 1.024562 1.025857 1.032154 1.040472 1.047532 1.035328 1.037938 1.035565 1.039406 1.042414 1.045337
1.505150e+08 1.016728 1.024454 1.025896 1.032186 1.040187 1.047256 1.035285 1.037904 1.035332 1.039203 1.041986 1.044898
1.505950e+08 1.016501 1.024319 1.025904 1.032187 1.039871 1.046946 1.035215 1.037840 1.035077 1.038974 1.041531 1.044430
1.506750e+08 1.016253 1.024159 1.025883 1.032159 1.039526 1.046604 1.035117 1.037748 1.034801 1.038721 1.041049 1.043932
1.507550e+08 1.015986 1.023972 1.025833 1.032101 1.039152 1.046231 1.034992 1.037628 1.034503 1.038444 1.040542 1.043407
1.508350e+08 1.015699 1.023760 1.025754 1.032014 1.038750 1.045827 1.034841 1.037480 1.034186 1.038143 1.040010 1.042853
1.509150e+08 1.015393 1.023524 1.025648 1.031899 1.038322 1.045393 1.034665 1.037305 1.033849 1.037819 1.039454 1.042274
1.509950e+08 1.015070 1.023264 1.025515 1.031756 1.037867 1.044929 1.034464 1.037104 1.033493 1.037473 1.038875 1.041668
1.510750e+08 1.014729 1.022980 1.025356 1.031587 1.037387 1.044438 1.034239 1.036878 1.033119 1.037105 1.038275 1.041037
1.511550e+08 1.014373 1.022675 1.025172 1.031391 1.036883 1.043920 1.033990 1.036627 1.032728 1.036717 1.037653 1.040383
1.512350e+08 1.014001 1.022347 1.024964 1.031171 1.036357 1.043375 1.033720 1.036351 1.032320 1.036309 1.037010 1.039705
1.513150e+08 1.013615 1.022000 1.024731 1.030926 1.035808 1.042806 1.033428 1.036053 1.031897 1.035882 1.036349 1.039005
1.513950e+08 1.013215 1.021632 1.024477 1.030657 1.035239 1.042212 1.033115 1.035732 1.031459 1.035437 1.035669 1.038284
1.514750e+08 1.012802 1.021245 1.024200 1.030366 1.034650 1.041595 1.032783 1.035390 1.031007 1.034974 1.034973 1.037543
1.515550e+08 1.012378 1.020840 1.023903 1.030053 1.034042 1.040957 1.032432 1.035026 1.030542 1.034495 1.034260 1.036783
1.516350e+08 1.011943 1.020418 1.023587 1.029720 1.033417 1.040298 1.032063 1.034643 1.030064 1.034000 1.033533 1.036005
1.517150e+08 1.011498 1.019980 1.023251 1.029367 1.032776 1.039620 1.031677 1.034242 1.029575 1.033491 1.032791 1.035210
1.517950e+08 1.011044 1.019526 1.022898 1.028994 1.032121 1.038924 1.031275 1.033822 1.029076 1.032968 1.032037 1.034399
1.518750e+08 1.010583 1.019058 1.022529 1.028605 1.031451 1.038211 1.030858 1.033386 1.028566 1.032432 1.031271 1.033574
1.519550e+08 1.010114 1.018577 1.022144 1.028198 1.030770 1.037482 1.030427 1.032933 1.028049 1.031885 1.030495 1.032735
1.520350e+08 1.009640 1.018084 1.021745 1.027776 1.030077 1.036738 1.029984 1.032466 1.027523 1.031327 1.029710 1.031884
1.521150e+08 1.009161 1.017580 1.021333 1.027339 1.029375 1.035982 1.029528 1.031985 1.026990 1.030759 1.028917 1.031023
1.521950e+08 1.008678 1.017066 1.020909 1.026889 1.028663 1.035214 1.029062 1.031491 1.026452 1.030182 1.028117 1.030151
1.522750e+08 1.008192 1.016542 1.020473 1.026427 1.027945 1.034435 1.028586 1.030986 1.025908 1.029598 1.027311 1.029271
1.523550e+08 1.007705 1.016011 1.020029 1.025953 1.027221 1.033647 1.028102 1.030470 1.025360 1.029006 1.026500 1.028383
1.524350e+08 1.007217 1.015473 1.019576 1.025470 1.026492 1.032851 1.027610 1.029944 1.024810 1.028409 1.025687 1.027490
1.525150e+08 1.006729 1.014929 1.019115 1.024977 1.025760 1.032048 1.027111 1.029410 1.024256 1.027808 1.024871 1.026591
1.525950e+08 1.006242 1.014381 1.018649 1.024477 1.025026 1.031241 1.026607 1.028868 1.023702 1.027202 1.024054 1.025689
1.526750e+08 1.005758 1.013829 1.018177 1.023970 1.024291 1.030429 1.026099 1.028320 1.023147 1.026594 1.023237 1.024784
1.527550e+08 1.005277 1.013275 1.017703 1.023458 1.023557 1.029615 1.025588 1.027768 1.022592 1.025984 1.022422 1.023878
1.528350e+08 1.004800 1.012720 1.017225 1.022942 1.022825 1.028800 1.025075 1.027211 1.022039 1.025374 1.021609 1.022972
1.529150e+08 1.004329 1.012164 1.016746 1.022422 1.022095 1.027984 1.024560 1.026651 1.021488 1.024763 1.020800 1.022067
1.529950e+08 1.003864 1.011610 1.016268 1.021901 1.021370 1.027170 1.024046 1.026089 1.020941 1.024154 1.019996 1.021165
1.530750e+08 1.003406 1.011058 1.015790 1.021379 1.020651 1.026359 1.023533 1.025527 1.020397 1.023548 1.019197 1.020266
1.531550e+08 1.002957 1.010508 1.015315 1.020857 1.019939 1.025552 1.023022 1.024965 1.019858 1.022944 1.018406 1.019372
1.532350e+08 1.002516 1.009964 1.014843 1.020337 1.019235 1.024749 1.022514 1.024404 1.019325 1.022345 1.017623 1.018483
1.533150e+08 1.002086 1.009424 1.014376 1.019820 1.018540 1.023954 1.022010 1.023846 1.018799 1.021751 1.016848 1.017602
1.533950e+08 1.001667 1.008891 1.013915 1.019307 1.017855 1.023165 1.021512 1.023292 1.018280 1.021163 1.016084 1.016729
1.534750e+08 1.001260 1.008365 1.013461 1.018798 1.017182 1.022386 1.021020 1.022742 1.017769 1.020582 1.015331 1.015866
1.535550e+08 1.000865 1.007848 1.013014 1.018296 1.016522 1.021617 1.020535 1.022197 1.017267 1.020009 1.014590 1.015012
1.536350e+08 1.000484 1.007340 1.012577 1.017800 1.015875 1.020859 1.020059 1.021660 1.016774 1.019445 1.013863 1.014170
1.537150e+08 1.000117 1.006843 1.012151 1.017313 1.015243 1.020113 1.019592 1.021129 1.016292 1.018890 1.013149 1.013341
1.537950e+08 0.999766 1.006358 1.011735 1.016836 1.014627 1.019380 1.019134 1.020608 1.015822 1.018345 1.012450 1.012525
1.538750e+08 0.999431 1.005884 1.011332 1.016368 1.014028 1.018662 1.018688 1.020096 1.015363 1.017812 1.011767 1.011723
1.539550e+08 0.999112 1.005424 1.010942 1.015912 1.013447 1.017960 1.018254 1.019594 1.014917 1.017291 1.011100 1.010936
1.540350e+08 0.998810 1.004979 1.010567 1.015468 1.012884 1.017274 1.017832 1.019104 1.014483 1.016783 1.010451 1.010166
1.541150e+08 0.998527 1.004548 1.010207 1.015037 1.012341 1.016605 1.017424 1.018626 1.014064 1.016288 1.009819 1.009412
1.541950e+08 0.998263 1.004134 1.009863 1.014620 1.011818 1.015955 1.017030 1.018161 1.013659 1.015807 1.009207 1.008677
1.542750e+08 0.998017 1.003736 1.009536 1.014218 1.011316 1.015323 1.016651 1.017710 1.013269 1.015341 1.008614 1.007960
1.543550e+08 0.997792 1.003356 1.009227 1.013832 1.010837 1.014712 1.016288 1.017274 1.012894 1.014890 1.008040 1.007262
1.544350e+08 0.997587 1.002994 1.008936 1.013463 1.010380 1.014122 1.015941 1.016852 1.012535 1.014456 1.007488 1.006585
1.545150e+08 0.997403 1.002651 1.008665 1.013111 1.009946 1.013553 1.015611 1.016447 1.012192 1.014038 1.006957 1.005928
1.545950e+08 0.997240 1.002327 1.008415 1.012777 1.009537 1.013007 1.015299 1.016059 1.011867 1.013637 1.006447 1.005292
1.546750e+08 0.997100 1.002024 1.008185 1.012462 1.009152 1.012483 1.015006 1.015688 1.011559 1.013253 1.005959 1.004678
1.547550e+08 0.996981 1.001742 1.007977 1.012166 1.008792 1.011984 1.014731 1.015335 1.011268 1.012888 1.005494 1.004087
1.548350e+08 0.996885 1.001482 1.007791 1.011891 1.008457 1.011508 1.014476 1.015000 1.010995 1.012541 1.005052 1.003518
1.549150e+08 0.996813 1.001243 1.007628 1.011636 1.008148 1.011057 1.014240 1.014685 1.010740 1.012213 1.004632 1.002973
1.549950e+08 0.996763 1.001027 1.007488 1.011403 1.007866 1.010631 1.014025 1.014389 1.010504 1.011905 1.004237 1.002451
1.550750e+08 0.996736 1.000834 1.007372 1.011191 1.007611 1.010230 1.013830 1.014113 1.010287 1.011615 1.003864 1.001953
1.551550e+08 0.996734 1.000664 1.007281 1.011002 1.007382 1.009855 1.013656 1.013857 1.010089 1.011346 1.003516 1.001480
1.552350e+08 0.996755 1.000518 1.007214 1.010835 1.007180 1.009507 1.013504 1.013622 1.009910 1.011096 1.003191 1.001030
1.553150e+08 0.996800 1.000396 1.007171 1.010691 1.007006 1.009185 1.013373 1.013408 1.009750 1.010867 1.002891 1.000606
1.553950e+08 0.996869 1.000298 1.007155 1.010571 1.006859 1.008889 1.013263 1.013215 1.009609 1.010658 1.002614 1.000206
1.554750e+08 0.996962 1.000225 1.007163 1.010474 1.006740 1.008621 1.013176 1.013044 1.009488 1.010470 1.002361 0.999831
1.555550e+08 0.997079 1.000176 1.007198 1.010402 1.006648 1.008379 1.013110 1.012895 1.009387 1.010302 1.002133 0.999481
1.556350e+08 0.997220 1.000153 1.007258 1.010353 1.006584 1.008164 1.013067 1.012767 1.009304 1.010154 1.001927 0.999156
1.557150e+08 0.997385 1.000154 1.007345 1.010328 1.006547 1.007977 1.013046 1.012661 1.009242 1.010027 1.001746 0.998856
1.557950e+08 0.997574 1.000180 1.007457 1.010328 1.006537 1.007816 1.013047 1.012577 1.009198 1.009921 1.001588 0.998580
1.558750e+08 0.997786 1.000231 1.007596 1.010352 1.006555 1.007681 1.013070 1.012515 1.009174 1.009834 1.001452 0.998329
1.559550e+08 0.998022 1.000307 1.007761 1.010400 1.006599 1.007574 1.013115 1.012475 1.009168 1.009768 1.001340 0.998101
1.560350e+08 0.998281 1.000408 1.007952 1.010473 1.006670 1.007493 1.013183 1.012457 1.009182 1.009722 1.001250 0.997898
1.561150e+08 0.998563 1.000534 1.008168 1.010570 1.006767 1.007438 1.013271 1.012460 1.009214 1.009696 1.001182 0.997719
1.561950e+08 0.998867 1.000684 1.008410 1.010691 1.006889 1.007408 1.013382 1.012485 1.009264 1.009690 1.001135 0.997562
1.562750e+08 0.999193 1.000858 1.008678 1.010836 1.007037 1.007405 1.013513 1.012531 1.009333 1.009702 1.001110 0.997429
1.563550e+08 0.999541 1.001057 1.008971 1.011004 1.007210 1.007426 1.013666 1.012598 1.009419 1.009734 1.001104 0.997318
1.564350e+08 0.999911 1.001279 1.009289 1.011196 1.007407 1.007471 1.013839 1.012686 1.009523 1.009784 1.001119 0.997228
1.565150e+08 1.000301 1.001525 1.009631 1.011411 1.007628 1.007541 1.014032 1.012794 1.009644 1.009852 1.001153 0.997160
1.565950e+08 1.000711 1.001794 1.009997 1.011648 1.007872 1.007634 1.014245 1.012922 1.009781 1.009938 1.001205 0.997113
1.566750e+08 1.001141 1.002085 1.010387 1.011908 1.008138 1.007750 1.014477 1.013069 1.009934 1.010041 1.001276 0.997086
1.567550e+08 1.001591 1.002399 1.010800 1.012189 1.008426 1.007889 1.014729 1.013236 1.010103 1.010161 1.001363 0.997078
1.568350e+08 1.002058 1.002734 1.011236 1.012492 1.008735 1.008048 1.014998 1.013421 1.010288 1.010297 1.001467 0.997089
1.569150e+08 1.002544 1.003090 1.011693 1.012816 1.009064 1.008229 1.015285 1.013624 1.010486 1.010448 1.001587 0.997117
1.569950e+08 1.003047 1.003466 1.012172 1.013159 1.009412 1.008429 1.015589 1.013844 1.010699 1.010615 1.001721 0.997163
1.570750e+08 1.003566 1.003862 1.012672 1.013522 1.009778 1.008649 1.015910 1.014081 1.010925 1.010796 1.001869 0.997225
1.571550e+08 1.004102 1.004278 1.013191 1.013904 1.010162 1.008887 1.016246 1.014334 1.011164 1.010990 1.002029 0.997302
1.572350e+08 1.004652 1.004711 1.013730 1.014304 1.010563 1.009142 1.016598 1.014602 1.011415 1.011197 1.002202 0.997394
1.573150e+08 1.005216 1.005163 1.014287 1.014722 1.010979 1.009414 1.016963 1.014885 1.011677 1.011416 1.002386 0.997499
1.573950e+08 1.005793 1.005631 1.014861 1.015156 1.011409 1.009701 1.017343 1.015181 1.011951 1.011647 1.002580 0.997617
1.574750e+08 1.006383 1.006116 1.015453 1.015606 1.011853 1.010002 1.017735 1.015491 1.012234 1.011888 1.002783 0.997747
1.575550e+08 1.006985 1.006615 1.016060 1.016071 1.012310 1.010317 1.018138 1.015813 1.012526 1.012140 1.002993 0.997886
1.576350e+08 1.007598 1.007130 1.016682 1.016551 1.012778 1.010645 1.018553 1.016146 1.012827 1.012400 1.003211 0.998036
1.577150e+08 1.008220 1.007657 1.017317 1.017043 1.013255 1.010984 1.018978 1.016490 1.013136 1.012668 1.003434 0.998194
1.577950e+08 1.008851 1.008198 1.017966 1.017548 1.013742 1.011333 1.019412 1.016843 1.013452 1.012943 1.003663 0.998359
1.578750e+08 1.009490 1.008749 1.018627 1.018064 1.014237 1.011691 1.019854 1.017205 1.013774 1.013225 1.003895 0.998530
1.579550e+08 1.010136 1.009312 1.019299 1.018590 1.014739 1.012057 1.020304 1.017575 1.014101 1.013512 1.004129 0.998707
1.580350e+08 1.010788 1.009884 1.019980 1.019126 1.015246 1.012430 1.020760 1.017951 1.014433 1.013804 1.004365 0.998887
1.581150e+08 1.011445 1.010466 1.020670 1.019670 1.015757 1.012808 1.021221 1.018333 1.014768 1.014099 1.004601 0.999070
1.581950e+08 1.012106 1.011054 1.021368 1.020222 1.016272 1.013191 1.021687 1.018720 1.015106 1.014397 1.004836 0.999255
1.582750e+08 1.012770 1.011650 1.022073 1.020779 1.016788 1.013577 1.022156 1.019111 1.015446 1.014696 1.005070 0.999441
1.583550e+08 1.013436 1.012251 1.022782 1.021342 1.017305 1.013965 1.022627 1.019504 1.015787 1.014996 1.005300 0.999625
1.584350e+08 1.014103 1.012856 1.023496 1.021909 1.017821 1.014353 1.023100 1.019899 1.016128 1.015295 1.005525 0.999808
1.585150e+08 1.014771 1.013465 1.024214 1.022479 1.018335 1.014741 1.023572 1.020294 1.016468 1.015593 1.005746 0.999988
1.585950e+08 1.015436 1.014077 1.024933 1.023051 1.018846 1.015128 1.024044 1.020689 1.016806 1.015889 1.005959 1.000163
1.586750e+08 1.016100 1.014689 1.025652 1.023623 1.019353 1.015511 1.024514 1.021083 1.017142 1.016182 1.006165 1.000333
1.587550e+08 1.016761 1.015302 1.026372 1.024195 1.019854 1.015890 1.024981 1.021473 1.017474 1.016470 1.006363 1.000497
1.588350e+08 1.017418 1.015914 1.027089 1.024765 1.020348 1.016263 1.025444 1.021861 1.017802 1.016753 1.006550 1.000653
1.589150e+08 1.018069 1.016524 1.027804 1.025333 1.020834 1.016630 1.025902 1.022243 1.018124 1.017029 1.006726 1.000799
1.589950e+08 1.018714 1.017131 1.028514 1.025897 1.021311 1.016989 1.026354 1.022620 1.018440 1.017298 1.006890 1.000936
1.590750e+08 1.019352 1.017733 1.029220 1.026456 1.021777 1.017338 1.026798 1.022989 1.018749 1.017559 1.007041 1.001062
1.591550e+08 1.019982 1.018330 1.029919 1.027008 1.022232 1.017678 1.027235 1.023351 1.019050 1.017810 1.007177 1.001175
1.592350e+08 1.020603 1.018921 1.030610 1.027554 1.022673 1.018005 1.027661 1.023704 1.019342 1.018051 1.007298 1.001274
1.593150e+08 1.021213 1.019504 1.031292 1.028091 1.023100 1.018320 1.028078 1.024046 1.019624 1.018281 1.007403 1.001360
1.593950e+08 1.021813 1.020079 1.031965 1.028619 1.023512 1.018621 1.028483 1.024378 1.019896 1.018499 1.007490 1.001429
1.594750e+08 1.022400 1.020644 1.032626 1.029135 1.023908 1.018907 1.028875 1.024697 1.020156 1.018703 1.007559 1.001482
1.595550e+08 1.022975 1.021198 1.033275 1.029641 1.024286 1.019177 1.029254 1.025004 1.020403 1.018894 1.007609 1.001517
1.596350e+08 1.023535 1.021740 1.033911 1.030133 1.024646 1.019430 1.029619 1.025296 1.020637 1.019069 1.007639 1.001533
1.597150e+08 1.024081 1.022270 1.034532 1.030612 1.024986 1.019664 1.029968 1.025573 1.020858 1.019228 1.007647 1.001530
1.597950e+08 1.024611 1.022785 1.035137 1.031075 1.025305 1.019879 1.030301 1.025834 1.021063 1.019371 1.007634 1.001506
1.598750e+08 1.025125 1.023286 1.035725 1.031523 1.025603 1.020073 1.030616 1.026078 1.021252 1.019496 1.007597 1.001461
1.599550e+08 1.025621 1.023772 1.036296 1.031954 1.025878 1.020246 1.030914 1.026305 1.021426 1.019603 1.007538 1.001393
1.600350e+08 1.026099 1.024240 1.036848 1.032367 1.026129 1.020397 1.031192 1.026512 1.021582 1.019690 1.007453 1.001302
1.601150e+08 1.026559 1.024691 1.037380 1.032760 1.026357 1.020525 1.031450 1.026700 1.021720 1.019757 1.007344 1.001186
1.601950e+08 1.026999 1.025123 1.037891 1.033134 1.026559 1.020628 1.031687 1.026867 1.021839 1.019804 1.007210 1.001046
1.602750e+08 1.027418 1.025536 1.038380 1.033488 1.026734 1.020707 1.031903 1.027013 1.021939 1.019828 1.007048 1.000881
1.603550e+08 1.027817 1.025929 1.038847 1.033819 1.026883 1.020759 1.032096 1.027138 1.022020 1.019831 1.006860 1.000689
1.604350e+08 1.028193 1.026301 1.039290 1.034129 1.027005 1.020785 1.032267 1.027239 1.022079 1.019811 1.006645 1.000470
1.605150e+08 1.028548 1.026650 1.039709 1.034414 1.027098 1.020784 1.032413 1.027317 1.022118 1.019767 1.006401 1.000223
1.605950e+08 1.028880 1.026978 1.040102 1.034676 1.027162 1.020755 1.032534 1.027370 1.022134 1.019698 1.006129 0.999949
1.606750e+08 1.029188 1.027282 1.040469 1.034913 1.027196 1.020698 1.032631 1.027399 1.022128 1.019605 1.005828 0.999645
1.607550e+08 1.029473 1.027562 1.040810 1.035125 1.027201 1.020611 1.032702 1.027402 1.022100 1.019487 1.005498 0.999313
1.608350e+08 1.029733 1.027817 1.041122 1.035310 1.027174 1.020494 1.032746 1.027380 1.022047 1.019343 1.005137 0.998951
1.609150e+08 1.029968 1.028048 1.041407 1.035468 1.027117 1.020347 1.032763 1.027331 1.021972 1.019173 1.004748 0.998559
1.609950e+08 1.030178 1.028252 1.041663 1.035599 1.027029 1.020170 1.032753 1.027255 1.021871 1.018975 1.004327 0.998137
1.610750e+08 1.030363 1.028430 1.041889 1.035702 1.026908 1.019962 1.032714 1.027151 1.021746 1.018751 1.003877 0.997684
1.611550e+08 1.030522 1.028582 1.042086 1.035776 1.026755 1.019722 1.032648 1.027020 1.021596 1.018499 1.003396 0.997200
1.612350e+08 1.030654 1.028706 1.042252 1.035821 1.026570 1.019450 1.032552 1.026860 1.021421 1.018219 1.002884 0.996685
1.613150e+08 1.030760 1.028803 1.042387 1.035837 1.026352 1.019146 1.032428 1.026672 1.021220 1.017911 1.002341 0.996139
1.613950e+08 1.030840 1.028872 1.042491 1.035823 1.026101 1.018810 1.032274 1.026454 1.020992 1.017575 1.001768 0.995561
1.614750e+08 1.030893 1.028912 1.042563 1.035779 1.025818 1.018442 1.032090 1.026208 1.020739 1.017210 1.001164 0.994952
1.615550e+08 1.030919 1.028924 1.042603 1.035704 1.025501 1.018042 1.031877 1.025933 1.020459 1.016816 1.000530 0.994312
1.616350e+08 1.030918 1.028907 1.042611 1.035599 1.025151 1.017608 1.031633 1.025628 1.020153 1.016393 0.999865 0.993640
1.617150e+08 1.030890 1.028861 1.042587 1.035463 1.024769 1.017143 1.031359 1.025293 1.019819 1.015941 0.999169 0.992937
1.617950e+08 1.030835 1.028787 1.042529 1.035296 1.024353 1.016645 1.031055 1.024929 1.019459 1.015460 0.998444 0.992203
1.618750e+08 1.030753 1.028682 1.042439 1.035097 1.023905 1.016115 1.030720 1.024536 1.019072 1.014950 0.997689 0.991437
1.619550e+08 1.030644 1.028549 1.042317 1.034868 1.023424 1.015552 1.030355 1.024112 1.018658 1.014411 0.996904 0.990641
1.620350e+08 1.030509 1.028387 1.042161 1.034607 1.022911 1.014958 1.029960 1.023659 1.018217 1.013843 0.996090 0.989815
1.621150e+08 1.030347 1.028195 1.041972 1.034314 1.022366 1.014332 1.029534 1.023177 1.017749 1.013246 0.995248 0.988959
1.621950e+08 1.030159 1.027974 1.041751 1.033991 1.021790 1.013674 1.029078 1.022666 1.017255 1.012620 0.994377 0.988072
1.622750e+08 1.029945 1.027724 1.041497 1.033637 1.021182 1.012986 1.028592 1.022125 1.016734 1.011965 0.993478 0.987157
1.623550e+08 1.029705 1.027446 1.041210 1.033251 1.020543 1.012267 1.028077 1.021556 1.016186 1.011282 0.992553 0.986212
1.624350e+08 1.029439 1.027139 1.040891 1.032836 1.019874 1.011518 1.027532 1.020958 1.015612 1.010571 0.991600 0.985240
1.625150e+08 1.029149 1.026804 1.040540 1.032389 1.019176 1.010739 1.026958 1.020332 1.015011 1.009833 0.990622 0.984239
1.625950e+08 1.028834 1.026440 1.040158 1.031913 1.018448 1.009931 1.026355 1.019678 1.014385 1.009066 0.989618 0.983211
1.626750e+08 1.028495 1.026050 1.039744 1.031407 1.017691 1.009095 1.025723 1.018997 1.013734 1.008273 0.988590 0.982157
1.627550e+08 1.028132 1.025632 1.039299 1.030872 1.016907 1.008231 1.025064 1.018289 1.013057 1.007453 0.987538 0.981077
1.628350e+08 1.027746 1.025187 1.038824 1.030308 1.016096 1.007340 1.024376 1.017555 1.012355 1.006607 0.986462 0.979972
1.629150e+08 1.027338 1.024716 1.038319 1.029715 1.015258 1.006423 1.023662 1.016795 1.011628 1.005735 0.985365 0.978842
1.629950e+08 1.026907 1.024219 1.037784 1.029095 1.014395 1.005480 1.022922 1.016009 1.010878 1.004838 0.984245 0.977689
1.630750e+08 1.026456 1.023698 1.037221 1.028447 1.013508 1.004513 1.022155 1.015199 1.010104 1.003917 0.983106 0.976513
1.631550e+08 1.025983 1.023151 1.036629 1.027773 1.012596 1.003522 1.021363 1.014365 1.009307 1.002971 0.981946 0.975315
1.632350e+08 1.025491 1.022581 1.036010 1.027072 1.011662 1.002508 1.020547 1.013508 1.008487 1.002003 0.980768 0.974096
1.633150e+08 1.024979 1.021988 1.035364 1.026347 1.010706 1.001471 1.019706 1.012628 1.007646 1.001011 0.979572 0.972857
1.633950e+08 1.024450 1.021372 1.034692 1.025597 1.009729 1.000414 1.018843 1.011726 1.006783 0.999997 0.978359 0.971599
1.634750e+08 1.023902 1.020735 1.033995 1.024823 1.008732 0.999337 1.017957 1.010804 1.005899 0.998962 0.977130 0.970323
1.635550e+08 1.023338 1.020077 1.033273 1.024026 1.007716 0.998242 1.017049 1.009861 1.004995 0.997907 0.975887 0.969029
1.636350e+08 1.022758 1.019398 1.032528 1.023207 1.006683 0.997128 1.016121 1.008899 1.004071 0.996832 0.974630 0.967720
1.637150e+08 1.022162 1.018701 1.031761 1.022367 1.005633 0.995997 1.015172 1.007919 1.003129 0.995738 0.973360 0.966395
1.637950e+08 1.021553 1.017985 1.030971 1.021506 1.004568 0.994852 1.014205 1.006921 1.002169 0.994625 0.972079 0.965057
1.638750e+08 1.020930 1.017252 1.030161 1.020626 1.003488 0.993691 1.013219 1.005906 1.001191 0.993496 0.970787 0.963705
1.639550e+08 1.020295 1.016503 1.029331 1.019728 1.002396 0.992518 1.012217 1.004876 1.000196 0.992350 0.969487 0.962342
1.640350e+08 1.019649 1.015738 1.028483 1.018812 1.001292 0.991333 1.011198 1.003832 0.999186 0.991189 0.968178 0.960968
1.641150e+08 1.018993 1.014959 1.027617 1.017880 1.000177 0.990137 1.010164 1.002774 0.998161 0.990013 0.966861 0.959584
1.641950e+08 1.018327 1.014166 1.026734 1.016932 0.999053 0.988931 1.009116 1.001703 0.997122 0.988823 0.965540 0.958193
1.642750e+08 1.017653 1.013362 1.025837 1.015970 0.997921 0.987717 1.008055 1.000621 0.996070 0.987621 0.964213 0.956794
1.643550e+08 1.016972 1.012546 1.024924 1.014995 0.996783 0.986497 1.006981 0.999529 0.995005 0.986407 0.962883 0.955389
1.644350e+08 1.016284 1.011719 1.023999 1.014008 0.995639 0.985271 1.005897 0.998427 0.993929 0.985182 0.961550 0.953979
1.645150e+08 1.015591 1.010884 1.023062 1.013010 0.994491 0.984041 1.004803 0.997317 0.992842 0.983948 0.960217 0.952565
1.645950e+08 1.014895 1.010041 1.022114 1.012002 0.993340 0.982807 1.003700 0.996200 0.991745 0.982705 0.958883 0.951149
1.646750e+08 1.014195 1.009192 1.021156 1.010985 0.992187 0.981573 1.002589 0.995077 0.990640 0.981454 0.957551 0.949731
1.647550e+08 1.013493 1.008336 1.020190 1.009961 0.991035 0.980338 1.001472 0.993950 0.989527 0.980197 0.956220 0.948313
1.648350e+08 1.012791 1.007477 1.019217 1.008931 0.989883 0.979104 1.000350 0.992818 0.988407 0.978934 0.954894 0.946896
1.649150e+08 1.012089 1.006614 1.018239 1.007895 0.988735 0.977873 0.999223 0.991684 0.987282 0.977666 0.953571 0.945482
1.649950e+08 1.011388 1.005749 1.017255 1.006856 0.987590 0.976645 0.998093 0.990549 0.986151 0.976395 0.952255 0.944070
1.650750e+08 1.010690 1.004883 1.016269 1.005814 0.986450 0.975423 0.996962 0.989413 0.985016 0.975122 0.950945 0.942663
1.651550e+08 1.009995 1.004018 1.015280 1.004770 0.985317 0.974207 0.995830 0.988279 0.983879 0.973847 0.949644 0.941262
1.652350e+08 1.009305 1.003154 1.014290 1.003726 0.984191 0.972999 0.994698 0.987146 0.982740 0.972572 0.948351 0.939867
1.653150e+08 1.008621 1.002293 1.013301 1.002683 0.983075 0.971800 0.993568 0.986017 0.981599 0.971297 0.947069 0.938480
1.653950e+08 1.007943 1.001436 1.012314 1.001642 0.981969 0.970611 0.992441 0.984891 0.980459 0.970024 0.945798 0.937101
1.654750e+08 1.007274 1.000584 1.011330 1.000604 0.980875 0.969435 0.991318 0.983772 0.979320 0.968754 0.944539 0.935733
1.655550e+08 1.006613 0.999739 1.010350 0.999571 0.979793 0.968271 0.990200 0.982659 0.978183 0.967488 0.943293 0.934375
1.656350e+08 1.005963 0.998901 1.009375 0.998544 0.978726 0.967122 0.989088 0.981553 0.977049 0.966227 0.942061 0.933030
1.657150e+08 1.005323 0.998071 1.008407 0.997524 0.977674 0.965989 0.987984 0.980457 0.975919 0.964971 0.940845 0.931697
1.657950e+08 1.004696 0.997252 1.007447 0.996511 0.976638 0.964872 0.986888 0.979370 0.974794 0.963722 0.939645 0.930378
1.658750e+08 1.004081 0.996444 1.006497 0.995508 0.975621 0.963773 0.985802 0.978294 0.973675 0.962482 0.938461 0.929074
1.659550e+08 1.003481 0.995648 1.005556 0.994515 0.974622 0.962694 0.984728 0.977230 0.972563 0.961250 0.937296 0.927786
1.660350e+08 1.002896 0.994865 1.004628 0.993534 0.973643 0.961635 0.983665 0.976180 0.971459 0.960027 0.936149 0.926514
1.661150e+08 1.002327 0.994097 1.003712 0.992565 0.972685 0.960597 0.982615 0.975143 0.970364 0.958816 0.935022 0.925260
1.661950e+08 1.001774 0.993344 1.002809 0.991610 0.971749 0.959583 0.981579 0.974121 0.969279 0.957616 0.933915 0.924024
1.662750e+08 1.001240 0.992607 1.001922 0.990670 0.970837 0.958592 0.980559 0.973116 0.968204 0.956429 0.932830 0.922806
1.663550e+08 1.000724 0.991889 1.001051 0.989746 0.969949 0.957626 0.979554 0.972127 0.967142 0.955255 0.931766 0.921609
1.664350e+08 1.000228 0.991189 1.000198 0.988838 0.969085 0.956686 0.978567 0.971156 0.966092 0.954095 0.930724 0.920432
1.665150e+08 0.999752 0.990509 0.999362 0.987948 0.968248 0.955772 0.977599 0.970204 0.965055 0.952951 0.929706 0.919276
1.665950e+08 0.999298 0.989849 0.998546 0.987077 0.967438 0.954886 0.976649 0.969272 0.964033 0.951823 0.928711 0.918142
1.666750e+08 0.998865 0.989211 0.997750 0.986226 0.966655 0.954030 0.975720 0.968360 0.963027 0.950711 0.927741 0.917030
1.667550e+08 0.998455 0.988596 0.996975 0.985395 0.965902 0.953202 0.974811 0.967469 0.962036 0.949617 0.926795 0.915941
1.668350e+08 0.998069 0.988004 0.996222 0.984586 0.965177 0.952405 0.973925 0.966601 0.961062 0.948541 0.925874 0.914875
1.669150e+08 0.997707 0.987436 0.995493 0.983799 0.964483 0.951640 0.973062 0.965755 0.960106 0.947485 0.924979 0.913833
1.669950e+08 0.997369 0.986894 0.994787 0.983036 0.963819 0.950906 0.972222 0.964933 0.959169 0.946447 0.924110 0.912816
1.670750e+08 0.997057 0.986377 0.994106 0.982296 0.963187 0.950205 0.971406 0.964135 0.958250 0.945431 0.923268 0.911822
1.671550e+08 0.996771 0.985888 0.993451 0.981581 0.962587 0.949537 0.970616 0.963362 0.957352 0.944435 0.922452 0.910854
1.672350e+08 0.996512 0.985425 0.992822 0.980892 0.962019 0.948904 0.969852 0.962614 0.956475 0.943461 0.921663 0.909911
1.673150e+08 0.996279 0.984991 0.992219 0.980228 0.961485 0.948305 0.969114 0.961892 0.955619 0.942509 0.920901 0.908993
1.673950e+08 0.996074 0.984586 0.991645 0.979591 0.960984 0.947741 0.968404 0.961197 0.954784 0.941580 0.920167 0.908101
1.674750e+08 0.995897 0.984210 0.991099 0.978982 0.960517 0.947213 0.967722 0.960528 0.953973 0.940673 0.919460 0.907235
1.675550e+08 0.995748 0.983864 0.990582 0.978400 0.960085 0.946720 0.967068 0.959887 0.953185 0.939791 0.918780 0.906394
1.676350e+08 0.995628 0.983548 0.990094 0.977847 0.959687 0.946265 0.966444 0.959274 0.952421 0.938932 0.918128 0.905579
1.677150e+08 0.995537 0.983264 0.989636 0.977322 0.959324 0.945846 0.965849 0.958689 0.951681 0.938098 0.917504 0.904790
1.677950e+08 0.995475 0.983011 0.989209 0.976827 0.958996 0.945464 0.965284 0.958133 0.950966 0.937289 0.916907 0.904027
1.678750e+08 0.995443 0.982790 0.988813 0.976361 0.958704 0.945120 0.964750 0.957606 0.950277 0.936504 0.916338 0.903290
1.679550e+08 0.995441 0.982601 0.988447 0.975925 0.958447 0.944814 0.964246 0.957107 0.949613 0.935745 0.915796 0.902579
1.680350e+08 0.995468 0.982445 0.988113 0.975519 0.958226 0.944545 0.963774 0.956638 0.948976 0.935012 0.915281 0.901893
1.681150e+08 0.995526 0.982322 0.987812 0.975144 0.958040 0.944314 0.963334 0.956199 0.948366 0.934305 0.914793 0.901232
1.681950e+08 0.995613 0.982232 0.987542 0.974799 0.957891 0.944122 0.962926 0.955789 0.947782 0.933623 0.914332 0.900596
1.682750e+08 0.995731 0.982176 0.987304 0.974485 0.957776 0.943967 0.962550 0.955408 0.947227 0.932968 0.913897 0.899985
1.683550e+08 0.995879 0.982153 0.987099 0.974202 0.957697 0.943850 0.962207 0.955058 0.946699 0.932339 0.913488 0.899398
1.684350e+08 0.996057 0.982164 0.986926 0.973950 0.957654 0.943772 0.961896 0.954737 0.946199 0.931736 0.913105 0.898835
1.685150e+08 0.996264 0.982209 0.986785 0.973730 0.957645 0.943731 0.961618 0.954445 0.945727 0.931160 0.912746 0.898296
1.685950e+08 0.996502 0.982287 0.986677 0.973540 0.957671 0.943728 0.961372 0.954184 0.945283 0.930610 0.912413 0.897779
1.686750e+08 0.996770 0.982400 0.986602 0.973381 0.957732 0.943762 0.961160 0.953952 0.944869 0.930086 0.912104 0.897285
1.687550e+08 0.997067 0.982546 0.986559 0.973253 0.957827 0.943834 0.960981 0.953749 0.944483 0.929589 0.911819 0.896814
1.688350e+08 0.997393 0.982726 0.986548 0.973155 0.957956 0.943943 0.960834 0.953575 0.944126 0.929117 0.911557 0.896364
1.689150e+08 0.997749 0.982939 0.986569 0.973089 0.958118 0.944088 0.960720 0.953430 0.943798 0.928672 0.911317 0.895934
1.689950e+08 0.998133 0.983186 0.986622 0.973052 0.958314 0.944269 0.960639 0.953314 0.943500 0.928252 0.911100 0.895525
1.690750e+08 0.998545 0.983467 0.986707 0.973045 0.958541 0.944487 0.960591 0.953226 0.943230 0.927858 0.910904 0.895135
1.691550e+08 0.998986 0.983780 0.986823 0.973068 0.958801 0.944740 0.960575 0.953166 0.942990 0.927489 0.910728 0.894764
1.692350e+08 0.999454 0.984125 0.986969 0.973121 0.959092 0.945027 0.960592 0.953133 0.942778 0.927145 0.910573 0.894411
1.693150e+08 0.999949 0.984503 0.987147 0.973202 0.959413 0.945350 0.960640 0.953128 0.942596 0.926826 0.910436 0.894076
1.693950e+08 1.000471 0.984913 0.987354 0.973312 0.959765 0.945705 0.960720 0.953150 0.942442 0.926531 0.910318 0.893756
1.694750e+08 1.001018 0.985355 0.987591 0.973450 0.960146 0.946094 0.960832 0.953197 0.942317 0.926261 0.910218 0.893453
1.695550e+08 1.001592 0.985828 0.987856 0.973615 0.960556 0.946516 0.960974 0.953271 0.942221 0.926013 0.910135 0.893164
1.696350e+08 1.002190 0.986331 0.988151 0.973807 0.960993 0.946970 0.961148 0.953369 0.942153 0.925789 0.910067 0.892889
