  1.38915e+08	      1.58198	      1.54163	      1.52121	      1.49318	      1.56814	      1.54417	      1.59787	      1.58790	      1.58442	      1.58645	      1.66108	      1.65816	
  1.38995e+08	     0.977823	     0.970910	     0.942450	     0.935258	     0.971445	     0.962083	     0.961339	     0.959508	     0.968304	     0.969668	     0.998493	     0.997708	
  1.39075e+08	     0.997428	     0.995431	     0.961831	     0.951959	     0.987274	     0.983066	     0.978475	     0.974851	     0.984833	     0.979776	      1.01584	      1.00808	
  1.39155e+08	     0.997136	     0.992978	     0.962983	     0.956517	     0.987812	     0.979519	     0.979317	     0.979834	     0.985972	     0.978406	      1.01502	      1.00984	
  1.39235e+08	      1.00158	     0.992326	     0.962999	     0.952321	     0.984419	     0.984560	     0.971256	     0.982697	     0.984966	     0.983574	      1.01465	      1.00915	
  1.39315e+08	     0.993948	     0.996736	     0.962023	     0.954723	     0.985622	     0.982552	     0.975701	     0.970411	     0.980161	     0.985307	      1.01669	      1.01116	
  1.39395e+08	     0.997131	     0.995114	     0.961726	     0.950172	     0.986863	     0.984490	     0.978531	     0.976843	     0.984999	     0.985073	      1.01508	      1.01362	
  1.39475e+08	     0.993891	     0.987822	     0.960661	     0.949680	     0.987743	     0.981802	     0.967743	     0.959627	     0.986020	     0.979850	      1.01464	      1.00768	
  1.39555e+08	     0.996830	     0.991237	     0.962013	     0.949611	     0.988711	     0.984409	     0.957099	     0.961262	     0.978510	     0.977001	      1.01254	      1.00933	
  1.39635e+08	     0.996411	     0.991638	     0.958576	     0.952829	     0.988225	     0.981707	     0.967258	     0.961430	     0.982763	     0.978916	      1.01705	      1.01462	
  1.39715e+08	     0.996962	     0.993192	     0.958723	     0.951730	     0.988654	     0.982151	     0.964796	     0.961927	     0.976784	     0.977614	      1.01138	      1.01357	
  1.39795e+08	     0.998707	     0.993450	     0.959504	     0.952078	     0.991712	     0.982146	     0.967176	     0.961140	     0.981252	     0.977039	      1.01307	      1.01500	
  1.39875e+08	     0.995387	     0.989451	     0.957837	     0.949133	     0.988368	     0.983088	     0.965984	     0.956347	     0.971922	     0.979871	      1.01220	      1.00980	
  1.39955e+08	     0.995628	     0.991092	     0.956008	     0.951439	     0.992484	     0.985698	     0.965655	     0.967109	     0.972667	     0.976442	      1.01115	      1.01015	
  1.40035e+08	     0.983580	     0.975557	     0.948314	     0.942205	     0.977069	     0.972338	     0.959262	     0.962436	     0.956813	     0.965902	     0.996601	     0.994305	
  1.40115e+08	      1.57524	      1.53502	      1.51928	      1.49017	      1.56349	      1.54371	      1.58950	      1.58754	      1.58417	      1.58404	      1.64707	      1.65079	
  1.40195e+08	      1.57341	      1.53368	      1.52286	      1.49481	      1.56410	      1.54621	      1.59955	      1.58940	      1.58286	      1.58280	      1.64918	      1.65017	
  1.40275e+08	     0.977697	     0.976184	     0.943263	     0.936289	     0.970598	     0.973123	     0.955657	     0.944263	     0.963727	     0.959550	     0.991588	     0.992624	
  1.40355e+08	     0.996972	     0.990479	     0.955824	     0.949366	     0.987742	     0.985161	     0.963797	     0.957464	     0.979984	     0.977291	      1.01385	      1.00439	
  1.40435e+08	     0.995827	     0.979421	     0.955309	     0.951258	     0.981341	     0.982869	     0.966307	     0.962760	     0.976315	     0.982382	      1.01292	      1.01163	
  1.40515e+08	     0.997284	     0.990246	     0.963085	     0.953848	     0.987267	     0.985005	     0.965345	     0.965321	     0.987618	     0.977382	      1.01250	      1.01047	
  1.40595e+08	     0.998495	     0.991926	     0.959512	     0.951873	     0.987224	     0.984465	     0.974777	     0.957455	     0.977259	     0.975137	      1.00915	      1.01073	
  1.40675e+08	      1.00225	     0.990968	     0.960253	     0.955999	     0.987696	     0.985790	     0.970796	     0.963325	     0.979823	     0.970725	      1.00897	      1.00952	
  1.40755e+08	     0.998545	     0.993361	     0.959265	     0.951762	     0.986236	     0.981238	     0.975176	     0.967348	     0.977866	     0.977298	      1.01302	      1.00595	
  1.40835e+08	     0.998733	     0.992118	     0.956735	     0.950946	     0.986078	     0.983420	     0.973144	     0.984912	     0.978000	     0.978336	      1.01469	     0.996308	
  1.40915e+08	     0.998601	     0.990128	     0.957598	     0.948222	     0.981451	     0.987369	     0.976205	     0.967671	     0.978317	     0.977210	      1.01866	      1.01007	
  1.40995e+08	     0.995404	     0.988268	     0.960449	     0.955096	     0.984918	     0.989322	     0.971338	     0.967700	     0.976814	     0.978404	      1.01344	      1.00692	
  1.41075e+08	     0.997478	     0.982345	     0.957349	     0.949542	     0.990443	     0.984428	     0.972351	     0.968908	     0.976957	     0.977102	      1.01170	      1.01379	
  1.41155e+08	     0.992038	     0.990180	     0.960028	     0.952837	     0.988532	     0.981609	     0.968288	     0.972046	     0.978003	     0.975491	      1.01053	      1.00932	
  1.41235e+08	     0.992369	     0.987868	     0.953913	     0.949772	     0.982808	     0.987888	     0.971919	     0.970118	     0.983629	     0.978893	      1.01697	      1.00945	
  1.41315e+08	     0.972830	     0.970376	     0.945025	     0.941742	     0.971470	     0.973595	     0.957979	     0.960198	     0.964903	     0.966163	     0.997627	     0.997951	
  1.41395e+08	      1.56767	      1.52798	      1.52291	      1.49463	      1.56011	      1.54307	      1.60164	      1.58575	      1.58338	      1.58115	      1.64573	      1.64730	
  1.41475e+08	      1.56680	      1.52956	      1.52948	      1.50101	      1.56410	      1.54730	      1.60774	      1.59159	      1.58802	      1.58177	      1.65374	      1.65157	
  1.41555e+08	     0.968920	     0.966491	     0.948786	     0.939308	     0.968699	     0.971249	     0.965474	     0.960832	     0.962720	     0.964306	     0.994787	     0.997106	
  1.41635e+08	     0.992121	     0.981895	     0.965060	     0.955258	     0.988298	     0.991636	     0.979702	     0.972971	     0.984416	     0.985524	      1.01065	      1.00913	
  1.41715e+08	     0.988321	     0.984722	     0.964873	     0.954498	     0.989762	     0.987457	     0.981406	     0.970498	     0.979366	     0.984398	      1.00921	      1.00711	
  1.41795e+08	     0.993344	     0.984679	     0.959407	     0.952634	     0.988329	     0.982953	     0.971373	     0.979905	     0.985585	     0.983735	      1.01429	      1.00913	
  1.41875e+08	     0.996039	     0.988311	     0.960693	     0.955179	     0.990516	     0.983159	     0.974161	     0.970037	     0.985458	     0.991110	      1.00482	      1.01017	
  1.41955e+08	     0.987006	     0.987344	     0.959430	     0.952774	     0.984447	     0.982085	     0.970800	     0.964914	     0.982645	     0.986216	      1.00902	      1.01476	
  1.42035e+08	     0.991641	     0.989317	     0.961595	     0.956130	     0.989640	     0.979827	     0.978710	     0.973300	     0.988036	     0.981246	      1.01802	      1.01075	
  1.42115e+08	     0.987882	     0.984776	     0.962278	     0.953758	     0.987231	     0.982628	     0.973508	     0.970888	     0.989452	     0.982004	      1.00911	      1.01746	
  1.42195e+08	     0.985506	     0.985156	     0.960788	     0.953702	     0.986415	     0.983260	     0.973713	     0.968524	     0.977066	     0.985013	      1.01217	      1.01084	
  1.42275e+08	     0.987405	     0.986569	     0.967766	     0.956466	     0.986798	     0.980689	     0.983605	     0.974253	     0.982390	     0.984506	      1.01256	      1.01107	
  1.42355e+08	     0.988220	     0.980941	     0.961132	     0.956053	     0.988992	     0.988348	     0.970446	     0.976961	     0.985593	     0.981566	      1.01300	      1.00661	
  1.42435e+08	     0.985844	     0.977618	     0.963731	     0.955305	     0.984985	     0.983145	     0.976663	     0.965911	     0.982910	     0.982344	      1.00939	      1.01421	
  1.42515e+08	     0.987441	     0.984661	     0.966475	     0.954366	     0.988783	     0.982894	     0.975907	     0.978946	     0.983868	     0.978574	      1.00727	      1.00779	
  1.42595e+08	     0.971739	     0.963514	     0.953201	     0.937114	     0.974219	     0.975256	     0.966756	     0.966858	     0.976917	     0.972479	     0.997943	      1.00264	
  1.42675e+08	      1.56238	      1.52510	      1.52877	      1.50192	      1.56334	      1.54864	      1.60434	      1.59032	      1.58640	      1.58793	      1.64854	      1.64974	
  1.42755e+08	      1.56877	      1.53007	      1.53638	      1.51133	      1.57076	      1.55436	      1.60159	      1.60778	      1.59352	      1.58864	      1.64997	      1.65357	
  1.42835e+08	     0.969861	     0.962177	     0.950767	     0.942873	     0.971424	     0.973181	     0.963003	     0.965666	     0.974677	     0.973869	     0.998787	     0.993884	
  1.42915e+08	     0.991866	     0.985481	     0.973061	     0.967500	     0.992251	     0.988569	     0.976354	     0.981840	     0.990950	     0.993955	      1.01214	      1.00643	
  1.42995e+08	     0.989192	     0.983448	     0.967722	     0.963737	     0.986983	     0.988673	     0.977637	     0.972285	     0.989741	     0.987720	      1.01325	      1.00693	
  1.43075e+08	     0.998421	     0.984799	     0.966711	     0.963856	     0.987821	     0.992049	     0.974415	     0.981647	     0.991561	     0.983888	      1.01350	      1.01262	
  1.43155e+08	     0.993856	     0.983718	     0.967149	     0.959214	     0.990605	     0.993125	     0.980599	     0.980853	     0.989297	     0.987697	      1.00906	      1.00876	
  1.43235e+08	     0.992556	     0.987656	     0.970071	     0.960779	     0.992294	     0.984287	     0.969634	     0.978441	     0.987513	     0.983537	      1.01077	      1.01156	
  1.43315e+08	     0.987057	     0.987235	     0.965701	     0.961421	     0.993661	     0.987486	     0.974965	     0.986433	     0.992810	     0.985848	      1.00892	      1.01363	
  1.43395e+08	     0.984789	     0.987071	     0.968885	     0.965267	     0.992565	     0.989772	     0.981711	     0.992458	     0.987127	     0.989253	      1.01302	      1.01233	
  1.43475e+08	     0.999891	     0.981664	     0.968324	     0.959667	     0.992014	     0.987105	     0.981349	     0.980164	     0.987263	     0.987892	      1.01736	      1.01566	
  1.43555e+08	     0.993229	     0.987381	     0.966747	     0.967948	     0.996760	     0.986626	     0.975223	     0.978131	     0.986624	     0.985445	      1.01410	      1.01454	
  1.43635e+08	     0.990130	     0.988038	     0.966096	     0.964706	     0.994152	     0.989824	     0.979023	     0.980085	     0.990373	     0.986025	      1.01605	      1.01158	
  1.43715e+08	     0.994312	     0.987219	     0.972484	     0.965349	     0.992952	     0.985659	     0.980516	     0.979906	     0.990635	     0.985283	      1.01297	      1.01596	
  1.43795e+08	     0.995341	     0.984875	     0.971859	     0.964888	     0.993660	     0.992106	     0.985019	     0.976464	     0.989958	     0.987780	      1.01381	      1.00921	
  1.43875e+08	     0.974919	     0.976366	     0.961768	     0.956337	     0.980819	     0.983581	     0.971370	     0.968479	     0.979666	     0.976961	      1.00182	      1.00048	
  1.43955e+08	      1.56764	      1.52995	      1.53801	      1.51404	      1.57976	      1.55600	      1.60848	      1.60787	      1.59318	      1.58344	      1.64241	      1.65658	
  1.44035e+08	      1.56946	      1.53548	      1.54650	      1.52639	      1.58087	      1.56476	      1.61887	      1.62214	      1.60111	      1.59764	      1.65565	      1.65843	
  1.44115e+08	     0.974443	     0.966663	     0.955731	     0.955017	     0.976271	     0.977939	     0.981629	     0.969153	     0.976880	     0.985873	      1.00287	      1.00133	
  1.44195e+08	     0.995527	     0.991317	     0.971641	     0.968088	     0.992247	     0.994668	     0.983168	     0.978815	     0.997968	      1.00125	      1.01794	      1.01362	
  1.44275e+08	     0.996056	     0.992057	     0.974106	     0.969268	     0.998138	     0.990172	     0.988371	     0.980222	     0.996497	     0.990796	      1.01470	      1.01193	
  1.44355e+08	     0.994458	     0.989095	     0.970115	     0.965351	     0.998789	     0.996019	     0.979629	     0.977621	     0.993259	     0.995085	      1.02197	      1.01569	
  1.44435e+08	     0.997009	     0.994527	     0.972379	     0.971126	     0.995692	     0.995354	     0.985455	     0.969467	     0.998691	      1.00399	      1.01995	      1.01367	
  1.44515e+08	     0.996846	     0.998000	     0.970746	     0.965030	      1.00089	     0.995624	     0.981181	     0.986935	      1.00220	     0.996754	      1.02708	      1.01683	
  1.44595e+08	     0.997653	     0.992212	     0.983207	     0.973661	     0.992508	     0.996826	     0.977444	     0.977124	      1.00394	     0.991882	      1.02349	      1.01634	
  1.44675e+08	     0.993413	     0.991283	     0.975559	     0.970683	     0.999369	     0.999516	     0.979392	     0.973884	      1.00704	      1.00158	      1.02018	      1.01547	
  1.44755e+08	     0.999447	     0.989642	     0.981039	     0.973787	      1.00428	     0.996756	     0.981738	     0.982587	     0.994964	     0.998256	      1.01789	      1.01491	
  1.44835e+08	     0.999493	     0.988296	     0.978080	     0.971159	      1.00186	     0.994786	     0.981270	     0.968905	      1.00477	      1.00172	      1.02084	      1.02029	
  1.44915e+08	     0.998987	     0.990353	     0.981786	     0.972767	     0.997831	     0.998300	     0.980219	     0.972716	      1.00515	     0.998140	      1.01807	      1.01353	
  1.44995e+08	     0.997277	     0.993130	     0.978492	     0.973443	     0.996183	      1.00105	     0.997264	     0.985189	     0.999732	     0.999211	      1.02061	      1.02111	
  1.45075e+08	      1.00623	     0.994439	     0.972157	     0.971454	      1.00066	     0.999897	     0.986501	     0.983575	     0.997960	      1.00044	      1.02062	      1.02140	
  1.45155e+08	     0.984608	     0.983966	     0.964126	     0.963095	     0.994152	     0.986382	     0.980244	     0.970933	     0.992585	     0.991706	      1.01288	      1.00724	
  1.45235e+08	      1.57086	      1.54056	      1.55155	      1.53847	      1.58327	      1.56985	      1.62561	      1.63226	      1.60918	      1.60596	      1.66569	      1.66098	
  1.45315e+08	      1.58232	      1.55254	      1.56862	      1.55455	      1.59939	      1.58610	      1.64062	      1.64618	      1.62194	      1.61384	      1.67982	      1.67684	
  1.45395e+08	     0.975921	     0.975722	     0.972046	     0.967788	     0.994152	     0.990878	     0.977828	     0.977530	     0.984112	     0.984655	      1.00934	      1.00643	
  1.45475e+08	      1.00922	     0.993092	     0.987754	     0.983997	      1.00968	      1.00454	     0.996865	     0.985231	      1.00078	      1.00075	      1.02625	      1.02146	
  1.45555e+08	      1.00245	      1.00245	     0.992170	     0.981746	      1.00592	      1.00152	     0.993035	     0.986960	      1.00479	     0.997498	      1.02503	      1.02777	
  1.45635e+08	      1.00983	     0.995748	     0.990501	     0.983449	      1.00648	      1.00798	     0.993837	     0.995582	      1.00896	      1.00080	      1.02642	      1.02282	
  1.45715e+08	      1.00100	      1.00238	     0.990209	     0.982084	      1.01044	      1.00410	      1.00114	     0.995287	      1.00654	      1.00066	      1.03137	      1.02630	
  1.45795e+08	      1.00293	      1.00337	     0.986692	     0.982863	      1.01518	      1.00592	      1.00146	     0.988791	      1.00557	      1.00587	      1.03104	      1.02414	
  1.45875e+08	      1.00827	      1.00163	     0.989615	     0.985794	      1.01246	      1.00692	      1.01219	     0.996075	      1.00800	      1.00667	      1.02961	      1.02708	
  1.45955e+08	      1.00683	      1.00509	     0.994809	     0.988569	      1.01527	      1.00652	      1.00093	     0.994378	      1.01012	      1.01411	      1.02927	      1.02015	
  1.46035e+08	      1.00726	      1.00371	     0.994505	     0.986939	      1.01311	      1.01469	     0.996475	     0.994715	      1.01489	      1.00488	      1.03020	      1.02576	
  1.46115e+08	      1.00944	      1.00351	     0.992488	     0.990493	      1.01317	      1.01032	      1.00509	      1.00385	      1.01621	      1.01162	      1.03370	      1.02598	
  1.46195e+08	      1.01027	      1.00707	     0.995826	     0.992691	      1.01709	      1.01177	      1.01404	     0.999664	      1.01068	      1.00389	      1.03551	      1.02268	
  1.46275e+08	      1.00907	      1.00709	     0.998959	     0.996151	      1.01445	      1.01172	      1.01108	     0.999571	      1.01145	      1.00589	      1.02831	      1.02568	
  1.46355e+08	      1.01148	     0.998947	     0.998620	     0.991406	      1.01971	      1.01711	      1.00424	      1.00427	      1.01804	      1.01518	      1.03088	      1.02411	
  1.46435e+08	     0.991746	     0.986510	     0.986806	     0.978379	      1.00607	      1.00189	      1.00125	     0.991006	      1.00188	      1.00135	      1.01364	      1.01189	
  1.46515e+08	      1.58350	      1.55695	      1.57380	      1.55947	      1.60523	      1.59385	      1.64598	      1.63908	      1.62677	      1.62424	      1.67037	      1.68271	
  1.46595e+08	      1.59270	      1.56937	      1.58751	      1.57627	      1.61916	      1.60961	      1.66543	      1.64190	      1.63963	      1.63580	      1.67646	      1.69425	
  1.46675e+08	     0.991902	     0.983742	     0.983064	     0.978350	      1.00947	      1.00297	      1.00077	     0.984400	     0.999244	     0.993315	      1.00767	      1.00638	
  1.46755e+08	      1.01019	      1.00711	      1.00511	      1.00394	      1.02568	      1.01438	      1.00769	      1.00901	      1.01949	      1.01567	      1.02654	      1.02267	
  1.46835e+08	      1.01202	      1.00495	      1.00382	      1.00460	      1.02402	      1.01724	      1.01912	      1.01133	      1.01608	      1.01075	      1.02593	      1.02159	
  1.46915e+08	      1.00687	      1.00564	      1.00063	     0.995943	      1.02579	      1.01387	      1.01765	      1.00257	      1.02185	      1.00890	      1.02839	      1.02327	
  1.46995e+08	      1.00928	      1.00779	      1.00859	      1.00180	      1.02224	      1.01520	      1.00752	      1.00619	      1.02139	      1.01602	      1.03163	      1.02571	
  1.47075e+08	      1.00659	      1.00437	      1.00772	      1.00403	      1.02649	      1.01649	      1.01477	      1.00686	      1.02101	      1.02124	      1.02926	      1.02707	
  1.47155e+08	      1.00469	      1.00611	      1.01173	      1.00651	      1.02716	      1.01687	      1.01610	      1.00755	      1.02030	      1.01482	      1.02882	      1.02687	
  1.47235e+08	      1.00941	      1.00658	      1.01222	      1.00674	      1.02759	      1.01593	      1.01233	      1.00782	      1.01515	      1.01938	      1.02606	      1.02812	
  1.47315e+08	      1.00349	      1.00362	      1.01003	      1.00653	      1.02364	      1.01772	      1.02618	      1.01046	      1.02253	      1.01901	      1.03397	      1.03061	
  1.47395e+08	      1.00921	      1.01171	      1.01046	      1.00662	      1.02870	      1.01720	      1.02155	      1.00985	      1.02088	      1.01393	      1.02986	      1.02360	
  1.47475e+08	      1.01364	      1.00566	      1.00781	      1.00603	      1.03099	      1.01852	      1.02432	      1.01578	      1.01928	      1.01789	      1.03169	      1.02897	
  1.47555e+08	      1.01588	      1.00602	      1.00158	      1.00637	      1.03129	      1.02072	      1.02081	      1.01068	      1.02178	      1.02152	      1.03443	      1.03563	
  1.47635e+08	      1.01418	      1.01361	      1.00948	      1.00822	      1.02977	      1.02042	      1.01968	      1.00962	      1.03023	      1.01944	      1.03744	      1.03699	
  1.47715e+08	     0.997652	     0.989097	     0.994413	     0.997731	      1.01465	      1.01300	      1.01056	      1.00347	      1.01031	      1.01085	      1.02672	      1.02401	
  1.47795e+08	      1.59413	      1.57325	      1.59311	      1.58663	      1.62346	      1.61558	      1.67194	      1.64700	      1.64704	      1.64766	      1.67234	      1.69598	
  1.47875e+08	      1.60192	      1.58370	      1.60636	      1.60149	      1.63393	      1.62836	      1.67957	      1.66200	      1.65711	      1.65854	      1.68036	      1.70520	
  1.47955e+08	     0.996310	     0.988542	     0.997188	     0.991669	      1.01553	      1.01159	      1.00495	     0.999216	      1.00846	      1.00854	      1.01860	      1.02013	
  1.48035e+08	      1.01392	      1.01018	      1.01278	      1.01332	      1.03065	      1.03006	      1.03021	      1.02217	      1.02917	      1.02324	      1.03566	      1.03920	
  1.48115e+08	      1.01384	      1.01418	      1.01084	      1.00919	      1.03454	      1.03405	      1.03250	      1.01899	      1.02354	      1.02590	      1.03643	      1.03893	
  1.48195e+08	      1.01219	      1.01259	      1.01294	      1.00725	      1.03686	      1.03061	      1.03242	      1.02167	      1.02826	      1.02694	      1.03197	      1.03414	
  1.48275e+08	      1.01465	      1.01092	      1.01304	      1.00876	      1.03707	      1.02723	      1.02905	      1.02074	      1.02264	      1.02934	      1.04256	      1.03796	
  1.48355e+08	      1.01677	      1.00901	      1.01436	      1.01303	      1.03540	      1.02876	      1.03627	      1.02305	      1.03259	      1.02737	      1.03650	      1.03426	
  1.48435e+08	      1.01682	      1.00885	      1.01059	      1.00931	      1.03575	      1.02628	      1.02775	      1.01790	      1.02938	      1.02923	      1.03698	      1.04025	
  1.48515e+08	      1.01631	      1.00410	      1.01465	      1.02185	      1.03863	      1.02201	      1.04060	      1.01684	      1.02874	      1.02304	      1.03628	      1.03144	
  1.48595e+08	      1.01150	      1.01283	      1.01345	      1.02220	      1.03136	      1.02572	      1.02873	      1.02730	      1.03340	      1.02591	      1.03571	      1.04056	
  1.48675e+08	      1.01518	      1.01881	      1.01724	      1.01005	      1.03769	      1.02937	      1.03017	      1.03648	      1.02794	      1.02763	      1.03858	      1.03905	
  1.48755e+08	      1.01564	      1.01083	      1.01748	      1.01423	      1.03751	      1.03290	      1.02837	      1.03651	      1.02875	      1.02922	      1.04030	      1.03908	
  1.48835e+08	      1.01665	      1.01082	      1.02073	      1.01210	      1.03698	      1.03375	      1.02897	      1.03433	      1.03308	      1.02435	      1.04239	      1.03559	
  1.48915e+08	      1.01761	      1.00983	      1.01361	      1.01876	      1.04240	      1.02700	      1.03337	      1.03149	      1.03366	      1.02643	      1.03945	      1.03741	
  1.48995e+08	      1.00404	     0.996483	      1.00478	      1.00546	      1.01995	      1.01847	      1.02591	      1.01727	      1.02276	      1.02524	      1.02852	      1.02404	
  1.49075e+08	      1.60219	      1.58338	      1.60848	      1.60631	      1.63629	      1.63198	      1.67841	      1.66798	      1.65881	      1.65886	      1.69078	      1.70585	
  1.49155e+08	      1.60695	      1.58867	      1.61801	      1.61710	      1.64227	      1.64119	      1.69037	      1.67679	      1.66492	      1.66029	      1.69326	      1.71804	
  1.49235e+08	     0.995647	     0.992517	      1.00590	      1.01041	      1.01856	      1.01615	      1.02902	      1.01564	      1.02160	      1.01815	      1.02819	      1.02300	
  1.49315e+08	      1.01887	      1.01727	      1.02764	      1.02728	      1.03908	      1.03358	      1.03670	      1.03603	      1.03771	      1.02922	      1.04063	      1.04115	
  1.49395e+08	      1.02131	      1.01743	      1.02804	      1.02454	      1.03316	      1.03183	      1.02797	      1.03519	      1.03552	      1.02969	      1.04147	      1.04085	
  1.49475e+08	      1.02073	      1.01441	      1.03047	      1.02706	      1.03630	      1.03236	      1.03731	      1.03628	      1.03701	      1.02910	      1.04142	      1.03795	
  1.49555e+08	      1.01788	      1.01818	      1.02610	      1.02436	      1.03205	      1.03287	      1.03520	      1.03326	      1.02856	      1.02999	      1.03950	      1.04162	
  1.49635e+08	      1.02265	      1.02091	      1.02744	      1.02377	      1.03262	      1.03009	      1.03860	      1.03526	      1.04061	      1.02803	      1.03127	      1.03897	
  1.49715e+08	      1.02395	      1.02279	      1.02349	      1.02017	      1.03657	      1.03197	      1.03623	      1.03282	      1.03297	      1.02929	      1.04118	      1.03807	
  1.49795e+08	      1.01999	      1.01955	      1.02554	      1.01137	      1.03126	      1.03415	      1.04034	      1.02075	      1.03398	      1.03253	      1.03361	      1.03784	
  1.49875e+08	      1.01859	      1.01673	      1.02324	      1.01797	      1.03515	      1.03111	      1.02934	      1.02415	      1.03270	      1.02850	      1.03732	      1.04001	
  1.49955e+08	      1.02527	      1.01440	      1.02140	      1.02241	      1.03502	      1.03594	      1.02786	      1.03579	      1.04028	      1.03237	      1.03934	      1.03968	
  1.50035e+08	      1.02497	      1.01288	      1.01896	      1.01755	      1.03452	      1.03230	      1.03328	      1.02089	      1.03466	      1.03091	      1.03631	      1.03579	
  1.50115e+08	      1.02258	      1.01636	      1.02194	      1.02161	      1.03777	      1.03931	      1.03453	      1.01916	      1.03205	      1.03015	      1.03976	      1.04280	
  1.50195e+08	      1.02277	      1.01527	      1.02358	      1.02025	      1.03412	      1.03473	      1.03215	      1.02483	      1.03739	      1.03187	      1.03020	      1.03578	
  1.50275e+08	      1.00346	      1.00306	      1.01318	      1.01121	      1.02477	      1.02129	      1.01396	      1.01925	      1.02232	      1.02295	      1.02322	      1.02905	
  1.50355e+08	      1.60416	      1.58695	      1.61950	      1.61564	      1.63814	      1.64093	      1.68822	      1.67386	      1.66422	      1.66080	      1.68884	      1.71100	
  1.50435e+08	      1.60289	      1.58801	      1.62060	      1.61838	      1.63719	      1.64530	      1.69181	      1.67479	      1.66349	      1.65841	      1.68510	      1.71857	
  1.50515e+08	      1.00594	     0.999422	      1.00779	      1.00833	      1.01916	      1.02036	      1.01392	      1.00555	      1.02260	      1.01536	      1.02452	      1.02741	
  1.50595e+08	      1.02293	      1.01631	      1.02118	      1.02483	      1.03761	      1.03749	      1.03871	      1.01978	      1.03916	      1.03084	      1.03926	      1.03867	
  1.50675e+08	      1.02327	      1.01728	      1.02281	      1.01969	      1.03394	      1.03660	      1.03083	      1.01802	      1.03626	      1.03304	      1.04168	      1.03587	
  1.50755e+08	      1.02207	      1.01685	      1.03079	      1.02361	      1.03297	      1.03458	      1.02485	      1.02555	      1.03471	      1.02910	      1.04313	      1.04188	
  1.50835e+08	      1.01911	      1.01612	      1.02720	      1.02308	      1.03653	      1.03867	      1.02118	      1.02768	      1.03993	      1.02718	      1.03745	      1.04067	
  1.50915e+08	      1.01868	      1.02267	      1.02349	      1.02115	      1.03509	      1.03714	      1.02297	      1.02637	      1.02924	      1.02961	      1.04078	      1.03175	
  1.50995e+08	      1.01756	      1.01795	      1.02862	      1.02549	      1.03053	      1.03267	      1.01805	      1.02063	      1.03162	      1.03289	      1.03562	      1.03476	
  1.51075e+08	      1.01364	      1.01472	      1.02626	      1.02599	      1.02740	      1.03041	      1.02702	      1.01564	      1.03574	      1.03288	      1.04340	      1.03155	
  1.51155e+08	      1.02365	      1.01838	      1.02935	      1.02179	      1.03665	      1.03084	      1.02317	      1.03065	      1.03955	      1.03233	      1.02999	      1.03854	
  1.51235e+08	      1.01581	      1.01384	      1.02605	      1.02114	      1.02766	      1.03281	      1.02622	      1.02802	      1.04179	      1.02903	      1.03129	      1.03366	
  1.51315e+08	      1.01668	      1.01277	      1.02490	      1.01680	      1.03352	      1.03211	      1.01693	      1.02080	      1.03569	      1.02670	      1.03312	      1.03572	
  1.51395e+08	      1.01585	      1.01632	      1.02103	      1.01958	      1.02962	      1.03003	      1.02455	      1.02778	      1.03334	      1.02713	      1.02622	      1.02774	
  1.51475e+08	      1.01316	      1.01451	      1.02348	      1.01905	      1.02856	      1.03212	      1.02095	      1.01665	      1.02398	      1.02863	      1.02992	      1.02787	
  1.51555e+08	     0.997750	      1.00019	      1.00944	      1.00924	      1.01826	      1.02111	      1.01058	      1.01654	      1.02453	      1.01819	      1.01381	      1.02146	
  1.51635e+08	      1.59800	      1.58313	      1.61426	      1.61841	      1.63044	      1.64042	      1.67737	      1.67449	      1.65707	      1.65185	      1.67309	      1.71389	
  1.51715e+08	      1.59376	      1.58189	      1.61274	      1.61899	      1.62715	      1.64273	      1.66688	      1.66838	      1.65122	      1.65391	      1.66736	      1.70611	
  1.51795e+08	     0.999348	     0.995523	      1.00984	      1.00407	      1.00760	      1.01970	      1.01667	      1.01074	      1.01642	      1.01908	      1.01339	      1.01821	
  1.51875e+08	      1.01479	      1.01588	      1.02498	      1.01672	      1.03240	      1.03039	      1.03364	      1.02728	      1.03583	      1.02999	      1.03304	      1.03339	
  1.51955e+08	      1.02417	      1.01776	      1.02561	      1.01840	      1.02710	      1.02970	      1.03708	      1.03685	      1.03153	      1.03083	      1.03580	      1.03329	
  1.52035e+08	      1.01004	      1.01127	      1.01924	      1.01901	      1.02965	      1.03316	      1.02808	      1.02354	      1.02935	      1.02854	      1.02724	      1.03527	
  1.52115e+08	      1.01236	      1.01861	      1.02065	      1.01526	      1.02367	      1.03342	      1.02781	      1.01762	      1.03187	      1.03081	      1.03482	      1.02847	
  1.52195e+08	      1.01607	      1.01524	      1.01935	      1.01483	      1.02436	      1.02592	      1.01747	      1.02520	      1.03270	      1.02839	      1.03096	      1.02765	
  1.52275e+08	      1.01634	      1.02186	      1.01946	      1.01706	      1.02741	      1.02848	      1.02904	      1.02127	      1.03032	      1.03214	      1.02184	      1.02371	
  1.52355e+08	      1.01063	      1.01451	      1.01702	      1.02099	      1.02554	      1.02785	      1.02799	      1.01443	      1.02645	      1.02453	      1.02391	      1.02498	
  1.52435e+08	      1.01309	      1.01333	      1.02046	      1.02112	      1.02728	      1.02721	      1.02838	      1.01936	      1.03468	      1.02774	      1.02625	      1.02745	
  1.52515e+08	      1.01320	      1.01616	      1.01776	      1.02277	      1.02311	      1.02233	      1.00814	      1.02230	      1.02694	      1.02629	      1.02278	      1.03076	
  1.52595e+08	      1.00788	      1.01306	      1.01594	      1.02100	      1.02213	      1.02654	      1.02121	      1.01699	      1.02538	      1.02148	      1.02046	      1.03060	
  1.52675e+08	      1.01289	      1.01353	      1.01867	      1.01808	      1.02460	      1.02171	      1.01896	      1.01602	      1.02258	      1.02965	      1.02354	      1.02364	
  1.52755e+08	      1.01007	      1.01548	      1.02063	      1.01510	      1.02762	      1.02560	      1.01506	      1.01493	      1.02608	      1.03030	      1.02260	      1.02788	
  1.52835e+08	     0.994130	     0.992900	      1.00733	      1.00526	      1.01429	      1.01381	      1.00232	      1.00882	      1.01434	      1.01726	      1.00897	      1.00813	
  1.52915e+08	      1.58680	      1.57537	      1.60891	      1.61065	      1.61921	      1.63110	      1.66075	      1.66298	      1.64750	      1.64786	      1.65524	      1.69551	
  1.52995e+08	      1.58122	      1.57227	      1.60443	      1.61056	      1.61162	      1.62287	      1.64608	      1.66320	      1.64070	      1.64069	      1.64835	      1.68829	
  1.53075e+08	     0.994115	     0.995738	     0.996567	      1.00354	      1.00500	      1.00701	      1.00094	     0.995500	      1.00722	      1.00157	      1.00650	      1.00850	
  1.53155e+08	      1.00468	      1.01529	      1.01319	      1.01353	      1.02197	      1.02796	      1.01560	      1.02731	      1.01871	      1.02539	      1.02201	      1.02053	
  1.53235e+08	      1.00717	      1.01448	      1.01267	      1.01429	      1.02121	      1.02254	      1.01236	      1.01783	      1.02418	      1.01558	      1.01519	      1.01984	
  1.53315e+08	      1.01028	      1.01577	      1.01121	      1.01763	      1.02360	      1.01602	      1.02529	      1.02400	      1.02711	      1.02374	      1.02105	      1.02086	
  1.53395e+08	      1.00898	      1.01613	      1.01623	      1.01447	      1.01951	      1.02129	      1.01334	      1.02558	      1.02161	      1.02220	      1.02048	      1.01876	
  1.53475e+08	      1.00840	      1.01283	      1.01469	      1.01410	      1.02356	      1.01884	      1.01045	      1.02316	      1.02366	      1.02610	      1.02097	      1.01650	
  1.53555e+08	      1.00903	      1.01343	      1.01968	      1.01484	      1.01471	      1.01245	      1.01038	      1.01728	      1.01763	      1.02003	      1.01684	      1.01400	
  1.53635e+08	      1.00469	      1.00530	      1.01876	      1.01367	      1.01001	      1.02019	      1.01950	      1.01356	      1.02595	      1.02356	      1.02077	      1.01570	
  1.53715e+08	      1.00645	      1.01295	      1.01637	      1.01235	      1.01626	      1.01857	      1.01301	      1.01050	      1.02796	      1.02721	      1.01496	      1.01571	
  1.53795e+08	      1.00599	      1.00694	      1.01350	      1.01173	      1.01754	      1.02054	      1.01518	      1.01694	      1.02080	      1.02361	      1.01854	      1.01582	
  1.53875e+08	      1.00722	      1.00788	      1.01300	      1.01107	      1.02149	      1.01733	      1.00823	      1.02038	      1.01957	      1.02141	      1.01546	      1.01781	
  1.53955e+08	      1.00778	      1.00749	      1.01123	      1.01029	      1.02391	      1.01927	      1.00868	      1.01264	      1.02462	      1.02238	      1.00825	      1.02430	
  1.54035e+08	      1.00076	      1.00261	      1.01305	      1.01300	      1.01307	      1.02272	      1.01993	      1.00591	      1.02362	      1.02358	      1.00664	      1.01348	
  1.54115e+08	     0.983165	     0.986319	     0.996934	      1.00515	      1.00378	      1.00827	     0.997098	      1.00442	      1.00655	      1.01269	     0.999415	      1.00132	
  1.54195e+08	      1.57326	      1.56928	      1.60068	      1.60951	      1.60422	      1.61431	      1.64070	      1.65643	      1.62826	      1.64063	      1.64311	      1.67984	
  1.54275e+08	      1.57199	      1.56692	      1.60103	      1.60872	      1.60142	      1.61633	      1.64110	      1.63579	      1.62690	      1.63578	      1.63365	      1.67284	
  1.54355e+08	     0.977338	     0.978530	     0.999448	     0.996308	      1.00156	      1.00248	     0.994020	     0.995400	      1.00169	      1.01222	     0.985430	      1.00082	
  1.54435e+08	      1.00150	      1.00275	      1.01521	      1.01707	      1.01373	      1.01638	      1.01440	      1.00582	      1.01383	      1.02191	      1.01148	      1.01506	
  1.54515e+08	     0.996917	      1.00644	      1.01362	      1.01333	      1.01289	      1.01084	      1.01245	      1.01402	      1.01419	      1.01756	      1.01105	      1.01234	
  1.54595e+08	     0.999687	      1.01143	      1.01102	      1.01240	      1.00995	      1.01488	      1.01581	      1.00669	      1.01523	      1.01982	      1.01266	      1.01393	
  1.54675e+08	     0.993517	      1.01026	      1.01152	      1.01234	      1.00871	      1.01556	      1.01553	      1.00777	      1.01233	      1.01722	      1.00679	      1.01261	
  1.54755e+08	     0.995725	      1.00737	      1.00633	      1.01051	      1.01466	      1.02150	      1.00337	      1.00669	      1.01856	      1.01826	      1.01160	      1.00861	
  1.54835e+08	      1.00001	      1.00977	      1.00899	      1.00844	      1.01389	      1.01929	      1.00263	      1.01036	      1.01450	      1.01247	      1.00985	      1.00427	
  1.54915e+08	      1.00039	      1.00623	      1.01344	      1.00784	      1.01582	      1.01842	      1.01226	      1.00912	      1.01789	      1.01400	      1.01393	      1.00682	
  1.54995e+08	     0.994799	      1.00480	      1.01148	      1.00945	      1.01429	      1.01395	      1.01203	      1.01020	      1.01338	      1.01285	      1.01203	      1.00600	
  1.55075e+08	     0.992291	      1.00190	      1.01335	      1.01651	      1.01522	      1.01471	      1.00427	      1.01393	      1.00997	      1.01112	      1.00997	      1.00906	
  1.55155e+08	      1.00341	      1.00337	      1.01492	      1.01341	      1.01238	      1.00761	      1.01311	      1.01435	      1.01390	      1.01460	      1.01053	      1.00497	
  1.55235e+08	     0.997645	     0.998747	      1.01257	      1.01047	      1.01326	      1.01301	      1.00909	      1.01074	      1.01151	      1.01380	      1.00722	      1.00698	
  1.55315e+08	     0.997968	     0.998503	      1.01046	      1.00822	      1.01388	      1.01320	      1.00895	      1.00426	      1.01245	      1.01422	      1.00652	      1.00555	
  1.55395e+08	     0.979703	     0.986373	     0.992630	     0.994536	      1.00052	      1.00044	     0.998928	     0.995374	      1.00248	      1.00549	     0.997631	     0.996094	
  1.55475e+08	      1.56927	      1.56509	      1.59379	      1.60275	      1.59689	      1.60977	      1.63647	      1.62648	      1.61741	      1.63117	      1.63211	      1.66187	
  1.55555e+08	      1.57310	      1.56826	      1.59506	      1.60712	      1.59612	      1.60883	      1.63438	      1.62588	      1.61461	      1.62633	      1.62727	      1.65664	
  1.55635e+08	     0.978264	     0.974444	     0.991369	     0.994810	     0.995111	     0.993951	     0.986591	     0.992018	      1.00240	      1.00378	     0.990068	     0.992963	
  1.55715e+08	     0.994945	     0.997608	      1.00708	      1.01801	      1.01276	      1.01082	      1.00557	      1.00600	      1.01860	      1.01465	     0.997209	      1.00305	
  1.55795e+08	     0.996513	     0.995885	      1.00775	      1.01303	      1.01009	      1.01359	      1.01103	     0.996985	      1.01523	      1.01455	     0.996051	      1.00215	
  1.55875e+08	     0.994716	     0.998158	      1.01429	      1.01162	      1.00526	      1.01091	     0.998198	      1.00971	      1.01938	      1.01897	      1.00245	      1.00250	
  1.55955e+08	     0.993662	     0.998786	      1.01320	      1.01388	      1.01347	      1.01292	      1.00415	      1.00356	      1.01593	      1.01685	      1.00772	      1.00352	
  1.56035e+08	     0.988648	     0.995990	      1.00882	      1.01119	      1.00857	      1.01276	      1.00910	      1.00461	      1.01822	      1.01873	     0.999026	      1.00432	
  1.56115e+08	     0.991970	     0.997742	      1.01438	      1.00768	      1.01002	      1.00916	      1.01859	      1.01488	      1.01419	      1.01268	      1.00218	      1.00364	
  1.56195e+08	     0.994382	     0.996145	      1.01262	      1.01386	      1.00190	      1.01053	      1.01076	      1.01009	      1.01083	      1.01291	     0.998818	     0.998105	
  1.56275e+08	     0.994342	     0.996495	      1.01319	      1.01307	      1.00737	      1.00697	      1.01521	      1.01730	      1.00777	      1.01052	     0.998629	     0.997319	
  1.56355e+08	     0.997831	      1.00020	      1.00747	      1.01068	      1.00131	      1.00602	      1.02243	      1.01704	      1.01011	      1.00752	     0.999017	      1.00212	
  1.56435e+08	      1.00151	     0.993918	      1.00762	      1.01348	      1.00449	      1.00813	      1.02228	      1.01743	      1.00372	      1.00363	     0.992625	      1.00032	
  1.56515e+08	      1.00274	     0.998734	      1.01210	      1.01131	      1.00573	      1.00752	      1.01777	      1.02327	      1.00911	      1.01048	     0.993277	     0.996535	
  1.56595e+08	      1.00103	     0.993452	      1.01300	      1.01404	      1.00325	      1.00584	      1.00934	      1.02173	      1.01051	      1.00950	     0.995242	     0.992046	
  1.56675e+08	     0.987229	     0.982217	      1.00008	      1.00071	     0.989398	     0.990031	      1.00935	      1.01036	      1.00437	      1.00021	     0.982209	     0.982988	
  1.56755e+08	      1.57221	      1.56715	      1.59712	      1.61137	      1.59140	      1.60144	      1.62974	      1.62885	      1.61112	      1.62532	      1.62240	      1.65252	
  1.56835e+08	      1.57720	      1.57284	      1.60143	      1.61542	      1.59208	      1.60497	      1.63079	      1.62766	      1.61601	      1.62713	      1.61608	      1.65005	
  1.56915e+08	     0.979599	     0.973050	     0.989789	     0.995700	     0.989111	     0.991247	     0.997330	     0.999203	     0.994710	     0.997919	     0.976540	     0.982713	
  1.56995e+08	     0.993572	     0.998778	      1.01312	      1.00777	      1.00536	      1.00696	      1.01747	      1.01857	      1.01167	      1.01611	     0.994864	     0.997944	
  1.57075e+08	     0.998161	     0.996623	      1.01333	      1.01559	      1.00138	      1.00887	      1.02107	      1.01209	      1.01183	      1.01054	     0.993202	     0.993569	
  1.57155e+08	     0.994916	      1.00210	      1.01576	      1.01479	      1.00349	      1.00884	      1.01111	      1.01294	      1.01661	      1.01192	     0.991412	     0.995016	
  1.57235e+08	     0.998326	     0.996297	      1.01709	      1.01632	      1.00551	      1.01068	      1.01212	      1.00879	      1.00790	      1.01025	     0.995570	     0.999947	
  1.57315e+08	      1.00082	      1.00055	      1.01850	      1.02074	      1.00252	      1.00768	      1.01409	      1.00924	      1.01193	      1.00580	     0.996998	     0.994310	
  1.57395e+08	     0.997833	      1.00010	      1.01806	      1.01852	      1.00305	      1.00228	      1.00996	      1.01427	      1.00918	      1.00752	     0.995965	     0.997210	
  1.57475e+08	      1.00100	      1.00189	      1.02065	      1.02111	      1.00444	      1.00578	      1.00698	      1.00927	      1.01242	      1.01006	     0.994696	     0.999440	
  1.57555e+08	      1.00238	      1.00236	      1.02120	      1.01532	      1.00160	      1.00674	      1.00623	      1.00332	      1.00831	      1.00726	     0.995955	     0.999670	
  1.57635e+08	     0.998726	      1.00177	      1.02047	      1.02331	     0.999024	      1.00728	      1.00118	      1.00625	      1.00556	      1.00874	      1.00088	     0.994091	
  1.57715e+08	      1.00036	     0.998959	      1.01933	      1.01634	     0.998171	      1.00258	      1.00633	      1.00329	      1.00526	      1.01062	      1.00534	     0.995141	
  1.57795e+08	     0.995108	     0.999176	      1.01431	      1.01633	      1.00183	      1.01146	      1.00245	      1.00882	      1.00613	      1.00758	      1.00262	     0.997653	
  1.57875e+08	     0.998782	     0.992793	      1.01377	      1.01693	      1.00240	      1.00427	      1.00505	     0.997902	      1.00344	      1.00825	     0.992371	     0.994903	
  1.57955e+08	     0.983343	     0.987651	      1.00179	      1.00610	     0.991796	     0.992229	     0.994414	     0.998758	     0.994915	     0.996149	     0.986779	     0.981591	
  1.58035e+08	      1.57757	      1.57326	      1.59955	      1.61904	      1.59013	      1.60634	      1.63015	      1.62352	      1.61297	      1.62835	      1.61378	      1.65035	
  1.58115e+08	      1.58373	      1.58166	      1.60637	      1.62599	      1.59422	      1.61340	      1.63792	      1.62557	      1.62151	      1.63445	      1.60773	      1.65396	
  1.58195e+08	     0.988838	     0.978756	      1.00464	      1.01043	     0.991345	     0.994505	      1.00063	     0.995411	     0.987443	     0.997271	     0.978108	     0.974086	
  1.58275e+08	      1.00351	      1.00413	      1.02184	      1.02445	      1.00853	      1.01156	      1.01157	      1.01595	      1.00968	      1.01137	     0.994867	     0.991891	
  1.58355e+08	      1.00985	      1.00602	      1.02259	      1.02270	      1.00831	      1.01013	      1.01252	      1.01489	      1.01430	      1.01226	     0.994143	     0.999915	
  1.58435e+08	      1.00967	      1.01108	      1.01900	      1.02351	      1.00506	      1.01252	      1.01612	      1.00527	      1.01096	      1.01091	     0.998453	     0.998974	
  1.58515e+08	      1.00402	      1.00261	      1.02775	      1.02251	      1.01022	      1.01173	      1.02065	      1.01249	      1.00618	      1.00933	     0.999024	     0.991151	
  1.58595e+08	      1.00406	      1.00952	      1.02201	      1.02324	      1.00304	      1.01409	      1.01691	      1.00530	      1.00798	      1.00891	     0.997866	     0.996138	
  1.58675e+08	      1.01145	      1.00377	      1.02288	      1.02679	      1.00373	      1.00838	      1.01585	      1.00468	      1.00646	      1.00969	     0.996271	     0.991406	
  1.58755e+08	      1.00526	      1.01524	      1.01937	      1.02798	      1.00773	      1.01124	     0.996229	     0.995363	      1.00933	      1.01128	     0.989216	     0.995874	
  1.58835e+08	      1.01497	      1.01050	      1.02013	      1.02670	      1.00333	      1.00914	      1.01242	      1.00892	      1.01083	      1.01024	     0.991038	     0.989358	
  1.58915e+08	      1.00836	      1.00239	      1.01914	      1.02207	      1.00321	      1.00778	      1.01618	      1.00368	      1.00657	      1.00973	     0.996004	     0.988352	
  1.58995e+08	      1.00897	      1.00818	      1.02340	      1.02064	      1.00487	      1.00496	      1.00920	      1.01500	      1.01190	      1.01421	     0.994442	     0.991146	
  1.59075e+08	      1.00589	      1.01245	      1.02399	      1.02542	      1.00207	      1.00914	      1.00725	      1.01301	      1.01582	      1.00965	     0.996499	     0.994454	
  1.59155e+08	      1.01219	      1.01045	      1.02133	      1.02026	      1.00369	      1.00973	     0.999559	      1.00845	      1.01061	      1.00888	     0.999342	     0.998342	
  1.59235e+08	     0.993140	     0.992339	      1.00301	      1.00803	     0.992609	     0.998398	     0.997864	     0.999938	     0.995077	     0.998957	     0.979950	     0.980907	
  1.59315e+08	      1.58447	      1.58282	      1.60774	      1.62399	      1.59351	      1.61300	      1.63646	      1.62545	      1.62160	      1.63412	      1.59838	      1.65020	
  1.59395e+08	      1.59096	      1.58901	      1.61255	      1.63383	      1.59662	      1.61661	      1.64247	      1.63636	      1.62080	      1.64008	      1.59544	      1.64778	
  1.59475e+08	     0.990144	     0.986780	     0.996229	      1.00519	     0.987384	     0.994571	     0.997934	      1.00650	     0.992860	     0.991253	     0.975387	     0.977788	
  1.59555e+08	      1.00885	      1.01320	      1.01679	      1.02341	      1.00613	      1.00996	      1.01165	      1.00618	      1.00355	      1.00996	     0.990969	     0.988083	
  1.59635e+08	      1.00613	      1.00650	      1.01672	      1.02010	      1.00442	      1.00602	      1.02890	      1.01318	      1.00446	      1.00677	     0.989579	     0.989840	
  1.59715e+08	      1.01172	      1.01023	      1.02016	      1.01860	      1.00838	      1.00924	      1.01868	      1.02080	      1.00578	      1.00932	     0.992403	     0.991653	
  1.59795e+08	      1.01239	      1.01465	      1.01767	      1.02192	      1.01036	      1.01277	      1.02372	      1.01869	      1.00761	      1.01150	     0.990457	     0.995822	
  1.59875e+08	      1.00750	      1.01242	      1.02255	      1.02034	      1.00349	      1.01228	      1.01858	      1.00952	      1.00714	      1.00828	     0.993629	     0.995780	
  1.59955e+08	      1.01216	      1.01338	      1.01697	      1.02151	      1.00527	      1.00858	      1.01630	      1.00800	      1.00655	      1.00770	     0.999083	     0.985575	
  1.60035e+08	      1.00521	      1.01042	      1.02223	      1.02220	      1.00343	      1.01328	      1.01590	      1.01452	      1.00568	      1.00326	     0.993738	     0.988505	
  1.60115e+08	      1.00538	      1.01515	      1.01918	      1.02283	      1.00463	      1.01221	      1.02345	      1.01727	      1.00412	      1.00514	     0.989681	     0.992023	
  1.60195e+08	      1.00950	      1.00980	      1.01600	      1.01827	      1.00453	      1.00685	      1.01777	      1.02532	      1.00675	      1.01190	     0.987890	     0.988873	
  1.60275e+08	      1.00362	      1.01244	      1.01402	      1.02297	      1.00824	      1.01152	      1.02193	      1.01189	      1.01042	      1.01327	     0.986827	     0.985487	
  1.60355e+08	      1.00513	      1.00996	      1.01961	      1.02421	      1.00130	      1.00017	      1.01912	      1.01095	      1.01392	      1.00953	     0.988642	     0.986875	
  1.60435e+08	      1.00210	      1.00766	      1.01506	      1.02820	      1.00093	      1.00429	      1.02112	      1.02380	      1.01013	      1.01162	     0.991839	     0.981418	
  1.60515e+08	     0.993052	     0.994411	      1.00555	      1.01349	     0.989882	     0.996639	      1.00048	      1.01259	     0.997745	      1.00154	     0.978538	     0.973768	
  1.60595e+08	      1.59157	      1.59142	      1.61562	      1.64312	      1.59483	      1.61033	      1.64123	      1.64108	      1.62033	      1.63669	      1.59482	      1.64322	
  1.60675e+08	      1.59611	      1.59727	      1.61933	      1.64828	      1.59740	      1.61274	      1.64290	      1.64674	      1.61308	      1.63907	      1.59524	      1.64126	
  1.60755e+08	     0.986453	     0.993081	      1.00820	      1.01037	     0.989455	     0.991735	     0.993607	      1.00350	     0.989821	     0.998532	     0.968588	     0.967652	
  1.60835e+08	      1.00922	      1.00841	      1.01693	      1.02431	      1.00651	      1.01108	      1.01033	      1.01759	      1.00547	      1.01248	     0.986840	     0.985192	
  1.60915e+08	      1.00892	      1.01019	      1.02322	      1.02925	      1.00527	      1.00751	      1.01760	      1.02232	      1.00759	      1.00906	     0.984324	     0.985940	
  1.60995e+08	      1.00453	      1.01072	      1.01947	      1.02717	      1.00476	      1.00881	      1.02098	      1.01741	      1.00836	      1.00646	     0.984246	     0.983849	
  1.61075e+08	      1.00592	      1.01354	      1.02140	      1.02748	      1.00390	      1.01076	      1.01441	      1.01000	      1.01014	      1.00425	     0.976492	     0.981858	
  1.61155e+08	      1.00643	      1.00827	      1.02223	      1.02311	      1.00479	      1.00890	      1.00774	      1.01017	      1.00497	      1.00461	     0.980502	     0.982542	
  1.61235e+08	      1.00551	      1.01116	      1.02160	      1.02900	      1.00481	      1.00474	      1.00637	      1.01440	     0.998128	      1.00744	     0.984104	     0.984389	
  1.61315e+08	      1.00814	      1.01412	      1.02611	      1.02558	      1.00133	     0.999463	      1.00883	      1.01770	     0.997050	      1.00454	     0.986415	     0.984977	
  1.61395e+08	      1.00913	      1.01523	      1.02409	      1.02620	      1.00266	     0.998129	      1.01657	      1.01866	     0.995796	     0.998097	     0.978827	     0.987735	
  1.61475e+08	      1.00820	      1.01071	      1.03092	      1.02702	      1.00616	      1.00620	      1.00951	      1.01927	     0.994992	      1.00026	     0.979856	     0.981632	
  1.61555e+08	      1.01145	      1.01981	      1.02706	      1.02759	     0.999640	      1.00249	      1.01291	      1.01434	      1.00264	      1.00036	     0.975320	     0.982738	
  1.61635e+08	      1.00436	      1.01488	      1.02670	      1.02221	      1.00265	      1.00446	      1.01200	      1.01148	     0.998360	      1.00130	     0.975944	     0.982205	
  1.61715e+08	      1.00405	      1.01206	      1.02342	      1.02151	      1.00295	      1.00130	      1.00731	      1.01580	     0.999631	     0.999728	     0.977912	     0.980839	
  1.61795e+08	     0.989025	     0.998511	      1.01037	      1.01084	     0.984939	     0.990982	      1.00083	     0.999362	     0.987564	     0.988329	     0.961699	     0.966000	
  1.61875e+08	      1.59354	      1.59618	      1.61232	      1.64412	      1.59484	      1.61061	      1.64070	      1.63939	      1.61073	      1.63199	      1.59023	      1.63443	
  1.61955e+08	      1.59483	      1.59863	      1.61277	      1.64495	      1.59262	      1.60892	      1.64010	      1.63560	      1.60919	      1.62753	      1.58792	      1.62961	
  1.62035e+08	     0.988889	     0.989913	     0.998337	      1.00988	     0.982373	     0.986589	      1.00481	     0.997300	     0.983233	     0.987092	     0.961483	     0.965517	
  1.62115e+08	      1.00489	      1.00844	      1.01743	      1.02577	     0.996058	      1.00556	      1.00787	      1.01262	     0.999240	      1.00454	     0.972414	     0.979718	
  1.62195e+08	      1.00625	      1.00992	      1.01937	      1.02386	     0.995174	      1.00255	      1.00899	      1.01964	      1.00220	      1.00159	     0.974593	     0.976749	
  1.62275e+08	     0.999181	      1.00620	      1.02217	      1.02622	     0.991787	      1.00359	      1.01146	      1.01121	     0.996702	     0.997875	     0.969563	     0.978964	
  1.62355e+08	      1.00270	      1.01785	      1.02527	      1.01925	     0.998558	     0.999856	      1.01163	      1.00685	     0.997595	     0.995264	     0.978384	     0.977400	
  1.62435e+08	      1.00352	      1.01267	      1.01863	      1.01942	     0.997196	      1.00030	      1.00384	      1.01187	      1.00169	      1.00443	     0.974178	     0.972576	
  1.62515e+08	      1.00287	      1.01630	      1.02062	      1.01724	     0.997976	      1.00136	      1.00133	      1.00900	     0.997178	     0.996927	     0.970328	     0.973324	
  1.62595e+08	      1.00460	      1.00960	      1.02046	      1.02197	     0.996269	     0.996011	      1.00070	      1.00741	     0.996524	     0.996798	     0.965518	     0.966965	
  1.62675e+08	      1.00673	      1.01667	      1.01194	      1.02086	     0.999773	     0.998599	      1.00139	      1.00361	     0.997263	     0.998857	     0.971432	     0.970673	
  1.62755e+08	      1.00353	      1.01451	      1.01509	      1.02163	     0.998338	     0.993726	      1.00382	      1.00624	      1.00051	     0.996982	     0.967164	     0.970974	
  1.62835e+08	      1.00497	      1.01567	      1.01870	      1.02261	     0.991642	     0.998591	      1.02072	      1.02196	     0.998594	     0.997224	     0.971314	     0.968247	
  1.62915e+08	      1.00493	      1.01735	      1.01424	      1.02101	     0.998327	     0.995823	      1.01497	      1.01570	     0.995079	     0.995417	     0.967652	     0.968103	
  1.62995e+08	      1.00288	      1.01564	      1.02041	      1.01931	     0.988824	     0.997580	      1.00685	      1.02079	     0.999575	     0.991707	     0.966322	     0.969322	
  1.63075e+08	     0.993016	     0.994070	      1.00551	      1.00385	     0.979250	     0.987410	     0.998925	     0.997429	     0.986802	     0.982553	     0.945487	     0.953915	
  1.63155e+08	      1.59157	      1.59465	      1.61251	      1.63826	      1.58538	      1.60046	      1.62962	      1.62891	      1.60141	      1.62589	      1.57275	      1.61785	
  1.63235e+08	      1.59195	      1.59486	      1.61018	      1.63581	      1.57936	      1.59405	      1.62951	      1.62901	      1.59845	      1.62004	      1.56588	      1.61166	
  1.63315e+08	     0.990137	     0.987795	      1.00413	      1.00629	     0.971062	     0.977191	     0.984124	      1.00101	     0.971550	     0.979299	     0.943359	     0.946601	
  1.63395e+08	      1.00249	      1.01319	      1.01998	      1.01844	     0.992197	     0.994086	      1.00176	      1.01232	     0.993865	     0.996508	     0.962777	     0.967077	
  1.63475e+08	      1.00662	      1.01696	      1.01742	      1.01680	     0.993115	     0.995177	      1.00064	      1.00878	     0.995457	     0.986726	     0.966876	     0.967192	
  1.63555e+08	      1.01170	      1.01350	      1.01454	      1.01649	     0.994822	     0.990328	     0.992995	      1.00153	     0.990372	     0.992750	     0.960316	     0.968111	
  1.63635e+08	      1.00348	      1.01549	      1.01531	      1.01412	     0.997456	     0.989998	      1.00019	      1.00956	     0.982542	     0.992619	     0.960991	     0.966949	
  1.63715e+08	      1.01272	      1.01899	      1.01163	      1.01417	     0.990135	     0.990744	     0.993770	      1.00917	     0.988794	     0.996546	     0.960832	     0.966738	
  1.63795e+08	      1.00828	      1.01435	      1.00932	      1.01621	     0.985825	     0.991415	     0.998890	      1.00814	     0.984498	     0.990182	     0.956116	     0.965675	
  1.63875e+08	      1.00832	      1.01258	      1.02051	      1.01147	     0.985108	     0.989536	      1.00669	     0.998954	     0.984177	     0.984665	     0.949592	     0.956870	
  1.63955e+08	      1.00646	      1.01314	      1.01596	      1.02167	     0.985244	     0.993250	      1.00274	      1.00110	     0.984789	     0.985473	     0.953854	     0.961240	
  1.64035e+08	      1.00355	      1.01217	      1.01823	      1.01400	     0.982955	     0.989513	     0.997246	      1.00797	     0.982830	     0.985680	     0.949864	     0.952537	
  1.64115e+08	      1.00214	      1.01119	      1.01108	      1.01119	     0.983318	     0.989213	      1.00756	      1.00418	     0.987540	     0.988684	     0.956020	     0.961038	
  1.64195e+08	      1.00317	      1.00905	      1.01234	      1.01067	     0.978401	     0.985543	      1.00004	     0.992516	     0.985856	     0.990913	     0.952849	     0.961571	
  1.64275e+08	      1.00450	      1.01359	      1.00750	      1.00838	     0.972446	     0.984223	      1.00025	     0.998119	     0.982718	     0.986126	     0.957352	     0.956607	
  1.64355e+08	     0.987939	     0.991218	     0.984664	     0.996048	     0.961603	     0.973560	     0.982082	     0.991807	     0.970331	     0.972353	     0.938877	     0.949226	
  1.64435e+08	      1.58688	      1.58953	      1.59764	      1.62947	      1.56820	      1.58475	      1.62889	      1.62016	      1.58401	      1.61254	      1.55164	      1.60076	
  1.64515e+08	      1.58124	      1.58279	      1.58839	      1.62127	      1.55478	      1.57335	      1.61547	      1.61011	      1.57704	      1.59854	      1.53762	      1.58645	
  1.64595e+08	     0.979228	     0.984404	     0.986025	     0.993635	     0.961520	     0.965400	     0.979117	     0.979816	     0.963214	     0.970929	     0.935189	     0.937584	
  1.64675e+08	     0.994164	     0.998875	      1.01032	      1.00904	     0.975468	     0.977347	     0.987908	     0.989873	     0.981375	     0.980009	     0.950853	     0.959149	
  1.64755e+08	     0.996985	      1.00039	      1.00706	      1.00646	     0.974923	     0.976430	     0.982550	     0.987307	     0.981770	     0.982052	     0.946160	     0.947174	
  1.64835e+08	     0.998289	     0.999642	      1.00555	      1.00536	     0.971092	     0.978105	     0.991012	     0.991161	     0.981490	     0.980279	     0.948124	     0.950470	
  1.64915e+08	     0.996435	     0.999055	      1.00511	      1.00240	     0.972096	     0.979415	     0.993725	     0.984421	     0.972926	     0.983571	     0.946754	     0.951878	
  1.64995e+08	     0.994079	     0.998523	     0.999295	      1.00322	     0.971219	     0.978509	     0.991014	     0.987893	     0.974317	     0.980316	     0.944838	     0.943831	
  1.65075e+08	     0.992443	      1.00806	     0.994579	      1.00223	     0.972153	     0.979365	     0.993206	     0.983180	     0.978411	     0.977827	     0.945357	     0.946075	
  1.65155e+08	     0.997620	      1.00280	     0.994146	      1.00276	     0.965807	     0.976755	     0.995045	     0.990138	     0.971457	     0.976697	     0.944714	     0.943082	
  1.65235e+08	     0.989858	      1.00172	     0.996064	      1.00259	     0.965441	     0.975622	     0.979356	     0.997595	     0.979281	     0.980872	     0.946227	     0.944002	
  1.65315e+08	     0.989290	      1.00624	     0.991377	      1.00354	     0.973072	     0.974570	     0.976974	     0.992892	     0.975053	     0.975533	     0.938972	     0.939418	
  1.65395e+08	     0.988541	     0.998326	     0.995157	      1.00482	     0.963430	     0.970316	     0.989482	     0.995548	     0.974430	     0.979005	     0.937415	     0.940805	
  1.65475e+08	     0.983256	     0.998097	     0.991365	      1.00277	     0.971828	     0.974423	     0.974775	     0.982156	     0.981549	     0.972564	     0.944632	     0.940075	
  1.65555e+08	     0.990705	     0.999592	     0.994313	     0.998467	     0.967466	     0.974040	     0.974961	     0.991801	     0.975396	     0.973312	     0.934990	     0.944034	
  1.65635e+08	     0.974620	     0.984401	     0.979843	     0.988017	     0.944162	     0.960734	     0.964086	     0.973798	     0.959673	     0.960490	     0.927149	     0.930642	
  1.65715e+08	      1.57425	      1.57537	      1.58079	      1.60722	      1.54365	      1.56093	      1.59930	      1.59878	      1.56724	      1.58138	      1.52217	      1.57415	
  1.65795e+08	      1.57046	      1.57023	      1.57352	      1.60205	      1.53267	      1.55112	      1.58418	      1.58337	      1.55832	      1.57118	      1.50789	      1.56228	
  1.65875e+08	     0.972634	     0.973497	     0.972556	     0.980075	     0.937983	     0.950170	     0.953123	     0.972502	     0.956899	     0.959972	     0.916734	     0.926131	
  1.65955e+08	     0.989568	     0.997169	     0.994018	     0.997804	     0.956690	     0.965040	     0.973682	     0.987687	     0.973364	     0.975215	     0.931525	     0.935444	
  1.66035e+08	     0.994221	      1.00036	     0.991892	      1.00185	     0.958534	     0.961780	     0.979000	     0.980820	     0.969638	     0.970732	     0.935716	     0.934844	
  1.66115e+08	     0.990740	     0.995307	     0.986466	      1.00656	     0.957255	     0.967527	     0.976410	     0.982402	     0.967494	     0.972315	     0.931529	     0.934417	
  1.66195e+08	     0.990141	     0.996371	     0.993201	     0.998503	     0.955295	     0.963019	     0.968820	     0.987188	     0.964471	     0.968254	     0.926082	     0.933469	
  1.66275e+08	     0.985329	     0.993986	     0.990739	      1.00017	     0.953710	     0.968169	     0.975082	     0.980219	     0.961085	     0.968943	     0.927172	     0.932231	
  1.66355e+08	     0.991240	     0.989434	     0.996337	     0.995619	     0.952997	     0.965044	     0.981668	     0.987628	     0.963895	     0.965912	     0.927471	     0.938193	
  1.66435e+08	     0.983205	     0.990014	     0.991107	      1.00044	     0.950754	     0.961873	     0.978592	     0.998376	     0.965443	     0.965537	     0.928606	     0.931581	
  1.66515e+08	     0.988343	     0.995220	     0.988907	     0.997160	     0.950194	     0.965347	     0.984794	     0.991727	     0.961249	     0.965955	     0.921112	     0.930812	
  1.66595e+08	     0.984089	     0.992039	     0.988782	     0.991569	     0.954254	     0.960507	     0.982880	     0.985418	     0.962867	     0.966127	     0.921888	     0.927660	
  1.66675e+08	     0.981362	     0.988068	     0.988263	     0.996401	     0.950617	     0.963203	     0.977258	     0.975574	     0.953400	     0.964472	     0.919140	     0.926676	
  1.66755e+08	     0.982017	     0.987510	     0.986910	     0.992443	     0.953781	     0.958070	     0.988520	     0.979502	     0.956981	     0.966870	     0.918083	     0.922996	
  1.66835e+08	     0.983131	     0.992899	     0.982831	     0.990425	     0.949272	     0.959201	     0.985096	     0.982549	     0.958107	     0.962559	     0.923351	     0.922585	
  1.66915e+08	     0.970322	     0.972508	     0.968871	     0.978740	     0.938117	     0.947064	     0.962704	     0.968964	     0.946452	     0.947542	     0.900002	     0.912644	
  1.66995e+08	      1.56098	      1.56342	      1.56837	      1.59733	      1.52190	      1.53925	      1.58701	      1.57377	      1.54753	      1.56822	      1.49665	      1.55231	
  1.67075e+08	      1.55790	      1.55890	      1.56374	      1.59038	      1.51344	      1.53246	      1.57885	      1.56167	      1.53718	      1.56080	      1.48587	      1.54160	
  1.67155e+08	     0.962890	     0.968264	     0.971862	     0.973636	     0.928003	     0.939515	     0.942628	     0.952889	     0.938115	     0.950193	     0.901172	     0.907913	
  1.67235e+08	     0.988083	     0.981969	     0.990686	     0.988443	     0.943104	     0.956763	     0.956494	     0.969771	     0.959909	     0.960219	     0.916226	     0.923424	
  1.67315e+08	     0.981111	     0.985666	     0.984163	     0.983653	     0.941774	     0.952241	     0.955625	     0.962191	     0.961357	     0.962522	     0.919053	     0.923980	
  1.67395e+08	     0.985960	     0.980733	     0.981066	     0.986522	     0.940750	     0.953049	     0.953806	     0.962677	     0.958125	     0.963201	     0.912231	     0.926466	
  1.67475e+08	     0.980994	     0.989246	     0.981905	     0.987523	     0.941274	     0.954021	     0.957473	     0.974162	     0.952607	     0.958632	     0.918897	     0.920598	
  1.67555e+08	     0.985319	     0.987250	     0.976960	     0.982936	     0.948281	     0.955654	     0.966870	     0.966669	     0.947485	     0.961110	     0.917709	     0.919026	
  1.67635e+08	     0.982027	     0.984198	     0.978090	     0.981857	     0.941196	     0.950959	     0.960322	     0.971618	     0.953639	     0.955026	     0.918063	     0.921433	
  1.67715e+08	     0.980352	     0.980622	     0.975911	     0.987812	     0.937527	     0.951273	     0.970030	     0.973701	     0.946085	     0.958425	     0.917002	     0.917945	
  1.67795e+08	     0.981621	     0.984557	     0.981490	     0.984591	     0.935108	     0.952628	     0.950139	     0.971392	     0.951474	     0.957400	     0.920487	     0.920032	
  1.67875e+08	     0.981670	     0.982104	     0.981725	     0.982344	     0.936743	     0.948071	     0.963023	     0.967337	     0.945975	     0.954552	     0.913625	     0.913553	
  1.67955e+08	     0.983357	     0.983059	     0.980877	     0.978743	     0.934511	     0.948322	     0.969380	     0.965434	     0.954408	     0.952362	     0.917356	     0.913730	
  1.68035e+08	     0.980223	     0.987658	     0.978679	     0.982243	     0.934481	     0.949503	     0.967542	     0.982000	     0.943546	     0.951731	     0.915718	     0.915504	
  1.68115e+08	     0.981752	     0.979302	     0.975987	     0.976374	     0.935372	     0.947010	     0.959806	     0.965350	     0.951398	     0.954467	     0.910132	     0.914249	
  1.68195e+08	     0.968030	     0.972848	     0.961686	     0.964820	     0.922489	     0.939352	     0.944117	     0.950087	     0.934873	     0.936816	     0.896909	     0.903336	
  1.68275e+08	      1.55375	      1.55257	      1.55325	      1.57993	      1.50433	      1.52069	      1.57243	      1.55074	      1.52691	      1.54904	      1.47531	      1.52865	
  1.68355e+08	      1.55290	      1.55086	      1.54995	      1.57751	      1.49814	      1.51143	      1.55959	      1.55843	      1.52025	      1.53453	      1.46962	      1.52260	
  1.68435e+08	     0.963858	     0.970872	     0.956913	     0.962522	     0.918849	     0.932682	     0.948821	     0.954532	     0.930333	     0.931699	     0.892648	     0.894273	
  1.68515e+08	     0.978178	     0.979683	     0.977733	     0.979930	     0.934443	     0.945285	     0.952181	     0.959863	     0.944471	     0.944811	     0.902883	     0.911074	
  1.68595e+08	     0.984297	     0.985946	     0.973619	     0.982017	     0.931820	     0.944642	     0.958261	     0.957340	     0.946064	     0.952415	     0.908930	     0.910101	
  1.68675e+08	     0.980100	     0.980068	     0.980097	     0.981934	     0.933166	     0.945032	     0.950213	     0.968696	     0.944194	     0.952959	     0.907890	     0.905879	
  1.68755e+08	     0.975274	     0.984009	     0.977672	     0.977304	     0.935700	     0.941379	     0.952997	     0.957554	     0.941919	     0.950720	     0.904203	     0.910635	
  1.68835e+08	     0.976803	     0.973744	     0.978801	     0.980932	     0.935053	     0.944528	     0.961798	     0.961059	     0.942071	     0.946492	     0.901481	     0.901743	
  1.68915e+08	     0.978396	     0.979396	     0.979544	     0.978153	     0.931158	     0.947441	     0.952268	     0.958113	     0.945341	     0.952397	     0.906286	     0.906742	
  1.68995e+08	     0.973743	     0.978356	     0.973267	     0.976232	     0.925738	     0.946094	     0.969250	     0.956628	     0.940139	     0.946595	     0.893339	     0.903709	
  1.69075e+08	     0.972703	     0.979305	     0.970545	     0.973694	     0.929761	     0.942959	     0.968454	     0.964519	     0.941747	     0.945098	     0.899100	     0.907775	
  1.69155e+08	     0.973245	     0.983563	     0.973587	     0.977194	     0.931366	     0.941990	     0.964875	     0.958908	     0.944720	     0.946426	     0.898017	     0.903081	
  1.69235e+08	     0.972142	     0.984881	     0.967318	     0.975355	     0.928209	     0.946000	     0.947583	     0.967255	     0.938367	     0.943539	     0.899494	     0.902416	
  1.69315e+08	     0.978969	     0.979544	     0.970519	     0.977254	     0.927940	     0.939778	     0.959938	     0.961701	     0.938703	     0.940986	     0.898544	     0.904019	
  1.69395e+08	     0.970849	     0.979668	     0.972541	     0.979446	     0.929231	     0.943257	     0.963648	     0.969480	     0.937798	     0.940410	     0.896570	     0.902032	
  1.69475e+08	     0.956799	     0.963054	     0.958785	     0.961092	     0.917306	     0.929347	     0.956528	     0.941297	     0.924559	     0.936397	     0.883115	     0.892929	
  1.69555e+08	      1.55050	      1.54802	      1.54914	      1.57486	      1.49152	      1.50539	      1.55113	      1.54796	      1.50984	      1.53133	      1.46090	      1.49658	
