  1.38915e+08	      1.31304	      1.26874	      1.28734	      1.26173	      1.42359	      1.40797	      1.67277	      1.53614	      1.68617	      1.59982	      1.67191	      1.61889	
  1.38995e+08	     0.977285	     0.973900	     0.924971	     0.922761	     0.954641	     0.956452	     0.972370	     0.967236	     0.959827	     0.961790	     0.987110	     0.994442	
  1.39075e+08	     0.998634	     0.997804	     0.942498	     0.945629	     0.970365	     0.971272	     0.999302	     0.977560	     0.978102	     0.976972	      1.00597	      1.00808	
  1.39155e+08	     0.998537	      1.00004	     0.943572	     0.949594	     0.964049	     0.972531	     0.992244	     0.988753	     0.971765	     0.969521	      1.00404	      1.00477	
  1.39235e+08	      1.00321	      1.00130	     0.944621	     0.950192	     0.969242	     0.966875	     0.988329	     0.988090	     0.973174	     0.965705	     0.999676	      1.00153	
  1.39315e+08	      1.00877	      1.00151	     0.945394	     0.947478	     0.958855	     0.973089	     0.985243	     0.982649	     0.961714	     0.965418	      1.01131	      1.00429	
  1.39395e+08	      1.00823	      1.00419	     0.947224	     0.944739	     0.967473	     0.966275	     0.988212	     0.988704	     0.962539	     0.966515	      1.00231	     0.996544	
  1.39475e+08	      1.00687	      1.00665	     0.946664	     0.952021	     0.966514	     0.967523	     0.988393	     0.985713	     0.959465	     0.965358	     0.996173	      1.00033	
  1.39555e+08	      1.00695	      1.00595	     0.951419	     0.954964	     0.964716	     0.961466	     0.974169	     0.968967	     0.968533	     0.966995	      1.00514	     0.998730	
  1.39635e+08	      1.01046	      1.00446	     0.950372	     0.944700	     0.970014	     0.969935	     0.981459	     0.980419	     0.964070	     0.964879	      1.00017	      1.00218	
  1.39715e+08	      1.00905	      1.00391	     0.942624	     0.940812	     0.970756	     0.972824	     0.963805	     0.963079	     0.960174	     0.970810	     0.999527	     0.995509	
  1.39795e+08	      1.00305	      1.00267	     0.955312	     0.948343	     0.974920	     0.973556	     0.972147	     0.967987	     0.961890	     0.969589	      1.00310	     0.996857	
  1.39875e+08	      1.00203	      1.00033	     0.951458	     0.943025	     0.978018	     0.973082	     0.970891	     0.966367	     0.965115	     0.968204	     0.998400	     0.999778	
  1.39955e+08	      1.00900	     0.996406	     0.956667	     0.956183	     0.975717	     0.978725	     0.972407	     0.967292	     0.966729	     0.966310	     0.996376	      1.00162	
  1.40035e+08	     0.991719	     0.983621	     0.937174	     0.937333	     0.964049	     0.963685	     0.965167	     0.957257	     0.956634	     0.956096	     0.985147	     0.983726	
  1.40115e+08	      1.30677	      1.26685	      1.28703	      1.26516	      1.41837	      1.40443	      1.67201	      1.53237	      1.67786	      1.59662	      1.67058	      1.61303	
  1.40195e+08	      1.30738	      1.26171	      1.29109	      1.26573	      1.42173	      1.41037	      1.67704	      1.53573	      1.68291	      1.59755	      1.67140	      1.61494	
  1.40275e+08	     0.980242	     0.983029	     0.940765	     0.928701	     0.959701	     0.959611	     0.954717	     0.963731	     0.947797	     0.953162	     0.983689	     0.976478	
  1.40355e+08	      1.00484	      1.00473	     0.950681	     0.957029	     0.981058	     0.975635	     0.968722	     0.968213	     0.968446	     0.969841	     0.993775	     0.995600	
  1.40435e+08	     0.995091	     0.995229	     0.951020	     0.949563	     0.974419	     0.978075	     0.959134	     0.962873	     0.972472	     0.972423	     0.996355	      1.00299	
  1.40515e+08	     0.996354	     0.995288	     0.966511	     0.957291	     0.983232	     0.982249	     0.957261	     0.948675	     0.976134	     0.972207	     0.997196	     0.997926	
  1.40595e+08	     0.997493	     0.991588	     0.955687	     0.954390	     0.981100	     0.983251	     0.964797	     0.958427	     0.972434	     0.968865	      1.00129	      1.00082	
  1.40675e+08	     0.993483	     0.993906	     0.964151	     0.954408	     0.976926	     0.974731	     0.959535	     0.958276	     0.966409	     0.972660	     0.999846	      1.00058	
  1.40755e+08	     0.989965	     0.992839	     0.960978	     0.959359	     0.979493	     0.978828	     0.957047	     0.959441	     0.971462	     0.969264	     0.995105	      1.00114	
  1.40835e+08	     0.986488	     0.991986	     0.956434	     0.954981	     0.980385	     0.968394	     0.956298	     0.952970	     0.976023	     0.968662	     0.996098	     0.997322	
  1.40915e+08	     0.987461	     0.993000	     0.951147	     0.956017	     0.980997	     0.977764	     0.955528	     0.955470	     0.970429	     0.967261	      1.00168	      1.00260	
  1.40995e+08	     0.990859	     0.989474	     0.946871	     0.950310	     0.976312	     0.974718	     0.956539	     0.954279	     0.980772	     0.971146	     0.999057	      1.00288	
  1.41075e+08	     0.985683	     0.989724	     0.950639	     0.953182	     0.973946	     0.972233	     0.953935	     0.953488	     0.972268	     0.970795	      1.00590	     0.999886	
  1.41155e+08	     0.986929	     0.988143	     0.945965	     0.957089	     0.976734	     0.974049	     0.961003	     0.957434	     0.971790	     0.974337	      1.00642	      1.00246	
  1.41235e+08	     0.988708	     0.982486	     0.945919	     0.956019	     0.971738	     0.968562	     0.966485	     0.959691	     0.974665	     0.976233	      1.00593	      1.00365	
  1.41315e+08	     0.972359	     0.966085	     0.932904	     0.938155	     0.956518	     0.953372	     0.944665	     0.951926	     0.965392	     0.966244	     0.998607	     0.995038	
  1.41395e+08	      1.29893	      1.26109	      1.28996	      1.26479	      1.41783	      1.40811	      1.66738	      1.53306	      1.68045	      1.59507	      1.66363	      1.60836	
  1.41475e+08	      1.29750	      1.25677	      1.29393	      1.27100	      1.42705	      1.41132	      1.66944	      1.53713	      1.68431	      1.59865	      1.66433	      1.61076	
  1.41555e+08	     0.965138	     0.965474	     0.943105	     0.945423	     0.958544	     0.955238	     0.955782	     0.951691	     0.970485	     0.968902	     0.983459	     0.985644	
  1.41635e+08	     0.986216	     0.978989	     0.947215	     0.953872	     0.981792	     0.979450	     0.973620	     0.968622	     0.989492	     0.987960	     0.997888	      1.00388	
  1.41715e+08	     0.981254	     0.985364	     0.963950	     0.966285	     0.985213	     0.983304	     0.977727	     0.967111	     0.989666	     0.988549	      1.01021	      1.00521	
  1.41795e+08	     0.982791	     0.988157	     0.956819	     0.965124	     0.986976	     0.987355	     0.973292	     0.975504	     0.992674	     0.993256	      1.00376	      1.01620	
  1.41875e+08	     0.988604	     0.990685	     0.961206	     0.970602	     0.986796	     0.985671	     0.974727	     0.968567	     0.993648	     0.988995	      1.00149	      1.00825	
  1.41955e+08	     0.996328	     0.991668	     0.962929	     0.973050	     0.985498	     0.986615	     0.976086	     0.965143	     0.997494	     0.988352	      1.00487	      1.01715	
  1.42035e+08	      1.00085	     0.993053	     0.963167	     0.974249	     0.986714	     0.982012	     0.966063	     0.963234	     0.978985	     0.991486	      1.00486	      1.00612	
  1.42115e+08	     0.989665	     0.996880	     0.961991	     0.973819	     0.989177	     0.985721	     0.969038	     0.957637	     0.992680	     0.989183	      1.00269	      1.01433	
  1.42195e+08	     0.998054	     0.990962	     0.965571	     0.973256	     0.985891	     0.990831	     0.969132	     0.953123	     0.991291	     0.979021	      1.01406	      1.01116	
  1.42275e+08	     0.991691	     0.991107	     0.971035	     0.975516	     0.991199	     0.994671	     0.971144	     0.957589	     0.990974	     0.985973	      1.00337	      1.01211	
  1.42355e+08	      1.00364	     0.995274	     0.968486	     0.973217	     0.996368	     0.993355	     0.970512	     0.962135	     0.984508	     0.981308	      1.01116	      1.01218	
  1.42435e+08	     0.997640	     0.993580	     0.969386	     0.973333	     0.992015	     0.999535	     0.967058	     0.961608	     0.991213	     0.988884	      1.00454	      1.00382	
  1.42515e+08	     0.994226	     0.989570	     0.968699	     0.974501	     0.994835	     0.995157	     0.968664	     0.960523	     0.991952	     0.990040	      1.00505	      1.00494	
  1.42595e+08	     0.977742	     0.977613	     0.954521	     0.961156	     0.983019	     0.981453	     0.953927	     0.947251	     0.970344	     0.975882	     0.981883	     0.989669	
  1.42675e+08	      1.29476	      1.25334	      1.29120	      1.26731	      1.42380	      1.41051	      1.66456	      1.53581	      1.68134	      1.59476	      1.65788	      1.60690	
  1.42755e+08	      1.29465	      1.25466	      1.29715	      1.27003	      1.42352	      1.41300	      1.66914	      1.54009	      1.68481	      1.59867	      1.66044	      1.60791	
  1.42835e+08	     0.973021	     0.964637	     0.951159	     0.956905	     0.981038	     0.973812	     0.950357	     0.949417	     0.984415	     0.983250	     0.981088	     0.989591	
  1.42915e+08	     0.991429	     0.980165	     0.970347	     0.972849	     0.994296	     0.997049	     0.974198	     0.967290	      1.00484	      1.00108	      1.00720	      1.00231	
  1.42995e+08	     0.992227	     0.990596	     0.976013	     0.978584	     0.990629	     0.993430	     0.971159	     0.973421	     0.994503	      1.00466	     0.994319	      1.00439	
  1.43075e+08	     0.993986	     0.989083	     0.977496	     0.982521	     0.986217	     0.994561	     0.972016	     0.977225	     0.994101	      1.00478	      1.00260	      1.00526	
  1.43155e+08	     0.988743	     0.985632	     0.978317	     0.990018	     0.995014	     0.991038	     0.969709	     0.975990	     0.996836	     0.995807	      1.00049	      1.00477	
  1.43235e+08	     0.992290	     0.985269	     0.974559	     0.982824	     0.991989	     0.989142	     0.978296	     0.981499	     0.990612	     0.989425	      1.00228	      1.00870	
  1.43315e+08	     0.987510	     0.991871	     0.971494	     0.979242	     0.991896	     0.991643	     0.971733	     0.975032	      1.00087	     0.992902	      1.00450	      1.01463	
  1.43395e+08	     0.985074	     0.981019	     0.973946	     0.981014	     0.992437	     0.989737	     0.953814	     0.976572	     0.999858	     0.989910	      1.00387	      1.00518	
  1.43475e+08	     0.984216	     0.989993	     0.970943	     0.977072	     0.989857	     0.992009	     0.975577	     0.976551	     0.999546	      1.00504	      1.00265	      1.00574	
  1.43555e+08	     0.993426	     0.985102	     0.975400	     0.981136	     0.992371	     0.990006	     0.980863	     0.975846	      1.00535	      1.00006	     0.992738	      1.00294	
  1.43635e+08	     0.989615	     0.986131	     0.977589	     0.988687	     0.985825	     0.989677	     0.970550	     0.976556	     0.999508	     0.998787	     0.991206	      1.00663	
  1.43715e+08	     0.984848	     0.989369	     0.980009	     0.996462	     0.989567	     0.990576	     0.975715	     0.967886	      1.00049	      1.00352	      1.00112	      1.00500	
  1.43795e+08	     0.989999	     0.979416	     0.981641	     0.986469	     0.988929	     0.992015	     0.970699	     0.966493	      1.00209	      1.00238	      1.00536	      1.00975	
  1.43875e+08	     0.964592	     0.969860	     0.966026	     0.976174	     0.973361	     0.971327	     0.953130	     0.955998	     0.995258	     0.980156	     0.986584	     0.995722	
  1.43955e+08	      1.29245	      1.25218	      1.29895	      1.27755	      1.42435	      1.41130	      1.67216	      1.54400	      1.68480	      1.59898	      1.66061	      1.60360	
  1.44035e+08	      1.28988	      1.26088	      1.30925	      1.28492	      1.43459	      1.42137	      1.68595	      1.55993	      1.69574	      1.61071	      1.67135	      1.61185	
  1.44115e+08	     0.957798	     0.956168	     0.976196	     0.973020	     0.970213	     0.974773	     0.948392	     0.953126	     0.978603	     0.973592	     0.986525	     0.986011	
  1.44195e+08	     0.974225	     0.973392	     0.987021	     0.991582	     0.988765	     0.986130	     0.966502	     0.967714	     0.993876	     0.993362	      1.00266	      1.00421	
  1.44275e+08	     0.983613	     0.972853	     0.987239	     0.994224	     0.989684	     0.985757	     0.964735	     0.965537	     0.996449	     0.998988	      1.00016	      1.00391	
  1.44355e+08	     0.974735	     0.975426	     0.989362	     0.998568	     0.994095	     0.990269	     0.964276	     0.968433	     0.998634	      1.00246	      1.00333	      1.00672	
  1.44435e+08	     0.976505	     0.971449	     0.987905	     0.996148	     0.994551	     0.985205	     0.962650	     0.962786	      1.00055	     0.998857	     0.999190	      1.00242	
  1.44515e+08	     0.969210	     0.975129	     0.993841	     0.993302	     0.992452	     0.989740	     0.967459	     0.967620	     0.999402	      1.00053	      1.00376	      1.00395	
  1.44595e+08	     0.968650	     0.967905	     0.994888	     0.998136	     0.993000	     0.990480	     0.970059	     0.973897	      1.00739	      1.00066	     0.999034	      1.00231	
  1.44675e+08	     0.973946	     0.972509	     0.995194	     0.998869	     0.990920	     0.988248	     0.981041	     0.974636	      1.00134	      1.00132	      1.00512	      1.00323	
  1.44755e+08	     0.971308	     0.969226	     0.992056	     0.994599	     0.990431	     0.983803	     0.978635	     0.981254	      1.00598	      1.00506	      1.00734	      1.00362	
  1.44835e+08	     0.971295	     0.974041	     0.991209	     0.993814	     0.996999	     0.993826	     0.974953	     0.988414	      1.01464	      1.00967	      1.00806	      1.01183	
  1.44915e+08	     0.972455	     0.976161	     0.992449	      1.00112	     0.994453	     0.990258	     0.975160	     0.980330	      1.00961	      1.00471	      1.00920	      1.01185	
  1.44995e+08	     0.973029	     0.977901	     0.989261	     0.998143	     0.996390	     0.993661	     0.981467	     0.981512	      1.01376	     0.997876	      1.00659	      1.00535	
  1.45075e+08	     0.978340	     0.984295	     0.988592	     0.994808	     0.998960	     0.997196	     0.981590	     0.989898	      1.02409	      1.00844	      1.01393	      1.01247	
  1.45155e+08	     0.965468	     0.963592	     0.971099	     0.988298	     0.981610	     0.980421	     0.976101	     0.979954	     0.994228	     0.986453	     0.997885	     0.993418	
  1.45235e+08	      1.29032	      1.26284	      1.31082	      1.28510	      1.43550	      1.42419	      1.69254	      1.56803	      1.70055	      1.61510	      1.67279	      1.61316	
  1.45315e+08	      1.30650	      1.27316	      1.32757	      1.30930	      1.45868	      1.44033	      1.71111	      1.58586	      1.71923	      1.63309	      1.68465	      1.63037	
  1.45395e+08	     0.968782	     0.974115	     0.981640	     0.988153	     0.974047	     0.980695	     0.976163	     0.983168	     0.988699	     0.988074	      1.00143	     0.994477	
  1.45475e+08	     0.990494	     0.987784	     0.994744	      1.00404	     0.994928	     0.998355	     0.998045	      1.00307	      1.00351	      1.00489	      1.02164	      1.01146	
  1.45555e+08	     0.991768	     0.988220	     0.997667	     0.999230	     0.993442	     0.996731	     0.997621	      1.00785	      1.00567	      1.00681	      1.02385	      1.01741	
  1.45635e+08	     0.987882	     0.992043	     0.999587	      1.00422	     0.996478	     0.994041	      1.00217	      1.00655	      1.00503	      1.00721	      1.02150	      1.02598	
  1.45715e+08	     0.987928	     0.990655	     0.994468	     0.998833	     0.993914	     0.999159	     0.995793	     0.995825	      1.01292	      1.01006	      1.01962	      1.02403	
  1.45795e+08	     0.989685	     0.986616	     0.995447	     0.996852	      1.00172	     0.997612	     0.985942	     0.998194	      1.01167	      1.01009	      1.01431	      1.01633	
  1.45875e+08	     0.990457	     0.986546	     0.996074	      1.00520	      1.00151	     0.999146	     0.985586	     0.997527	      1.02059	      1.01978	      1.01465	      1.02046	
  1.45955e+08	     0.993318	     0.984374	     0.991533	      1.00184	      1.00321	      1.00379	     0.985472	     0.994156	      1.01435	      1.00545	      1.01862	      1.01731	
  1.46035e+08	     0.980839	     0.982984	     0.991818	      1.00030	      1.00347	      1.00412	     0.989684	     0.997405	      1.02441	      1.01882	      1.02133	      1.02175	
  1.46115e+08	     0.986661	     0.983106	     0.996721	      1.00519	      1.00599	      1.00169	     0.989911	     0.989546	      1.00556	      1.02248	      1.02349	      1.02137	
  1.46195e+08	     0.985581	     0.983385	      1.00435	      1.00066	      1.01232	      1.00153	     0.990875	     0.993638	      1.02289	      1.02026	      1.01954	      1.02007	
  1.46275e+08	     0.989976	     0.975499	     0.996387	     0.998756	      1.01159	      1.00158	     0.996566	      1.00223	      1.02287	      1.02050	      1.01406	      1.02415	
  1.46355e+08	     0.981296	     0.980653	     0.997124	     0.999625	      1.00801	      1.00717	      1.00063	     0.997545	      1.02303	      1.02307	      1.01681	      1.02643	
  1.46435e+08	     0.967939	     0.965650	     0.991687	     0.983458	     0.993919	     0.994461	     0.989038	     0.980823	      1.00774	      1.00429	      1.01232	      1.01153	
  1.46515e+08	      1.30437	      1.27520	      1.33287	      1.31635	      1.46283	      1.44534	      1.71556	      1.58566	      1.72434	      1.63763	      1.68566	      1.63148	
  1.46595e+08	      1.30706	      1.28320	      1.34219	      1.32254	      1.46918	      1.45793	      1.73169	      1.59956	      1.74091	      1.65190	      1.69705	      1.64884	
  1.46675e+08	     0.985835	     0.979999	     0.981414	     0.981011	     0.989574	     0.985705	     0.979355	     0.988599	      1.00920	     0.999894	      1.00413	      1.00888	
  1.46755e+08	     0.997198	      1.00509	      1.00350	      1.01030	      1.01299	      1.00539	     0.998983	     0.997749	      1.02569	      1.02265	      1.01867	      1.03161	
  1.46835e+08	     0.998098	      1.00516	      1.00554	      1.00557	      1.00848	      1.00262	      1.00491	     0.999436	      1.02527	      1.01029	      1.02972	      1.02692	
  1.46915e+08	     0.991369	      1.00746	      1.00304	      1.00878	      1.00795	      1.00654	      1.00149	     0.999120	      1.02320	      1.01985	      1.02626	      1.02974	
  1.46995e+08	     0.999691	      1.01185	      1.00896	      1.00871	      1.00394	      1.01394	      1.00808	     0.999015	      1.02497	      1.02004	      1.02568	      1.02853	
  1.47075e+08	      1.00584	      1.00830	      1.00786	      1.01370	      1.00685	      1.00501	      1.00228	     0.995101	      1.02406	      1.01603	      1.02687	      1.02330	
  1.47155e+08	      1.01485	      1.01131	      1.01409	      1.01200	      1.00830	      1.00781	     0.996557	     0.995647	      1.02013	      1.01491	      1.02683	      1.02235	
  1.47235e+08	      1.00823	      1.01149	      1.00805	      1.01047	      1.00835	      1.00670	      1.00410	      1.00342	      1.02171	      1.01632	      1.02257	      1.02345	
  1.47315e+08	      1.01589	      1.00941	      1.00935	      1.00985	      1.00681	      1.01123	     0.995656	     0.997368	      1.02382	      1.01332	      1.02331	      1.02504	
  1.47395e+08	      1.02432	      1.01502	      1.00930	      1.01381	      1.01320	      1.00656	      1.00066	      1.00551	      1.01962	      1.01655	      1.02281	      1.02855	
  1.47475e+08	      1.01794	      1.01034	      1.01140	      1.02041	      1.01488	      1.00960	      1.01000	      1.00447	      1.02778	      1.01245	      1.02729	      1.02012	
  1.47555e+08	      1.01620	      1.01498	      1.01139	      1.01425	      1.01544	      1.01144	      1.00909	      1.01200	      1.02329	      1.02449	      1.01934	      1.02524	
  1.47635e+08	      1.02245	      1.01615	      1.01293	      1.01982	      1.01164	      1.01245	      1.00552	     0.995661	      1.02417	      1.01919	      1.01617	      1.02224	
  1.47715e+08	      1.00794	     0.996299	     0.998793	      1.00015	      1.00455	     0.994769	     0.983620	     0.991638	      1.01236	      1.00004	      1.01002	      1.01496	
  1.47795e+08	      1.31120	      1.28915	      1.34014	      1.32789	      1.47180	      1.46945	      1.73971	      1.60344	      1.74412	      1.65583	      1.70318	      1.65587	
  1.47875e+08	      1.32075	      1.31445	      1.36599	      1.34554	      1.48365	      1.48294	      1.75496	      1.61700	      1.75458	      1.67018	      1.71298	      1.66734	
  1.47955e+08	      1.00273	      1.00852	     0.986367	     0.990576	      1.00915	      1.00370	     0.980248	     0.982677	      1.00502	      1.00393	      1.01302	      1.02089	
  1.48035e+08	      1.03444	      1.03169	      1.01748	      1.01448	      1.02733	      1.02572	      1.00763	      1.00204	      1.02450	      1.01840	      1.03149	      1.04301	
  1.48115e+08	      1.02449	      1.03677	      1.01650	      1.01640	      1.03259	      1.02544	      1.00124	      1.01017	      1.02412	      1.02127	      1.03788	      1.04005	
  1.48195e+08	      1.03828	      1.04384	      1.01349	      1.01254	      1.03208	      1.03554	      1.00507	      1.00057	      1.02224	      1.01702	      1.03382	      1.03084	
  1.48275e+08	      1.04217	      1.04172	      1.01713	      1.00990	      1.03497	      1.03537	      1.00392	      1.01259	      1.02691	      1.02459	      1.02772	      1.02306	
  1.48355e+08	      1.04474	      1.03967	      1.01633	      1.01300	      1.03878	      1.02975	      1.01253	      1.01248	      1.01810	      1.02331	      1.03001	      1.02776	
  1.48435e+08	      1.03698	      1.04216	      1.01572	      1.01076	      1.03647	      1.03408	      1.00979	      1.00712	      1.02264	      1.02031	      1.03356	      1.02530	
  1.48515e+08	      1.03227	      1.03748	      1.01495	      1.01030	      1.03846	      1.03099	      1.00016	      1.01306	      1.01988	      1.01671	      1.02296	      1.02659	
  1.48595e+08	      1.04152	      1.02891	      1.01394	      1.00826	      1.03406	      1.02852	      1.00887	      1.00379	      1.01856	      1.01516	      1.01923	      1.02534	
  1.48675e+08	      1.03393	      1.03141	      1.01673	      1.01142	      1.03741	      1.03456	      1.02030	      1.01223	      1.01950	      1.01565	      1.02322	      1.02494	
  1.48755e+08	      1.03274	      1.02974	      1.01784	      1.01418	      1.03917	      1.03525	      1.01838	      1.01672	      1.01867	      1.01396	      1.02166	      1.03303	
  1.48835e+08	      1.03057	      1.03089	      1.01791	      1.01047	      1.04193	      1.03185	      1.01076	      1.02485	      1.02086	      1.01302	      1.03744	      1.03470	
  1.48915e+08	      1.03405	      1.03398	      1.01456	      1.01722	      1.03685	      1.03786	      1.02108	      1.01809	      1.01569	      1.00941	      1.03005	      1.03395	
  1.48995e+08	      1.02282	      1.02180	      1.00150	     0.995794	      1.01290	      1.01074	     0.999825	      1.00769	      1.00252	     0.996011	      1.01698	      1.01460	
  1.49075e+08	      1.32075	      1.31089	      1.36714	      1.34769	      1.48569	      1.48503	      1.75276	      1.61978	      1.75389	      1.66909	      1.71295	      1.66528	
  1.49155e+08	      1.32577	      1.32419	      1.37636	      1.35967	      1.49279	      1.49520	      1.76843	      1.62928	      1.76037	      1.67639	      1.71867	      1.67292	
  1.49235e+08	      1.01646	      1.01153	     0.999847	     0.994829	      1.01465	      1.02016	     0.992610	     0.999423	      1.00295	     0.998949	      1.00264	      1.01568	
  1.49315e+08	      1.03754	      1.03443	      1.02526	      1.01505	      1.03153	      1.02884	      1.02098	      1.01810	      1.02366	      1.01274	      1.03387	      1.03906	
  1.49395e+08	      1.02452	      1.03155	      1.02704	      1.02073	      1.03348	      1.02922	      1.01675	      1.02153	      1.02445	      1.01948	      1.03053	      1.03234	
  1.49475e+08	      1.03452	      1.03075	      1.02700	      1.02774	      1.03021	      1.03375	      1.01930	      1.01950	      1.01998	      1.01865	      1.02973	      1.02967	
  1.49555e+08	      1.02824	      1.03416	      1.02911	      1.02746	      1.02621	      1.02329	      1.02325	      1.01959	      1.02039	      1.01175	      1.03182	      1.03375	
  1.49635e+08	      1.02879	      1.03314	      1.02656	      1.02861	      1.03520	      1.02607	      1.03029	      1.02831	      1.02239	      1.01194	      1.02783	      1.04165	
  1.49715e+08	      1.02932	      1.02298	      1.02870	      1.02047	      1.01979	      1.01904	      1.03642	      1.02427	      1.01594	      1.01966	      1.03089	      1.02822	
  1.49795e+08	      1.01699	      1.01766	      1.02529	      1.02911	      1.02043	      1.02158	      1.03110	      1.01345	      1.02216	      1.01370	      1.02467	      1.03229	
  1.49875e+08	      1.01869	      1.02383	      1.02642	      1.02644	      1.02155	      1.02441	      1.03105	      1.02710	      1.02231	      1.02397	      1.02251	      1.03529	
  1.49955e+08	      1.01798	      1.02281	      1.01326	      1.02563	      1.01654	      1.02044	      1.02988	      1.02403	      1.01460	      1.01601	      1.02771	      1.03545	
  1.50035e+08	      1.01174	      1.01463	      1.01941	      1.02534	      1.01663	      1.01953	      1.01682	      1.02065	      1.02009	      1.01896	      1.02892	      1.03817	
  1.50115e+08	      1.02022	      1.02056	      1.02603	      1.02511	      1.01811	      1.02233	      1.02293	      1.01207	      1.02270	      1.01909	      1.02943	      1.03342	
  1.50195e+08	      1.01995	      1.01077	      1.02246	      1.02132	      1.01521	      1.01772	      1.02777	      1.01035	      1.02086	      1.02439	      1.03207	      1.03371	
  1.50275e+08	     0.999811	     0.994947	      1.00007	      1.00721	      1.00418	      1.00474	      1.01284	     0.997300	      1.01627	      1.01334	      1.02059	      1.02393	
  1.50355e+08	      1.32240	      1.32123	      1.37709	      1.36424	      1.48872	      1.48585	      1.76958	      1.62802	      1.75753	      1.67507	      1.71588	      1.66909	
  1.50435e+08	      1.32600	      1.32417	      1.37811	      1.36879	      1.49141	      1.49360	      1.77577	      1.63610	      1.76237	      1.68455	      1.71621	      1.67362	
  1.50515e+08	     0.982734	     0.972015	     0.995814	     0.968563	     0.996671	     0.955971	      1.01938	      1.02391	      1.01337	     0.983313	      1.00833	      1.00616	
  1.50595e+08	      1.00495	      1.02324	      1.01457	      1.01911	      1.01719	      1.01971	      1.03159	      1.02772	      1.02757	      1.02958	      1.02933	      1.03327	
  1.50675e+08	      1.01799	      1.01630	      1.01648	      1.02414	      1.02135	      1.02140	      1.02869	      1.01630	      1.02456	      1.02633	      1.03108	      1.04110	
  1.50755e+08	      1.01368	      1.00748	      1.00421	      1.02371	      1.01607	      1.01960	      1.02807	      1.02274	      1.03046	      1.02737	      1.03392	      1.03682	
  1.50835e+08	      1.00701	      1.00857	      1.01878	      1.01987	      1.01137	      1.01999	      1.02903	      1.03017	      1.02926	      1.03069	      1.03253	      1.03661	
  1.50915e+08	      1.00396	      1.00770	      1.00924	      1.02677	      1.02026	      1.02118	      1.03155	      1.02576	      1.02935	      1.03117	      1.02704	      1.03563	
  1.50995e+08	     0.999669	      1.00021	      1.01312	      1.02335	      1.02399	      1.02507	      1.02927	      1.02274	      1.02954	      1.02713	      1.03443	      1.03579	
  1.51075e+08	     0.999434	     0.994075	      1.01575	      1.01472	      1.02209	      1.02066	      1.02094	      1.02244	      1.02225	      1.02687	      1.02359	      1.03165	
  1.51155e+08	     0.994233	     0.997164	      1.01416	      1.02382	      1.02208	      1.02366	      1.02749	      1.03205	      1.02694	      1.03451	      1.02913	      1.02971	
  1.51235e+08	     0.990834	     0.991001	      1.01911	      1.02136	      1.02430	      1.02570	      1.02860	      1.03096	      1.02525	      1.02705	      1.03286	      1.02965	
  1.51315e+08	     0.990233	     0.994674	      1.01271	      1.01735	      1.02304	      1.02374	      1.02854	      1.02514	      1.02846	      1.02702	      1.02628	      1.03042	
  1.51395e+08	     0.975172	     0.987031	      1.00357	      1.01390	      1.01777	      1.01634	      1.04740	      1.02008	      1.02620	      1.02655	      1.01954	      1.01758	
  1.51475e+08	     0.992303	     0.992240	      1.01405	      1.02312	      1.01953	      1.02473	      1.03097	      1.03368	      1.03390	      1.02485	      1.02998	      1.02644	
  1.51555e+08	     0.971039	     0.977830	     0.995694	      1.00329	      1.01633	      1.00695	      1.01378	      1.01588	      1.01570	      1.02232	      1.01264	      1.02047	
  1.51635e+08	      1.32085	      1.31497	      1.37368	      1.35691	      1.48610	      1.48681	      1.76651	      1.62801	      1.75433	      1.67787	      1.70214	      1.66240	
  1.51715e+08	      1.32044	      1.30920	      1.37429	      1.35801	      1.48508	      1.48391	      1.75880	      1.62885	      1.75215	      1.67543	      1.70049	      1.65885	
  1.51795e+08	     0.964672	     0.965424	      1.00535	     0.996634	      1.00043	      1.00709	      1.00306	      1.01405	      1.01010	      1.01252	      1.01136	      1.01108	
  1.51875e+08	     0.978676	     0.985767	      1.01676	      1.02037	      1.01456	      1.01636	      1.01489	      1.02324	      1.02732	      1.02664	      1.03709	      1.03034	
  1.51955e+08	     0.982291	     0.982892	      1.01670	      1.02125	      1.01610	      1.01156	      1.03311	      1.02376	      1.02092	      1.02379	      1.03102	      1.03290	
  1.52035e+08	     0.980012	     0.992114	      1.01236	      1.01834	      1.01581	      1.01560	      1.02939	      1.02233	      1.02254	      1.02166	      1.03430	      1.02303	
  1.52115e+08	     0.979872	     0.986155	      1.01352	      1.01633	      1.01157	      1.02154	      1.02310	      1.02627	      1.02857	      1.02736	      1.02754	      1.02679	
  1.52195e+08	     0.983159	     0.984816	      1.00654	      1.01457	      1.01958	      1.01966	      1.03460	      1.02968	      1.04088	      1.02551	      1.02824	      1.03142	
  1.52275e+08	     0.982258	     0.984512	      1.01195	      1.01677	      1.01688	      1.01967	      1.03052	      1.02503	      1.03492	      1.03389	      1.02388	      1.02927	
  1.52355e+08	     0.982430	     0.984645	      1.00491	      1.01082	      1.00891	      1.01841	      1.02858	      1.02425	      1.03365	      1.02657	      1.02677	      1.03408	
  1.52435e+08	     0.974746	     0.978877	      1.00265	      1.01364	      1.02002	      1.01494	      1.02642	      1.02748	      1.02946	      1.02847	      1.02737	      1.02786	
  1.52515e+08	     0.982860	     0.978371	      1.01075	      1.01464	      1.01945	      1.02870	      1.02416	      1.02891	      1.03067	      1.02307	      1.03421	      1.02450	
  1.52595e+08	     0.979770	     0.983978	      1.01181	      1.01571	      1.01834	      1.02456	      1.01787	      1.02007	      1.02682	      1.01996	      1.02583	      1.02865	
  1.52675e+08	     0.985167	     0.982288	      1.02051	      1.01725	      1.01103	      1.01666	      1.01537	      1.01627	      1.01850	      1.02086	      1.03211	      1.01724	
  1.52755e+08	     0.983129	     0.980396	      1.01520	      1.02087	      1.01673	      1.02703	      1.01711	      1.01776	      1.01420	      1.01490	      1.02572	      1.02727	
  1.52835e+08	     0.968886	     0.969861	     0.999615	      1.00404	      1.00410	      1.01221	     0.989185	     0.997665	      1.00493	      1.00787	      1.00826	      1.01456	
  1.52915e+08	      1.31953	      1.29842	      1.36931	      1.35770	      1.47779	      1.47749	      1.74989	      1.62353	      1.73832	      1.66893	      1.69505	      1.65228	
  1.52995e+08	      1.31521	      1.29708	      1.36837	      1.35835	      1.47295	      1.47439	      1.74636	      1.61932	      1.73615	      1.66517	      1.68925	      1.64632	
  1.53075e+08	     0.965825	     0.970734	      1.00302	     0.995019	      1.00624	      1.00871	     0.978242	     0.985744	     0.998526	      1.00008	      1.01362	      1.01886	
  1.53155e+08	     0.980891	     0.987813	      1.01897	      1.02732	      1.02710	      1.02915	      1.00115	      1.00760	      1.01522	      1.01209	      1.03381	      1.03204	
  1.53235e+08	     0.984019	     0.987890	      1.01672	      1.03153	      1.01798	      1.02522	      1.00530	      1.00755	      1.00643	      1.01215	      1.03076	      1.03425	
  1.53315e+08	     0.986690	     0.996216	      1.01932	      1.02660	      1.01795	      1.02955	     0.988488	      1.00924	      1.00448	      1.01537	      1.02450	      1.02703	
  1.53395e+08	     0.993624	     0.993446	      1.01969	      1.02502	      1.01869	      1.02506	     0.994958	     0.998960	      1.00462	      1.01161	      1.02503	      1.03074	
  1.53475e+08	     0.984584	     0.994384	      1.01380	      1.02340	      1.02578	      1.02784	     0.983619	     0.999699	      1.00755	      1.01460	      1.02583	      1.02975	
  1.53555e+08	     0.983735	     0.983565	      1.01664	      1.01817	      1.02855	      1.02796	     0.994591	     0.995648	      1.01105	      1.01203	      1.02574	      1.02869	
  1.53635e+08	     0.980357	     0.982113	      1.01358	      1.01750	      1.02490	      1.03375	     0.986142	     0.994650	      1.00873	      1.00731	      1.02483	      1.02578	
  1.53715e+08	     0.980852	     0.987260	      1.01766	      1.01759	      1.02668	      1.03166	     0.987108	     0.997904	      1.00538	      1.01150	      1.02745	      1.02995	
  1.53795e+08	     0.979713	     0.985546	      1.01371	      1.01557	      1.02850	      1.03178	     0.992539	     0.997750	      1.00982	      1.01382	      1.02559	      1.02668	
  1.53875e+08	     0.981938	     0.985408	      1.01722	      1.01738	      1.02918	      1.02841	     0.993170	      1.00132	      1.00685	      1.01795	      1.02368	      1.02706	
  1.53955e+08	     0.986896	     0.982387	      1.01967	      1.02065	      1.02723	      1.03376	      1.00095	     0.994917	      1.00722	      1.01321	      1.01657	      1.02115	
  1.54035e+08	     0.978662	     0.988917	      1.01292	      1.01813	      1.02734	      1.02655	     0.995635	     0.997783	      1.00720	      1.01112	      1.01466	      1.01883	
  1.54115e+08	     0.963787	     0.964553	      1.00209	      1.00666	      1.01939	      1.01691	     0.985923	     0.989124	     0.986963	     0.992473	      1.00398	      1.00048	
  1.54195e+08	      1.30927	      1.29113	      1.36218	      1.35158	      1.46359	      1.46642	      1.73916	      1.60826	      1.72531	      1.65865	      1.67125	      1.63642	
  1.54275e+08	      1.31257	      1.29183	      1.35687	      1.35603	      1.46290	      1.46135	      1.74130	      1.60688	      1.72221	      1.65546	      1.66608	      1.63073	
  1.54355e+08	     0.964605	     0.959222	      1.00273	     0.998295	      1.01082	      1.01859	     0.982082	     0.986849	     0.981204	     0.990959	     0.995636	     0.999003	
  1.54435e+08	     0.983263	     0.986065	      1.02977	      1.02424	      1.03468	      1.03787	      1.00649	      1.00632	     0.998819	      1.00590	      1.01497	      1.02216	
  1.54515e+08	     0.983363	     0.986007	      1.01787	      1.02085	      1.03751	      1.03695	     0.987798	     0.999623	      1.00779	      1.00459	      1.01281	      1.01546	
  1.54595e+08	     0.982262	     0.989147	      1.01684	      1.01845	      1.03285	      1.03537	     0.993239	      1.00900	     0.990928	      1.00231	      1.02066	      1.01020	
  1.54675e+08	     0.983180	     0.980240	      1.01404	      1.01468	      1.03296	      1.03395	     0.991383	      1.00808	     0.995036	      1.00388	      1.01007	      1.01564	
  1.54755e+08	     0.981681	     0.983161	      1.01696	      1.01982	      1.03126	      1.03252	     0.991684	      1.01027	     0.989938	      1.00001	      1.00784	      1.01804	
  1.54835e+08	     0.977607	     0.980016	      1.01548	      1.01997	      1.02410	      1.02668	      1.00558	      1.01085	     0.997419	      1.00808	      1.00670	      1.01476	
  1.54915e+08	     0.978759	     0.972664	      1.02013	      1.01265	      1.02456	      1.02965	      1.00135	      1.00960	     0.993698	      1.00217	      1.00311	      1.01521	
  1.54995e+08	     0.975330	     0.977527	      1.01770	      1.02284	      1.01737	      1.02109	      1.02894	      1.01472	      1.00444	      1.00773	      1.00834	      1.01023	
  1.55075e+08	     0.976425	     0.981987	      1.01772	      1.01351	      1.02315	      1.02378	      1.01394	      1.02369	      1.00334	      1.01091	     0.999774	      1.00439	
  1.55155e+08	     0.978668	     0.976241	      1.01705	      1.01159	      1.01699	      1.02178	      1.01197	      1.02040	      1.00191	      1.01011	      1.00619	      1.00644	
  1.55235e+08	     0.977253	     0.983159	      1.01102	      1.00990	      1.01265	      1.02195	      1.01878	      1.02050	      1.00396	      1.01564	      1.00619	      1.00364	
  1.55315e+08	     0.976437	     0.985115	      1.01385	      1.01799	      1.01224	      1.01772	      1.02201	      1.02400	      1.00084	      1.00554	      1.01521	      1.00532	
  1.55395e+08	     0.969011	     0.970529	      1.00071	     0.996688	     0.995944	     0.994643	      1.01044	      1.01261	     0.997385	     0.996793	     0.992850	     0.985129	
  1.55475e+08	      1.30364	      1.28761	      1.34489	      1.34441	      1.46262	      1.44853	      1.73671	      1.60424	      1.71400	      1.64844	      1.66437	      1.62375	
  1.55555e+08	      1.31105	      1.29126	      1.34895	      1.35062	      1.46457	      1.44981	      1.73754	      1.60684	      1.71316	      1.64895	      1.66458	      1.62243	
  1.55635e+08	     0.967896	     0.966348	     0.997315	     0.996709	     0.991674	     0.994751	     0.995697	      1.00074	     0.991091	     0.996671	     0.983951	     0.990062	
  1.55715e+08	     0.979847	     0.984765	      1.01364	      1.01997	      1.00679	      1.01291	      1.01067	      1.02536	      1.01106	      1.01403	      1.00571	      1.00805	
  1.55795e+08	     0.987207	     0.990034	      1.02068	      1.01744	      1.01048	      1.01267	      1.01361	      1.02199	      1.00929	      1.01476	      1.00805	      1.00113	
  1.55875e+08	     0.982372	     0.991620	      1.01980	      1.02348	      1.00872	      1.01592	      1.01025	      1.01335	      1.00832	      1.01538	     0.994975	      1.00509	
  1.55955e+08	     0.986341	     0.991160	      1.01939	      1.02117	      1.01118	      1.01349	      1.01380	      1.01160	      1.00849	      1.01917	     0.995995	      1.00432	
  1.56035e+08	     0.987343	     0.990461	      1.02018	      1.02021	      1.00785	      1.01173	      1.00126	      1.00390	      1.00656	      1.01424	     0.998580	      1.00212	
  1.56115e+08	     0.986654	     0.986562	      1.01752	      1.01999	      1.00636	      1.01224	      1.00335	      1.00781	      1.01233	      1.01245	     0.997346	     0.998231	
  1.56195e+08	     0.989309	     0.991505	      1.01943	      1.01652	      1.00287	      1.00889	     0.992163	      1.01417	      1.01078	      1.00999	     0.985885	      1.00451	
  1.56275e+08	     0.993156	     0.994203	      1.01652	      1.02146	      1.00562	      1.00955	     0.997248	      1.00864	      1.01793	      1.00958	      1.00276	     0.995893	
  1.56355e+08	     0.991982	     0.994420	      1.01765	      1.01715	      1.00271	      1.00726	      1.00140	      1.00954	      1.00861	      1.01123	     0.997421	      1.00638	
  1.56435e+08	     0.988761	     0.993163	      1.01561	      1.02321	      1.00026	      1.00257	     0.992518	      1.00802	      1.00477	      1.01052	     0.998914	     0.994281	
  1.56515e+08	     0.991368	     0.996522	      1.01061	      1.01769	      1.00203	      1.01061	     0.992760	      1.00964	      1.00766	      1.00969	     0.988494	     0.995252	
  1.56595e+08	     0.990149	     0.994603	      1.01435	      1.01619	     0.998559	      1.00849	      1.00509	      1.00861	      1.00323	      1.00285	     0.995196	     0.998962	
  1.56675e+08	     0.972336	     0.977612	     0.997248	      1.00136	     0.986245	     0.990714	     0.989530	      1.00118	     0.988250	     0.996754	     0.982279	     0.980086	
  1.56755e+08	      1.30924	      1.28908	      1.34881	      1.35368	      1.46079	      1.45284	      1.73204	      1.60607	      1.70770	      1.64513	      1.66211	      1.61597	
  1.56835e+08	      1.31496	      1.29491	      1.35441	      1.35785	      1.46361	      1.45642	      1.73389	      1.60774	      1.71293	      1.64870	      1.66309	      1.61545	
  1.56915e+08	     0.981559	     0.977639	     0.996564	     0.996368	     0.986845	     0.991303	     0.977951	     0.991303	     0.981905	     0.981180	     0.981341	     0.980645	
  1.56995e+08	     0.994578	     0.989640	      1.02038	      1.01607	      1.00698	      1.01075	     0.999688	      1.01110	      1.00161	      1.00346	      1.00568	     0.999190	
  1.57075e+08	     0.990673	     0.992100	      1.02560	      1.01794	      1.00956	      1.01131	      1.01429	      1.01899	     0.999368	     0.999619	      1.00003	     0.997887	
  1.57155e+08	     0.988239	     0.992428	      1.02394	      1.02136	      1.00727	      1.01464	     0.989300	      1.01548	     0.996882	     0.994634	      1.00251	      1.00143	
  1.57235e+08	     0.988607	     0.989453	      1.01993	      1.02313	      1.00475	      1.00944	     0.999723	      1.01276	     0.997561	     0.997058	     0.999798	      1.00635	
  1.57315e+08	     0.984226	     0.989734	      1.01697	      1.01709	      1.00579	      1.01393	     0.989211	      1.00669	      1.00299	     0.997775	      1.00002	      1.00018	
  1.57395e+08	     0.993476	     0.990655	      1.02073	      1.02384	      1.00149	      1.01284	     0.990661	      1.00224	     0.994867	      1.00412	     0.998609	     0.993269	
  1.57475e+08	     0.995971	     0.980037	      1.02499	      1.02471	      1.00820	      1.00583	     0.997952	      1.00915	     0.993581	     0.999355	     0.990345	     0.990261	
  1.57555e+08	     0.991521	     0.994663	      1.02581	      1.02741	      1.00621	      1.00908	     0.994868	      1.00874	     0.999626	     0.998002	     0.998192	     0.997323	
  1.57635e+08	     0.992994	     0.993319	      1.02762	      1.02813	      1.00687	      1.00340	     0.991638	      1.00064	      1.00545	     0.998330	     0.996636	      1.00023	
  1.57715e+08	      1.00135	     0.993990	      1.03328	      1.02089	      1.00526	      1.00597	      1.00308	      1.00686	     0.996639	      1.00695	     0.997893	      1.00335	
  1.57795e+08	     0.997937	     0.998276	      1.02210	      1.01864	      1.00814	      1.00622	     0.990161	      1.00028	     0.996305	      1.00632	     0.997929	     0.997890	
  1.57875e+08	     0.992248	     0.987076	      1.01957	      1.01994	      1.00600	      1.01008	     0.994358	      1.01215	      1.00222	      1.00899	     0.995136	     0.998790	
  1.57955e+08	     0.986889	     0.980096	      1.00199	      1.00192	     0.989228	     0.995396	     0.985427	     0.988219	     0.982807	     0.993558	     0.983181	     0.973559	
  1.58035e+08	      1.31047	      1.29493	      1.35136	      1.34876	      1.46040	      1.45144	      1.73327	      1.60670	      1.71026	      1.64790	      1.65743	      1.61199	
  1.58115e+08	      1.31782	      1.30297	      1.35957	      1.35591	      1.46675	      1.45817	      1.74009	      1.61071	      1.71602	      1.65302	      1.66395	      1.61472	
  1.58195e+08	     0.979779	     0.981311	      1.00372	      1.00085	     0.986458	     0.986472	     0.995996	     0.996681	     0.989937	     0.996602	     0.972297	     0.976117	
  1.58275e+08	      1.00180	     0.991419	      1.01654	      1.01878	      1.00319	      1.00084	      1.02498	      1.01355	      1.01196	      1.01636	      1.00021	     0.991949	
  1.58355e+08	     0.999967	     0.998519	      1.02639	      1.01647	     0.999172	      1.00541	      1.01823	      1.01585	      1.02041	      1.01940	     0.994592	      1.00102	
  1.58435e+08	     0.999433	     0.995687	      1.01568	      1.01766	      1.00648	      1.00767	      1.02741	      1.02190	      1.02986	      1.02558	      1.00920	     0.994730	
  1.58515e+08	      1.00028	     0.998397	      1.01578	      1.01487	      1.00489	      1.00471	      1.02206	      1.02566	      1.02292	      1.02598	      1.00184	     0.997399	
  1.58595e+08	     0.994778	     0.993801	      1.00878	      1.01013	      1.00216	      1.00312	      1.02729	      1.01712	      1.02540	      1.02731	     0.997813	     0.996417	
  1.58675e+08	     0.999095	     0.997461	      1.00916	      1.00749	     0.999183	     0.999982	      1.02237	      1.02327	      1.03570	      1.02250	      1.00663	      1.00017	
  1.58755e+08	     0.994644	     0.997804	      1.00333	      1.01166	      1.00222	     0.997751	      1.01926	      1.00394	      1.02690	      1.02401	      1.00387	      1.01012	
  1.58835e+08	      1.00065	     0.996803	      1.00757	      1.01123	     0.996781	      1.00194	      1.01282	      1.01284	      1.03179	      1.02566	      1.00024	      1.00151	
  1.58915e+08	     0.998866	      1.00154	      1.00844	      1.00902	     0.996653	     0.995643	      1.00635	      1.02495	      1.02265	      1.02995	      1.00355	      1.00023	
  1.58995e+08	      1.00133	     0.998286	      1.00274	      1.00881	     0.993127	     0.998360	      1.01450	      1.01886	      1.02945	      1.02645	     0.998726	     0.996199	
  1.59075e+08	     0.998030	      1.00146	      1.00377	      1.00839	     0.996064	     0.997770	      1.01242	      1.01929	      1.02048	      1.01839	      1.00412	     0.993981	
  1.59155e+08	      1.00010	     0.999473	      1.00676	      1.00219	     0.996400	     0.991902	      1.01926	      1.01968	      1.02807	      1.01814	     0.999758	     0.985074	
  1.59235e+08	     0.989158	     0.988297	     0.991382	     0.989770	     0.989873	     0.986230	     0.998943	      1.00448	      1.00917	      1.00231	     0.988982	     0.979078	
  1.59315e+08	      1.31850	      1.30356	      1.36157	      1.35940	      1.46693	      1.45713	      1.73651	      1.61026	      1.71428	      1.65010	      1.66304	      1.60817	
  1.59395e+08	      1.32852	      1.31933	      1.36934	      1.36614	      1.47213	      1.46902	      1.75008	      1.61774	      1.72077	      1.65522	      1.66793	      1.60990	
  1.59475e+08	     0.990562	     0.987363	     0.984881	     0.982385	     0.983328	     0.986085	      1.00967	      1.00513	      1.00006	     0.992589	     0.979164	     0.984192	
  1.59555e+08	      1.00842	      1.00505	      1.00691	      1.01105	      1.00274	      1.00576	      1.02311	      1.02401	      1.01475	      1.01980	      1.00025	      1.00074	
  1.59635e+08	      1.01314	      1.00273	      1.00833	      1.00621	      1.00720	      1.00371	      1.02774	      1.03437	      1.01846	      1.01329	      1.00428	      1.00905	
  1.59715e+08	      1.01106	      1.00853	      1.00775	      1.00582	      1.00629	      1.00766	      1.03589	      1.02483	      1.00927	      1.00815	      1.00545	      1.00356	
  1.59795e+08	      1.00714	      1.01330	      1.00601	      1.01102	      1.00169	      1.00481	      1.02632	      1.02371	      1.00900	      1.01540	      1.00264	      1.00410	
  1.59875e+08	     0.998696	      1.00927	      1.01246	      1.01729	      1.00475	      1.00098	      1.02237	      1.01219	      1.00592	      1.01050	      1.00742	      1.00741	
  1.59955e+08	     0.998772	      1.01043	      1.00650	      1.00629	     0.997754	     0.999180	      1.02354	      1.01374	     0.992078	      1.01015	      1.00157	      1.00261	
  1.60035e+08	      1.00391	      1.00422	      1.01215	      1.00752	      1.00372	      1.00309	      1.01061	      1.00616	      1.00119	     0.995684	      1.00051	     0.993280	
  1.60115e+08	      1.00268	      1.01530	      1.01062	      1.00412	      1.01505	     0.999511	      1.02147	      1.01364	     0.998371	     0.993988	     0.989697	     0.998415	
  1.60195e+08	      1.00582	     0.999193	      1.00238	      1.00676	      1.00642	      1.00642	      1.01138	      1.00458	     0.988873	     0.997764	     0.993753	     0.993970	
  1.60275e+08	      1.00252	      1.00279	      1.00998	      1.00951	      1.00709	      1.00627	      1.01777	      1.00687	     0.990380	     0.989371	     0.998559	     0.990938	
  1.60355e+08	      1.00303	      1.00580	      1.00335	      1.01036	      1.00512	      1.00300	      1.01501	      1.00693	      1.00297	     0.994670	     0.991692	     0.986688	
  1.60435e+08	      1.00133	      1.00450	      1.01249	      1.00314	      1.00277	      1.00143	      1.01398	      1.00860	     0.987980	     0.991197	     0.996510	     0.994314	
  1.60515e+08	     0.983475	     0.983403	     0.989868	     0.992712	     0.993187	     0.990219	      1.00372	     0.996090	     0.983688	     0.978132	     0.982979	     0.975195	
  1.60595e+08	      1.33029	      1.31303	      1.36992	      1.36651	      1.46863	      1.46321	      1.75021	      1.61799	      1.71585	      1.65313	      1.65965	      1.60320	
  1.60675e+08	      1.33636	      1.31934	      1.37714	      1.37187	      1.47165	      1.46293	      1.75661	      1.62522	      1.72054	      1.65600	      1.66074	      1.60319	
  1.60755e+08	     0.984807	     0.985467	     0.991706	     0.993858	     0.983827	     0.985784	      1.00778	      1.01281	     0.989989	     0.983878	     0.987413	     0.975124	
  1.60835e+08	      1.00803	     0.998364	      1.01916	      1.01566	      1.00168	      1.00247	      1.02372	      1.03715	      1.00619	      1.00488	      1.00896	     0.997491	
  1.60915e+08	      1.00419	      1.00026	      1.02332	      1.01814	      1.00940	      1.00304	      1.02937	      1.02147	      1.01109	      1.00236	      1.01237	     0.994404	
  1.60995e+08	      1.01366	      1.00348	      1.02454	      1.01926	      1.00701	      1.00484	      1.03121	      1.03744	      1.00946	      1.00320	      1.00699	     0.997850	
  1.61075e+08	      1.00774	      1.00623	      1.02971	      1.01881	      1.00624	      1.00297	      1.01877	      1.01714	      1.00440	      1.00086	      1.00879	     0.996215	
  1.61155e+08	      1.01413	      1.01604	      1.02473	      1.01607	      1.00790	      1.00273	      1.02457	      1.01493	      1.00591	      1.00102	      1.00025	     0.995687	
  1.61235e+08	      1.01322	      1.01883	      1.01978	      1.01969	      1.01296	      1.00534	      1.02181	      1.01858	      1.00150	     0.999427	      1.00546	     0.997645	
  1.61315e+08	      1.02100	      1.02312	      1.01827	      1.02360	      1.00880	      1.00379	      1.01468	      1.02336	     0.998613	      1.00122	      1.00552	     0.993032	
  1.61395e+08	      1.01779	      1.02092	      1.02450	      1.02235	      1.00874	      1.00054	      1.03303	      1.01851	      1.00910	     0.996267	     0.993033	     0.988306	
  1.61475e+08	      1.01363	      1.02832	      1.02274	      1.02069	      1.00142	      1.00339	      1.02899	      1.02978	      1.00429	      1.00499	      1.00014	     0.988516	
  1.61555e+08	      1.02012	      1.02247	      1.02998	      1.02237	      1.00898	      1.00033	      1.02492	      1.02452	      1.00327	      1.00296	     0.996873	     0.992760	
  1.61635e+08	      1.01743	      1.03145	      1.02843	      1.02157	     0.999143	     0.994985	      1.02070	      1.02536	     0.995914	      1.00312	     0.991245	     0.987785	
  1.61715e+08	      1.02673	      1.01479	      1.02338	      1.02784	     0.998614	     0.997110	      1.02100	      1.02428	     0.991708	     0.987492	     0.996254	     0.990376	
  1.61795e+08	      1.00024	      1.00005	      1.01481	      1.00755	     0.988519	     0.981109	      1.00294	      1.00669	     0.976781	     0.981970	     0.985924	     0.976560	
  1.61875e+08	      1.33531	      1.31885	      1.36852	      1.36929	      1.46770	      1.45833	      1.75531	      1.62108	      1.71691	      1.65191	      1.65352	      1.59587	
  1.61955e+08	      1.33887	      1.32314	      1.37042	      1.37328	      1.46724	      1.46037	      1.75328	      1.62264	      1.71666	      1.65087	      1.64909	      1.59325	
  1.62035e+08	     0.990816	     0.999068	      1.00901	      1.00508	     0.980128	     0.980233	      1.00909	      1.00784	     0.974854	     0.980192	     0.969843	     0.975337	
  1.62115e+08	      1.01899	      1.01658	      1.01802	      1.01894	     0.996370	      1.00003	      1.01911	      1.02241	     0.996411	     0.998626	     0.994162	     0.994482	
  1.62195e+08	      1.02585	      1.02443	      1.02381	      1.02047	     0.994983	     0.991391	      1.02001	      1.02374	     0.990037	     0.998920	      1.00365	     0.992432	
  1.62275e+08	      1.02434	      1.01988	      1.02071	      1.01587	     0.994552	     0.988669	      1.01661	      1.02496	     0.995704	      1.00019	     0.989792	     0.991708	
  1.62355e+08	      1.02053	      1.02302	      1.01594	      1.01265	     0.992908	     0.990043	      1.01772	      1.01320	     0.998401	     0.998040	     0.996811	     0.983841	
  1.62435e+08	      1.02281	      1.02145	      1.01633	      1.01261	     0.991368	     0.990869	      1.01026	      1.01829	     0.994776	     0.996601	     0.990835	     0.985436	
  1.62515e+08	      1.01643	      1.01992	      1.01901	      1.01209	     0.992944	     0.992056	      1.02067	      1.01558	     0.996381	     0.997847	     0.993186	     0.984238	
  1.62595e+08	      1.02279	      1.02197	     0.996057	      1.00433	     0.991498	     0.994623	      1.02151	      1.01257	     0.980275	     0.980322	     0.986899	     0.977214	
  1.62675e+08	      1.02060	      1.01944	      1.00518	      1.00551	     0.985223	     0.988269	      1.02521	      1.02268	     0.979083	     0.998618	     0.986808	     0.974417	
  1.62755e+08	      1.02203	      1.02118	      1.00008	      1.00426	     0.984227	     0.986607	      1.02113	      1.01963	     0.986335	     0.987372	     0.986862	     0.978212	
  1.62835e+08	      1.02314	      1.01736	      1.00686	      1.00397	     0.986501	     0.987428	      1.02755	      1.01273	     0.987583	     0.994538	     0.980677	     0.973488	
  1.62915e+08	      1.02183	      1.00835	      1.00130	      1.00242	     0.985221	     0.980959	      1.02840	      1.01585	     0.991346	     0.998181	     0.983325	     0.981578	
  1.62995e+08	      1.01620	      1.02069	      1.00442	     0.998117	     0.991196	     0.989178	      1.01874	      1.01456	     0.984455	     0.985720	     0.982885	     0.970188	
  1.63075e+08	      1.00570	      1.00232	     0.991804	     0.984695	     0.972863	     0.967937	      1.01159	      1.00886	     0.972089	     0.970501	     0.964297	     0.956769	
  1.63155e+08	      1.33588	      1.32089	      1.36821	      1.36948	      1.45965	      1.44910	      1.74080	      1.61115	      1.70793	      1.64421	      1.63663	      1.58339	
  1.63235e+08	      1.33889	      1.32212	      1.36981	      1.36850	      1.45753	      1.44794	      1.74089	      1.61006	      1.70557	      1.64294	      1.63388	      1.57945	
  1.63315e+08	      1.00631	     0.996572	     0.986395	     0.977817	     0.969876	     0.970287	      1.00067	     0.993541	     0.982438	     0.980489	     0.964780	     0.961479	
  1.63395e+08	      1.02443	      1.00031	     0.998193	     0.996706	     0.993245	     0.990304	      1.01094	      1.00936	     0.998339	     0.997265	     0.980486	     0.975432	
  1.63475e+08	      1.02348	      1.02355	     0.998909	      1.00192	     0.999862	     0.985521	      1.00772	      1.00327	      1.00223	      1.00183	     0.976195	     0.976679	
  1.63555e+08	      1.02711	      1.01843	     0.992950	     0.999741	     0.999108	      1.00013	      1.00261	     0.999527	     0.995742	      1.01113	     0.983347	     0.977917	
  1.63635e+08	      1.01511	      1.01093	      1.00823	     0.995596	     0.999793	     0.992022	      1.00601	      1.00330	     0.999736	     0.997122	     0.974374	     0.970795	
  1.63715e+08	      1.01344	      1.01744	     0.997685	      1.00338	     0.998508	     0.990692	      1.00301	      1.00687	     0.996468	     0.999445	     0.971840	     0.974043	
  1.63795e+08	      1.01937	      1.01446	      1.00817	      1.00128	     0.991536	     0.994439	      1.00046	      1.00124	      1.00229	     0.999392	     0.970556	     0.970709	
  1.63875e+08	      1.01389	      1.01355	      1.00921	      1.00094	     0.989870	     0.990538	      1.00681	     0.994031	     0.992902	     0.999157	     0.968629	     0.974308	
  1.63955e+08	      1.01900	      1.01454	      1.00575	     0.998048	     0.990160	     0.992751	      1.01197	      1.00551	     0.989060	     0.997884	     0.972945	     0.976400	
  1.64035e+08	      1.01945	      1.01225	      1.00700	     0.998066	     0.990643	     0.987460	      1.00990	      1.00835	     0.994644	     0.996980	     0.977337	     0.972289	
  1.64115e+08	      1.01798	      1.00996	     0.994403	     0.995884	     0.989959	     0.994173	      1.02164	      1.00863	     0.989231	     0.994221	     0.974978	     0.977878	
  1.64195e+08	      1.00748	      1.00732	     0.993460	     0.991349	     0.991657	     0.994265	      1.02044	      1.00970	     0.985397	     0.992599	     0.973227	     0.972496	
  1.64275e+08	      1.00356	      1.01204	     0.990449	     0.994850	     0.991259	     0.993837	      1.01948	      1.00806	     0.983437	     0.988976	     0.974288	     0.966995	
  1.64355e+08	     0.990114	     0.995090	     0.984727	     0.975594	     0.975319	     0.979382	     0.995713	     0.997270	     0.978527	     0.976161	     0.955454	     0.958040	
  1.64435e+08	      1.33453	      1.31873	      1.36295	      1.35652	      1.44891	      1.43360	      1.73766	      1.60062	      1.69652	      1.63174	      1.62531	      1.56737	
  1.64515e+08	      1.33083	      1.32105	      1.35735	      1.34880	      1.44034	      1.43141	      1.72925	      1.59137	      1.68476	      1.62060	      1.61454	      1.55707	
  1.64595e+08	     0.989187	     0.984155	     0.977852	     0.976740	     0.974849	     0.967955	     0.988137	     0.982439	     0.969604	     0.976088	     0.945568	     0.946067	
  1.64675e+08	      1.00520	      1.00234	     0.996345	      1.00873	     0.985282	     0.995976	      1.01199	      1.00302	     0.991534	     0.991250	     0.965814	     0.972488	
  1.64755e+08	      1.00136	      1.00677	      1.00456	     0.999058	     0.991867	     0.994545	      1.00259	      1.00703	     0.997187	     0.989287	     0.966463	     0.966075	
  1.64835e+08	     0.997403	      1.00314	      1.00873	     0.993048	     0.990475	     0.991552	      1.00181	      1.00352	     0.998960	     0.993078	     0.960504	     0.967318	
  1.64915e+08	      1.00358	      1.00358	      1.00881	     0.998219	     0.986149	     0.994936	      1.01521	     0.988983	     0.998041	     0.999838	     0.964821	     0.963055	
  1.64995e+08	      1.00056	      1.00641	      1.00319	     0.989162	     0.986483	     0.990033	      1.00861	      1.00563	      1.00023	      1.00258	     0.961843	     0.961085	
  1.65075e+08	     0.995330	     0.996706	     0.996584	     0.992181	     0.986061	     0.989244	     0.999329	     0.997431	     0.999096	      1.00253	     0.970903	     0.967271	
  1.65155e+08	     0.998043	      1.00255	     0.997700	     0.992618	     0.976151	     0.976022	      1.00705	     0.998627	      1.00236	     0.993610	     0.958286	     0.963223	
  1.65235e+08	      1.00224	      1.00265	      1.00724	     0.985720	     0.976669	     0.973851	     0.995924	     0.988703	      1.00498	     0.996459	     0.970024	     0.958645	
  1.65315e+08	      1.00002	      1.00155	     0.989056	     0.991655	     0.973649	     0.972281	      1.00307	     0.998957	      1.00400	     0.990512	     0.966318	     0.960450	
  1.65395e+08	     0.996771	     0.997241	     0.989351	     0.988253	     0.969356	     0.971357	      1.00762	     0.984578	      1.00413	     0.996121	     0.970576	     0.955532	
  1.65475e+08	      1.00052	     0.998912	     0.987200	     0.986022	     0.974044	     0.970021	      1.00839	     0.996982	     0.991537	     0.990178	     0.966165	     0.953789	
  1.65555e+08	      1.00538	     0.996076	     0.989948	     0.985330	     0.967152	     0.961933	      1.01101	     0.977773	      1.00258	     0.994565	     0.964075	     0.954518	
  1.65635e+08	     0.987114	     0.980440	     0.982257	     0.971390	     0.953748	     0.948281	     0.972383	     0.990429	     0.980792	     0.979859	     0.950407	     0.937770	
  1.65715e+08	      1.32690	      1.30800	      1.35116	      1.34187	      1.42909	      1.42523	      1.71339	      1.58144	      1.67777	      1.60825	      1.60112	      1.54541	
  1.65795e+08	      1.32352	      1.30493	      1.34719	      1.33621	      1.42142	      1.42038	      1.70195	      1.57334	      1.67101	      1.60063	      1.59100	      1.53570	
  1.65875e+08	     0.983535	     0.972310	     0.958880	     0.964581	     0.944870	     0.947022	     0.973050	     0.973111	     0.977040	     0.976851	     0.955188	     0.943781	
  1.65955e+08	     0.998083	     0.994183	     0.981674	     0.985723	     0.960490	     0.964456	     0.975629	     0.979531	     0.991904	     0.989463	     0.971909	     0.961018	
  1.66035e+08	      1.00209	     0.991844	     0.981874	     0.983030	     0.960757	     0.968012	     0.989946	     0.976492	     0.989075	     0.992096	     0.963737	     0.964476	
  1.66115e+08	     0.998184	     0.985333	     0.986930	     0.983340	     0.959584	     0.960357	     0.991661	     0.981135	     0.988453	     0.987174	     0.963169	     0.965404	
  1.66195e+08	     0.998467	     0.990768	     0.975912	     0.986499	     0.961091	     0.962366	     0.988876	     0.980384	     0.988912	     0.986150	     0.960068	     0.960617	
  1.66275e+08	      1.00142	     0.998025	     0.980147	     0.980959	     0.961797	     0.964512	     0.981250	     0.979906	     0.989809	     0.987588	     0.965125	     0.959265	
  1.66355e+08	     0.996560	     0.998123	     0.981274	     0.981446	     0.961208	     0.964783	     0.987616	     0.982053	     0.983707	     0.984911	     0.955836	     0.952510	
  1.66435e+08	      1.00284	      1.01109	     0.977831	     0.975707	     0.956301	     0.963884	     0.979252	     0.988483	     0.980978	     0.987079	     0.953391	     0.947057	
  1.66515e+08	      1.00016	      1.00444	     0.979490	     0.981079	     0.959857	     0.965956	     0.982884	     0.982069	     0.987974	     0.984718	     0.951022	     0.947113	
  1.66595e+08	     0.987243	     0.996196	     0.987106	     0.977054	     0.952528	     0.960440	     0.983200	     0.982261	     0.978190	     0.985157	     0.948476	     0.946836	
  1.66675e+08	      1.00115	     0.983940	     0.988325	     0.976334	     0.959965	     0.959523	     0.981672	     0.984988	     0.979780	     0.978580	     0.945333	     0.946398	
  1.66755e+08	     0.981888	     0.989472	     0.974471	     0.977962	     0.959823	     0.963866	     0.988386	     0.979247	     0.979978	     0.979027	     0.936483	     0.945744	
  1.66835e+08	     0.991409	      1.00717	     0.974466	     0.977456	     0.956520	     0.965960	     0.995066	     0.986741	     0.974032	     0.975478	     0.936111	     0.941617	
  1.66915e+08	     0.974890	     0.969146	     0.961205	     0.970161	     0.949960	     0.951319	     0.977715	     0.978475	     0.957480	     0.962537	     0.931771	     0.932593	
  1.66995e+08	      1.31956	      1.29958	      1.33902	      1.32629	      1.41187	      1.41053	      1.69692	      1.55878	      1.65769	      1.59080	      1.57645	      1.52269	
  1.67075e+08	      1.31812	      1.29668	      1.33651	      1.32474	      1.40938	      1.40408	      1.68975	      1.55372	      1.65220	      1.58194	      1.56896	      1.51504	
  1.67155e+08	     0.967526	     0.965400	     0.958685	     0.954638	     0.951170	     0.946827	     0.959981	     0.962826	     0.961961	     0.962556	     0.928548	     0.923956	
  1.67235e+08	     0.988660	     0.982496	     0.979267	     0.972904	     0.965819	     0.970246	     0.974184	     0.972444	     0.974418	     0.973496	     0.941480	     0.942107	
  1.67315e+08	     0.988154	     0.984296	     0.975751	     0.977128	     0.966178	     0.966405	     0.977845	     0.976196	     0.979516	     0.979716	     0.941103	     0.941803	
  1.67395e+08	     0.996064	     0.984404	     0.978380	     0.977419	     0.968298	     0.968602	     0.979083	     0.968937	     0.971490	     0.972795	     0.943815	     0.941709	
  1.67475e+08	     0.986688	     0.988541	     0.980401	     0.982732	     0.967714	     0.966352	     0.980512	     0.967488	     0.981653	     0.975029	     0.942114	     0.936296	
  1.67555e+08	     0.989171	     0.988841	     0.976800	     0.988710	     0.964412	     0.975123	     0.975563	     0.976472	     0.977313	     0.975282	     0.936669	     0.926372	
  1.67635e+08	     0.980521	     0.988648	     0.977615	     0.989202	     0.969174	     0.966802	     0.983250	     0.965316	     0.973715	     0.973378	     0.936993	     0.928874	
  1.67715e+08	     0.985659	     0.990550	     0.984882	     0.984294	     0.971867	     0.965229	     0.985949	     0.967986	     0.966498	     0.967868	     0.934687	     0.924619	
  1.67795e+08	     0.988443	     0.995008	     0.991368	     0.988176	     0.960406	     0.958212	     0.979747	     0.976260	     0.970451	     0.961798	     0.936455	     0.929540	
  1.67875e+08	     0.990594	     0.987950	     0.985639	     0.990868	     0.960828	     0.957354	     0.977569	     0.978248	     0.960335	     0.957643	     0.932831	     0.926091	
  1.67955e+08	     0.989895	     0.993739	     0.989284	     0.988422	     0.956801	     0.955352	     0.982635	     0.980746	     0.955959	     0.959590	     0.934411	     0.922240	
  1.68035e+08	     0.987607	     0.992365	     0.992358	     0.982821	     0.960602	     0.951902	     0.974782	     0.964560	     0.958071	     0.959135	     0.932330	     0.924932	
  1.68115e+08	     0.990457	     0.988489	     0.992217	     0.990920	     0.959773	     0.963660	     0.963903	     0.956869	     0.956918	     0.959081	     0.924214	     0.918175	
  1.68195e+08	     0.976829	     0.971640	     0.975467	     0.968992	     0.940533	     0.935878	     0.951199	     0.952181	     0.937711	     0.938014	     0.907316	     0.904492	
  1.68275e+08	      1.31527	      1.30104	      1.33036	      1.31849	      1.39833	      1.39593	      1.68129	      1.54316	      1.63892	      1.57109	      1.55745	      1.50462	
  1.68355e+08	      1.31517	      1.30000	      1.33167	      1.31833	      1.39363	      1.39262	      1.67961	      1.54031	      1.63502	      1.56433	      1.55186	      1.49821	
  1.68435e+08	     0.966788	     0.964957	     0.964143	     0.974389	     0.932917	     0.930048	     0.955878	     0.944892	     0.930572	     0.935568	     0.910140	     0.902014	
  1.68515e+08	     0.986024	     0.976898	     0.985960	     0.987196	     0.950855	     0.952453	     0.966577	     0.955086	     0.947158	     0.957121	     0.916491	     0.917794	
  1.68595e+08	     0.982303	     0.983798	     0.987695	     0.988419	     0.954021	     0.952992	     0.968241	     0.957313	     0.951189	     0.955177	     0.925222	     0.920765	
  1.68675e+08	     0.985070	     0.987933	     0.992409	     0.990338	     0.949574	     0.953029	     0.967957	     0.964048	     0.948214	     0.950020	     0.922890	     0.915410	
  1.68755e+08	     0.982521	     0.981782	     0.986829	     0.987610	     0.950739	     0.955990	     0.969950	     0.968947	     0.948799	     0.950050	     0.923791	     0.918134	
  1.68835e+08	     0.989293	     0.987760	     0.989300	     0.987479	     0.953253	     0.943828	     0.965031	     0.974781	     0.945755	     0.951984	     0.913815	     0.921910	
  1.68915e+08	     0.986368	     0.987104	     0.986843	     0.986200	     0.947680	     0.945969	     0.961116	     0.969301	     0.944362	     0.955237	     0.917746	     0.914664	
  1.68995e+08	     0.968271	     0.991723	     0.993566	     0.981064	     0.942609	     0.947046	     0.969484	     0.959297	     0.939993	     0.949523	     0.918125	     0.914503	
  1.69075e+08	     0.978937	     0.984073	     0.979392	     0.987041	     0.943683	     0.944711	     0.974513	     0.958524	     0.942864	     0.952701	     0.914651	     0.919286	
  1.69155e+08	     0.986935	     0.995053	     0.980365	     0.985352	     0.940118	     0.942745	     0.971249	     0.964654	     0.940575	     0.946994	     0.911335	     0.906618	
  1.69235e+08	     0.979992	     0.987089	     0.983421	     0.990392	     0.943263	     0.944437	     0.963643	     0.966768	     0.936044	     0.941933	     0.917189	     0.916232	
  1.69315e+08	     0.977705	     0.985078	     0.981272	     0.988459	     0.938931	     0.946508	     0.959982	     0.965145	     0.937689	     0.942269	     0.918634	     0.916218	
  1.69395e+08	     0.984952	     0.993591	     0.983648	     0.990641	     0.948752	     0.938303	     0.961344	     0.972301	     0.947798	     0.942169	     0.908556	     0.911173	
  1.69475e+08	     0.962989	     0.974125	     0.968255	     0.973356	     0.933685	     0.924470	     0.945958	     0.962641	     0.923596	     0.930847	     0.905524	     0.902794	
  1.69555e+08	      1.31273	      1.29032	      1.32665	      1.31630	      1.38607	      1.38088	      1.66482	      1.53640	      1.62870	      1.56227	      1.54231	      1.48799	
