  1.38915e+08	      1.34163	      1.29944	      1.29044	      1.26837	      1.44802	      1.40762	      1.79977	      1.61944	      1.68736	      1.59351	      1.72152	      1.63652	
  1.38995e+08	      1.00052	     0.990228	     0.999674	     0.984139	     0.953216	     0.971341	     0.937652	     0.945481	     0.957132	     0.978475	     0.986251	      1.00517	
  1.39075e+08	      1.00731	      1.02043	      1.01495	      1.00906	     0.974220	     0.985023	     0.952180	     0.959837	     0.977614	     0.980870	      1.00647	      1.01781	
  1.39155e+08	      1.01140	      1.00793	      1.00975	      1.00204	     0.972392	     0.978949	     0.966027	     0.958815	     0.981551	     0.974477	      1.00435	      1.02134	
  1.39235e+08	      1.01206	      1.00959	      1.00741	     0.999246	     0.964010	     0.978767	     0.947185	     0.961912	     0.975191	     0.979664	      1.00932	      1.01790	
  1.39315e+08	      1.00886	      1.01429	      1.00524	     0.993874	     0.973191	     0.978605	     0.964563	     0.956818	     0.973556	     0.979544	      1.00594	      1.01475	
  1.39395e+08	      1.00900	      1.00931	     0.999724	     0.995883	     0.966778	     0.978026	     0.952173	     0.957114	     0.969159	     0.968107	      1.01290	      1.01622	
  1.39475e+08	     0.998512	      1.00401	     0.993446	     0.993459	     0.968016	     0.978381	     0.960001	     0.962104	     0.971472	     0.972895	      1.01199	      1.01036	
  1.39555e+08	     0.995359	     0.996190	     0.995269	     0.991973	     0.961843	     0.971800	     0.958640	     0.964591	     0.963435	     0.976334	      1.00853	      1.02644	
  1.39635e+08	     0.994362	      1.00127	     0.987155	     0.988236	     0.964205	     0.972099	     0.969287	     0.967154	     0.953324	     0.973605	      1.00839	      1.01047	
  1.39715e+08	     0.987941	      1.00082	     0.989811	     0.982759	     0.961879	     0.972348	     0.962100	     0.971318	     0.966562	     0.978784	      1.00161	     0.999034	
  1.39795e+08	     0.997860	     0.999498	     0.990770	     0.980414	     0.961772	     0.971293	     0.961838	     0.965954	     0.971899	     0.971035	      1.00307	      1.01057	
  1.39875e+08	     0.987110	     0.991407	     0.986113	     0.978734	     0.962372	     0.967281	     0.961517	     0.976624	     0.967073	     0.972939	      1.00552	      1.01279	
  1.39955e+08	     0.992797	     0.991856	     0.978550	     0.974433	     0.970015	     0.969878	     0.974429	     0.970640	     0.965712	     0.974418	     0.999069	     0.999623	
  1.40035e+08	     0.972653	     0.971092	     0.957981	     0.954417	     0.953694	     0.955582	     0.967833	     0.957552	     0.954401	     0.964183	     0.987320	     0.991972	
  1.40115e+08	      1.33248	      1.29157	      1.28512	      1.26159	      1.43968	      1.40101	      1.79099	      1.61529	      1.67412	      1.58772	      1.71138	      1.62706	
  1.40195e+08	      1.32588	      1.28727	      1.28435	      1.26244	      1.43784	      1.39960	      1.79011	      1.61154	      1.67313	      1.58415	      1.70583	      1.62236	
  1.40275e+08	     0.971185	     0.972394	     0.953821	     0.939445	     0.952562	     0.954670	     0.957471	     0.951005	     0.958810	     0.956832	     0.985494	     0.987922	
  1.40355e+08	     0.988316	     0.989500	     0.975397	     0.971859	     0.967258	     0.970338	     0.986065	     0.966364	     0.976184	     0.974064	      1.00767	      1.00615	
  1.40435e+08	     0.995651	     0.989703	     0.980916	     0.972418	     0.961952	     0.966828	     0.971147	     0.972238	     0.974559	     0.972182	      1.00094	      1.00773	
  1.40515e+08	     0.995332	     0.983537	     0.966315	     0.966644	     0.963635	     0.969981	     0.975332	     0.956874	     0.981944	     0.980564	     0.989732	      1.00694	
  1.40595e+08	     0.985728	     0.986032	     0.974738	     0.961322	     0.966005	     0.972163	     0.951238	     0.967090	     0.976935	     0.980369	     0.985780	     0.998253	
  1.40675e+08	     0.986309	     0.993625	     0.977620	     0.966070	     0.962024	     0.969699	     0.953503	     0.965555	     0.984930	     0.979606	     0.988962	     0.992657	
  1.40755e+08	     0.995899	     0.990036	     0.972423	     0.968190	     0.956752	     0.972787	     0.948893	     0.959423	     0.973465	     0.982339	     0.988056	     0.994652	
  1.40835e+08	     0.992598	     0.985918	     0.971174	     0.957320	     0.961990	     0.968784	     0.953770	     0.950150	     0.976443	     0.976276	     0.985992	      1.00297	
  1.40915e+08	     0.985282	     0.990799	     0.973192	     0.965226	     0.969076	     0.968215	     0.946038	     0.955258	     0.978897	     0.983090	     0.986691	     0.999071	
  1.40995e+08	     0.981529	     0.983426	     0.968569	     0.960948	     0.967101	     0.974808	     0.958304	     0.969816	     0.973889	     0.982270	     0.985149	      1.00369	
  1.41075e+08	     0.984008	     0.978398	     0.969455	     0.952029	     0.958609	     0.968466	     0.961013	     0.962749	     0.973739	     0.979832	     0.984813	     0.996070	
  1.41155e+08	     0.980024	     0.985640	     0.968236	     0.949655	     0.958976	     0.968554	     0.963859	     0.967580	     0.974535	     0.979823	     0.983800	     0.985188	
  1.41235e+08	     0.987097	     0.966865	     0.964473	     0.957303	     0.960781	     0.968646	     0.963410	     0.964038	     0.971375	     0.976930	     0.979657	     0.984005	
  1.41315e+08	     0.971958	     0.965749	     0.951210	     0.949814	     0.960070	     0.948992	     0.938385	     0.949030	     0.954883	     0.959948	     0.966765	     0.966483	
  1.41395e+08	      1.31653	      1.28215	      1.28078	      1.26022	      1.43167	      1.38823	      1.78079	      1.60180	      1.66657	      1.57647	      1.69436	      1.61352	
  1.41475e+08	      1.30473	      1.28098	      1.28162	      1.26016	      1.43198	      1.38940	      1.78149	      1.61053	      1.66742	      1.57684	      1.69491	      1.61269	
  1.41555e+08	     0.972507	     0.964476	     0.954284	     0.945997	     0.941361	     0.945115	     0.932763	     0.948753	     0.952017	     0.949672	     0.966994	     0.971800	
  1.41635e+08	     0.996329	     0.981140	     0.974211	     0.970020	     0.954482	     0.964620	     0.954671	     0.947644	     0.956622	     0.971975	     0.990096	     0.990793	
  1.41715e+08	     0.984863	     0.979720	     0.969199	     0.949480	     0.955877	     0.957926	     0.953955	     0.956607	     0.968138	     0.965251	     0.988042	     0.994627	
  1.41795e+08	     0.981501	     0.982873	     0.967022	     0.950302	     0.953789	     0.958852	     0.945702	     0.947781	     0.963995	     0.967183	     0.988030	     0.992294	
  1.41875e+08	     0.978359	     0.980718	     0.954144	     0.953308	     0.956320	     0.957516	     0.956714	     0.956178	     0.957774	     0.972499	     0.989875	     0.996857	
  1.41955e+08	     0.987461	     0.976657	     0.966510	     0.951252	     0.957438	     0.955796	     0.946185	     0.957684	     0.964094	     0.975182	     0.987972	     0.990915	
  1.42035e+08	     0.979526	     0.982629	     0.954092	     0.955478	     0.955777	     0.955396	     0.953790	     0.950238	     0.959552	     0.966377	     0.983504	     0.991197	
  1.42115e+08	     0.980853	     0.976790	     0.956358	     0.957657	     0.947513	     0.959195	     0.957789	     0.953402	     0.964700	     0.964297	     0.971953	     0.987495	
  1.42195e+08	     0.978436	     0.975143	     0.958059	     0.957620	     0.955093	     0.952520	     0.945771	     0.950540	     0.958792	     0.959995	     0.974851	     0.984641	
  1.42275e+08	     0.979249	     0.977264	     0.962493	     0.954650	     0.950170	     0.962700	     0.953389	     0.946359	     0.965041	     0.966440	     0.983103	     0.973754	
  1.42355e+08	     0.984070	     0.976751	     0.967201	     0.955950	     0.961659	     0.962076	     0.956924	     0.949889	     0.965013	     0.967413	     0.987700	     0.993894	
  1.42435e+08	     0.974621	     0.978621	     0.961774	     0.953848	     0.959595	     0.962615	     0.940877	     0.945142	     0.951414	     0.965411	     0.985168	     0.988962	
  1.42515e+08	     0.981534	     0.975516	     0.957080	     0.953381	     0.961995	     0.966084	     0.943931	     0.936364	     0.965647	     0.964508	     0.984498	     0.984996	
  1.42595e+08	     0.963485	     0.963881	     0.942524	     0.945984	     0.948727	     0.957641	     0.918758	     0.922873	     0.957077	     0.950186	     0.970995	     0.972504	
  1.42675e+08	      1.30713	      1.27765	      1.27552	      1.25814	      1.42663	      1.38589	      1.77594	      1.60743	      1.66210	      1.57297	      1.68837	      1.60623	
  1.42755e+08	      1.31237	      1.27557	      1.28187	      1.26529	      1.43146	      1.39548	      1.78086	      1.61661	      1.66730	      1.57878	      1.69315	      1.60961	
  1.42835e+08	     0.968050	     0.965082	     0.947267	     0.947064	     0.958741	     0.958471	     0.925231	     0.924904	     0.956055	     0.952774	     0.967607	     0.971357	
  1.42915e+08	     0.994848	     0.977698	     0.969324	     0.968971	     0.979734	     0.978094	     0.937352	     0.943476	     0.965679	     0.964762	     0.989232	     0.988239	
  1.42995e+08	     0.987093	     0.991047	     0.972814	     0.972054	     0.980877	     0.979833	     0.947496	     0.948905	     0.964889	     0.963148	     0.991648	     0.990938	
  1.43075e+08	     0.989348	     0.983736	     0.977601	     0.971205	     0.974736	     0.983195	     0.943952	     0.948428	     0.967566	     0.964039	     0.986782	     0.993774	
  1.43155e+08	     0.985345	     0.979745	     0.978919	     0.968585	     0.981224	     0.984227	     0.944877	     0.961005	     0.954409	     0.957402	     0.989555	     0.992520	
  1.43235e+08	     0.987081	     0.990404	     0.975512	     0.968082	     0.982884	     0.987930	     0.968811	     0.968332	     0.951401	     0.958150	     0.987712	     0.987892	
  1.43315e+08	     0.999628	     0.996387	     0.973343	     0.970871	     0.981502	     0.987975	     0.954005	     0.955365	     0.954825	     0.956694	     0.977626	     0.991662	
  1.43395e+08	     0.990591	     0.989906	     0.970765	     0.966781	     0.985000	     0.988493	     0.958162	     0.966132	     0.952807	     0.951535	     0.975446	     0.986686	
  1.43475e+08	     0.987081	     0.983981	     0.970393	     0.965344	     0.991237	     0.989435	     0.960131	     0.953711	     0.952213	     0.960015	     0.982439	     0.985888	
  1.43555e+08	     0.989746	     0.978692	     0.959907	     0.968925	     0.988790	     0.988148	     0.962392	     0.959043	     0.952359	     0.960594	     0.978532	     0.983393	
  1.43635e+08	     0.982475	     0.979749	     0.973046	     0.973258	     0.986310	     0.985847	     0.962094	     0.963807	     0.961427	     0.957984	     0.984766	     0.990360	
  1.43715e+08	     0.985752	     0.983467	     0.969267	     0.974017	     0.985033	     0.988655	     0.968841	     0.965012	     0.961287	     0.958530	     0.981344	     0.986557	
  1.43795e+08	     0.988030	     0.980281	     0.968600	     0.970762	     0.976860	     0.990411	     0.981216	     0.969453	     0.963649	     0.962491	     0.988934	     0.987237	
  1.43875e+08	     0.971695	     0.968158	     0.955567	     0.958532	     0.967248	     0.966894	     0.957353	     0.953178	     0.950532	     0.949763	     0.970983	     0.976229	
  1.43955e+08	      1.28652	      1.27279	      1.28487	      1.26948	      1.43230	      1.39714	      1.78503	      1.61753	      1.66793	      1.58014	      1.68678	      1.60747	
  1.44035e+08	      1.31090	      1.28222	      1.29525	      1.28468	      1.44423	      1.40618	      1.79861	      1.63537	      1.68228	      1.59459	      1.70051	      1.61848	
  1.44115e+08	     0.974014	     0.969550	     0.954954	     0.949836	     0.962426	     0.970450	     0.955207	     0.951408	     0.958328	     0.952943	     0.977602	     0.971567	
  1.44195e+08	     0.994361	     0.991188	     0.966747	     0.967321	     0.983477	     0.990722	     0.968113	     0.967021	     0.978650	     0.974582	     0.994638	     0.996256	
  1.44275e+08	      1.00105	     0.995222	     0.971191	     0.972736	     0.982523	     0.986175	     0.973246	     0.960573	     0.974629	     0.972969	     0.995400	     0.998417	
  1.44355e+08	     0.995908	     0.993089	     0.971988	     0.970852	     0.980092	     0.986387	     0.965820	     0.967760	     0.977834	     0.972082	      1.00037	      1.00217	
  1.44435e+08	     0.990155	     0.994494	     0.963461	     0.972115	     0.985202	     0.981756	     0.962945	     0.965196	     0.980226	     0.973994	      1.00489	     0.995163	
  1.44515e+08	     0.992682	     0.990813	     0.964326	     0.982031	     0.990502	     0.986152	     0.962656	     0.968451	     0.977427	     0.980229	     0.999552	     0.994901	
  1.44595e+08	     0.997789	     0.991373	     0.971583	     0.977403	     0.987135	     0.984475	     0.962914	     0.968297	     0.975812	     0.978629	      1.00855	     0.996191	
  1.44675e+08	     0.990570	     0.986103	     0.973864	     0.976113	     0.987251	     0.985925	     0.959784	     0.977117	     0.985821	     0.985840	      1.00786	      1.00340	
  1.44755e+08	     0.987882	     0.987650	     0.967995	     0.979241	     0.992047	     0.988816	     0.962090	     0.973169	     0.981409	     0.981773	      1.00087	      1.00068	
  1.44835e+08	     0.991916	     0.989383	     0.972251	     0.977393	     0.993959	     0.988702	     0.959342	     0.975564	     0.982474	     0.981362	      1.00096	     0.994697	
  1.44915e+08	     0.986846	     0.985363	     0.968825	     0.968891	     0.995789	     0.989726	     0.960463	     0.974518	     0.979410	     0.973062	     0.998969	     0.998486	
  1.44995e+08	     0.984660	     0.987654	     0.965747	     0.961959	     0.989704	     0.992636	     0.972423	     0.971900	     0.978388	     0.975762	      1.00134	     0.996461	
  1.45075e+08	     0.985216	     0.984569	     0.963696	     0.962175	     0.986302	     0.983978	     0.966463	     0.973525	     0.978480	     0.981771	     0.998146	      1.00447	
  1.45155e+08	     0.969016	     0.966323	     0.947449	     0.956245	     0.976131	     0.976064	     0.949160	     0.966851	     0.968651	     0.965166	     0.989672	     0.987052	
  1.45235e+08	      1.31518	      1.28570	      1.29952	      1.29153	      1.44944	      1.41770	      1.81095	      1.64811	      1.69138	      1.60270	      1.70563	      1.62393	
  1.45315e+08	      1.32665	      1.30222	      1.32578	      1.31405	      1.46945	      1.43922	      1.83713	      1.67908	      1.71425	      1.62524	      1.72391	      1.64669	
  1.45395e+08	     0.967461	     0.974911	     0.955452	     0.966505	     0.970178	     0.978104	     0.964306	     0.967600	     0.974246	     0.975011	     0.992678	     0.995963	
  1.45475e+08	     0.987978	     0.984415	     0.973067	     0.980146	      1.00045	      1.00006	     0.982636	     0.993671	     0.998181	     0.992093	      1.00544	      1.01249	
  1.45555e+08	     0.988611	     0.989714	     0.973035	     0.983063	      1.00674	      1.00153	     0.989336	     0.992563	     0.998040	     0.993250	      1.00703	      1.01706	
  1.45635e+08	     0.990138	     0.982992	     0.972419	     0.977197	      1.00438	      1.00241	     0.989514	     0.979913	      1.00261	     0.998596	      1.00993	      1.01555	
  1.45715e+08	     0.991786	     0.988638	     0.970252	     0.975760	     0.995499	     0.999658	     0.984047	     0.988315	      1.00466	     0.999533	      1.01221	      1.01462	
  1.45795e+08	     0.990982	     0.983157	     0.973017	     0.975216	     0.998387	      1.00375	     0.991547	     0.982412	     0.991844	     0.997710	      1.00368	      1.02019	
  1.45875e+08	     0.991294	     0.984437	     0.970816	     0.974814	     0.999724	      1.00836	     0.974744	     0.984953	      1.00430	     0.990993	      1.01119	      1.01827	
  1.45955e+08	     0.993751	     0.989107	     0.964635	     0.980830	      1.00233	      1.00396	     0.970170	      1.00127	      1.00523	     0.997787	      1.01176	      1.01943	
  1.46035e+08	     0.991596	     0.985655	     0.971837	     0.978107	      1.00337	      1.00456	     0.978307	     0.988689	      1.00837	     0.995424	      1.02402	      1.01958	
  1.46115e+08	     0.990027	     0.985761	     0.973103	     0.980705	      1.00531	      1.00710	     0.984697	     0.985729	      1.00995	      1.00130	      1.02329	      1.02649	
  1.46195e+08	     0.993183	     0.984383	     0.979063	     0.981590	      1.00493	      1.00509	     0.990442	     0.987503	      1.00582	     0.998691	      1.01948	      1.02232	
  1.46275e+08	     0.995069	     0.985008	     0.976949	     0.983550	      1.00495	      1.00673	     0.981468	     0.990167	      1.01637	      1.00221	      1.02424	      1.03107	
  1.46355e+08	     0.992826	     0.993431	     0.980477	     0.984677	      1.00580	      1.00700	     0.979888	     0.987952	      1.00846	      1.00746	      1.02514	      1.02380	
  1.46435e+08	     0.981695	     0.967500	     0.968761	     0.970352	     0.986369	     0.990956	     0.990469	     0.984622	     0.996301	     0.987234	      1.01533	      1.01226	
  1.46515e+08	      1.34105	      1.30867	      1.33053	      1.32547	      1.47932	      1.44879	      1.84644	      1.68432	      1.72313	      1.63293	      1.72713	      1.65522	
  1.46595e+08	      1.35640	      1.32690	      1.34888	      1.34536	      1.49214	      1.46481	      1.86906	      1.70418	      1.74243	      1.65513	      1.74299	      1.67371	
  1.46675e+08	     0.977290	     0.975307	     0.966833	     0.968280	     0.987206	     0.992274	     0.986631	     0.987396	     0.999774	     0.995207	      1.01192	      1.01900	
  1.46755e+08	      1.00010	     0.994142	     0.988026	     0.989763	      1.00744	      1.00591	     0.995973	      1.01078	      1.02154	      1.02018	      1.02607	      1.03176	
  1.46835e+08	      1.00353	      1.00168	     0.991210	     0.991834	      1.00647	      1.00924	     0.997746	      1.01053	      1.02998	      1.02482	      1.03774	      1.03864	
  1.46915e+08	      1.00486	      1.00174	     0.990021	     0.994999	      1.00215	      1.00679	      1.00319	      1.01027	      1.02928	      1.01279	      1.02603	      1.03275	
  1.46995e+08	      1.00727	      1.00368	     0.993224	      1.00481	      1.00132	      1.00680	      1.00974	     0.998844	      1.02996	      1.02366	      1.02719	      1.03035	
  1.47075e+08	      1.00838	      1.00888	     0.998939	      1.00347	     0.996102	      1.00406	     0.997389	      1.00215	      1.02754	      1.02080	      1.03151	      1.02782	
  1.47155e+08	      1.01393	      1.00970	     0.993861	     0.998359	      1.00143	      1.01027	     0.994520	      1.00707	      1.02863	      1.02500	      1.02810	      1.03036	
  1.47235e+08	      1.00241	      1.00969	      1.00185	     0.999799	     0.988344	      1.00505	      1.00342	     0.992047	      1.03283	      1.02892	      1.03668	      1.03314	
  1.47315e+08	      1.00708	      1.01609	     0.999968	      1.00325	     0.996802	      1.00808	     0.991742	      1.00438	      1.03592	      1.02969	      1.02443	      1.03282	
  1.47395e+08	      1.00934	      1.00891	     0.999065	     0.999102	      1.00058	      1.00322	      1.00758	     0.996935	      1.03681	      1.02856	      1.02886	      1.03242	
  1.47475e+08	      1.01340	      1.01289	      1.00388	      1.00170	     0.991363	      1.00673	      1.01157	      1.01037	      1.04062	      1.02323	      1.03814	      1.03549	
  1.47555e+08	      1.01852	      1.02045	      1.00187	      1.00949	     0.997826	      1.00854	      1.01525	      1.01607	      1.03886	      1.03357	      1.03989	      1.04648	
  1.47635e+08	      1.02143	      1.01232	      1.00453	      1.00446	     0.995616	      1.00248	      1.02779	      1.02078	      1.03351	      1.02918	      1.03788	      1.03937	
  1.47715e+08	      1.00258	     0.997840	     0.986413	     0.994983	     0.986213	     0.985695	      1.02084	      1.00846	      1.02124	      1.01779	      1.02925	      1.02814	
  1.47795e+08	      1.36187	      1.33896	      1.35771	      1.35321	      1.49911	      1.47264	      1.88221	      1.71168	      1.75051	      1.66206	      1.75348	      1.68151	
  1.47875e+08	      1.37397	      1.34933	      1.38026	      1.36854	      1.51785	      1.48860	      1.89962	      1.72606	      1.76676	      1.67869	      1.76490	      1.69595	
  1.47955e+08	      1.00011	     0.999678	     0.985636	     0.985849	     0.995490	     0.992513	      1.02557	      1.01945	      1.02692	      1.02338	      1.02509	      1.03162	
  1.48035e+08	      1.01388	      1.02567	      1.00769	      1.00712	      1.01415	      1.01476	      1.03698	      1.03716	      1.04552	      1.03550	      1.05209	      1.04315	
  1.48115e+08	      1.01876	      1.01105	      1.00450	      1.00746	      1.01766	      1.01125	      1.04360	      1.03892	      1.04097	      1.03488	      1.04680	      1.04652	
  1.48195e+08	      1.02112	      1.01342	      1.00322	      1.00077	      1.01167	      1.01395	      1.03085	      1.02389	      1.05319	      1.04084	      1.05353	      1.04807	
  1.48275e+08	      1.00385	      1.00890	      1.00271	      1.01295	      1.01710	      1.01200	      1.01987	      1.01979	      1.04402	      1.03433	      1.05523	      1.04641	
  1.48355e+08	      1.00829	      1.00847	      1.00586	      1.00979	      1.01515	      1.01337	      1.02460	      1.02880	      1.04456	      1.03286	      1.04813	      1.05355	
  1.48435e+08	     0.997837	      1.00480	      1.00104	      1.01343	      1.01426	      1.01161	      1.02212	      1.03547	      1.05047	      1.04332	      1.04511	      1.04903	
  1.48515e+08	      1.00192	      1.00011	     0.999899	      1.01846	      1.01323	      1.01315	      1.03846	      1.03053	      1.04410	      1.03953	      1.03030	      1.04660	
  1.48595e+08	     0.993551	      1.00570	     0.998942	      1.01243	      1.01603	      1.01030	      1.03414	      1.02195	      1.04278	      1.03682	      1.03437	      1.04229	
  1.48675e+08	     0.996353	      1.00202	     0.991429	      1.01631	      1.02047	      1.01494	      1.03242	      1.03489	      1.04959	      1.04295	      1.03243	      1.04211	
  1.48755e+08	     0.993320	     0.996410	      1.00285	      1.01130	      1.02182	      1.01818	      1.04380	      1.02998	      1.04925	      1.03894	      1.03392	      1.03920	
  1.48835e+08	     0.993336	     0.999055	     0.997892	      1.00922	      1.02775	      1.02439	      1.02842	      1.04102	      1.04832	      1.04295	      1.03699	      1.03624	
  1.48915e+08	     0.998280	      1.00847	     0.998289	      1.01152	      1.03107	      1.02989	      1.03217	      1.02335	      1.04952	      1.04119	      1.02650	      1.03067	
  1.48995e+08	     0.985640	     0.994702	     0.989567	     0.999771	      1.01981	      1.02159	      1.02425	      1.02548	      1.03790	      1.02909	      1.02161	      1.02245	
  1.49075e+08	      1.37137	      1.35318	      1.38327	      1.37063	      1.52282	      1.49297	      1.90030	      1.73761	      1.76996	      1.67940	      1.76811	      1.69767	
  1.49155e+08	      1.37960	      1.36529	      1.38827	      1.38330	      1.53275	      1.49959	      1.91740	      1.74990	      1.78076	      1.68994	      1.77844	      1.70718	
  1.49235e+08	     0.977772	     0.986298	     0.993917	     0.988980	      1.02510	      1.01856	      1.02622	      1.01564	      1.03502	      1.02758	      1.02186	      1.02213	
  1.49315e+08	     0.996906	      1.00136	      1.00307	      1.01249	      1.04231	      1.03908	      1.04007	      1.03692	      1.04654	      1.04352	      1.04143	      1.04128	
  1.49395e+08	     0.997609	      1.00496	      1.00928	      1.01406	      1.04977	      1.04429	      1.04396	      1.03558	      1.04939	      1.03965	      1.03743	      1.04237	
  1.49475e+08	      1.00150	     0.998763	      1.01399	      1.01795	      1.05142	      1.04380	      1.05043	      1.02760	      1.04364	      1.03757	      1.03296	      1.03300	
  1.49555e+08	      1.00026	      1.00283	      1.01044	      1.01668	      1.04534	      1.04480	      1.04784	      1.04271	      1.03943	      1.03947	      1.03502	      1.03693	
  1.49635e+08	     0.996504	      1.00210	      1.01188	      1.00616	      1.03880	      1.04198	      1.03965	      1.03582	      1.03957	      1.03842	      1.02459	      1.03385	
  1.49715e+08	     0.997525	      1.00199	      1.00952	      1.01493	      1.04463	      1.04080	      1.04135	      1.03358	      1.04885	      1.04000	      1.02546	      1.03848	
  1.49795e+08	     0.986321	      1.00237	      1.01888	      1.01337	      1.04756	      1.03532	      1.04319	      1.03353	      1.04191	      1.03646	      1.01985	      1.04529	
  1.49875e+08	     0.994934	     0.993018	      1.01531	      1.02524	      1.04225	      1.03927	      1.03405	      1.03308	      1.04720	      1.03998	      1.02451	      1.03583	
  1.49955e+08	     0.999361	     0.985273	      1.01708	      1.02548	      1.03525	      1.03500	      1.04394	      1.03387	      1.04057	      1.03171	      1.02342	      1.04184	
  1.50035e+08	     0.992389	     0.992383	      1.01993	      1.01601	      1.04169	      1.03207	      1.04206	      1.03257	      1.04763	      1.03819	      1.02197	      1.03772	
  1.50115e+08	     0.997009	     0.989934	      1.01976	      1.02489	      1.03839	      1.04053	      1.03751	      1.03741	      1.04482	      1.04539	      1.02842	      1.04552	
  1.50195e+08	     0.993053	     0.997973	      1.01822	      1.02372	      1.03798	      1.03962	      1.01290	      1.03301	      1.04438	      1.03960	      1.03117	      1.04314	
  1.50275e+08	     0.979861	     0.986114	     0.997137	      1.01211	      1.02556	      1.02257	      1.01507	      1.01306	      1.03451	      1.02645	      1.01923	      1.03123	
  1.50355e+08	      1.37631	      1.35979	      1.39254	      1.38756	      1.53066	      1.50271	      1.91823	      1.74573	      1.77767	      1.68760	      1.77364	      1.70321	
  1.50435e+08	      1.37729	      1.36295	      1.39252	      1.39216	      1.53030	      1.50546	      1.92251	      1.74962	      1.77802	      1.69157	      1.77283	      1.70122	
  1.50515e+08	     0.980129	     0.974311	      1.00034	     0.993547	      1.02392	      1.02038	      1.00828	     0.994768	      1.03079	      1.02853	      1.01880	      1.02332	
  1.50595e+08	     0.998276	      1.00764	      1.02444	      1.02667	      1.05120	      1.04258	      1.01885	      1.03432	      1.05073	      1.04888	      1.03575	      1.03583	
  1.50675e+08	      1.00593	      1.00731	      1.02665	      1.03052	      1.04609	      1.04588	      1.01011	      1.02961	      1.04652	      1.05257	      1.03044	      1.04297	
  1.50755e+08	      1.00445	      1.01409	      1.02943	      1.02468	      1.04970	      1.04601	      1.02388	      1.02483	      1.03976	      1.04976	      1.02732	      1.03746	
  1.50835e+08	      1.00329	      1.00701	      1.03141	      1.02903	      1.04396	      1.05028	      1.02841	      1.02679	      1.04573	      1.04644	      1.02645	      1.03400	
  1.50915e+08	      1.00742	      1.00515	      1.03229	      1.02436	      1.04668	      1.04621	      1.02056	      1.03296	      1.04351	      1.04849	      1.02612	      1.03358	
  1.50995e+08	      1.00732	      1.01076	      1.03359	      1.02760	      1.04559	      1.04598	      1.02340	      1.02124	      1.04645	      1.04443	      1.01872	      1.03262	
  1.51075e+08	      1.00778	      1.00607	      1.03329	      1.03636	      1.04160	      1.04654	      1.01084	      1.01330	      1.04313	      1.04380	      1.02449	      1.04020	
  1.51155e+08	      1.00348	      1.00510	      1.03394	      1.02696	      1.04373	      1.04290	      1.02257	      1.01753	      1.04169	      1.04643	      1.02413	      1.03269	
  1.51235e+08	      1.00490	      1.01081	      1.03217	      1.03202	      1.03834	      1.04260	      1.01720	      1.01775	      1.04618	      1.05072	      1.02986	      1.03348	
  1.51315e+08	      1.00773	      1.00870	      1.03523	      1.03428	      1.03792	      1.03888	      1.02227	      1.03219	      1.04226	      1.04028	      1.02860	      1.03968	
  1.51395e+08	      1.00402	     0.991555	      1.02606	      1.03069	      1.03635	      1.03170	      1.03215	      1.02988	      1.04073	      1.03612	      1.02221	      1.03345	
  1.51475e+08	     0.998532	      1.00680	      1.03466	      1.02811	      1.03014	      1.03340	      1.02252	      1.02372	      1.04074	      1.04086	      1.02170	      1.03521	
  1.51555e+08	     0.984764	     0.984299	      1.02042	      1.01093	      1.00945	      1.01686	      1.00120	      1.00603	      1.01601	      1.01914	      1.01622	      1.02027	
  1.51635e+08	      1.36998	      1.35114	      1.38592	      1.38052	      1.51991	      1.49682	      1.90877	      1.73596	      1.76664	      1.68616	      1.75829	      1.68736	
  1.51715e+08	      1.37040	      1.34786	      1.37970	      1.37676	      1.51557	      1.49131	      1.89689	      1.72982	      1.75999	      1.67832	      1.74900	      1.67821	
  1.51795e+08	     0.990496	     0.984941	      1.01602	      1.01024	      1.00301	      1.01220	     0.997060	      1.01804	      1.01429	      1.01985	      1.00441	      1.01170	
  1.51875e+08	      1.00446	      1.00433	      1.03327	      1.02675	      1.02698	      1.03133	      1.01848	      1.02052	      1.04157	      1.03922	      1.02109	      1.03080	
  1.51955e+08	      1.00959	      1.00319	      1.03503	      1.02615	      1.03179	      1.03207	      1.01289	      1.02078	      1.03873	      1.03973	      1.01999	      1.03323	
  1.52035e+08	     0.998170	      1.00491	      1.02374	      1.02438	      1.02910	      1.03018	      1.01915	      1.02463	      1.03944	      1.04810	      1.01984	      1.02555	
  1.52115e+08	      1.00927	      1.00969	      1.02578	      1.02516	      1.02493	      1.03335	      1.01532	      1.02579	      1.03461	      1.04341	      1.02292	      1.02402	
  1.52195e+08	      1.00654	      1.00561	      1.02056	      1.02376	      1.02427	      1.03022	      1.00439	      1.02848	      1.03826	      1.04314	      1.02148	      1.03121	
  1.52275e+08	     0.990318	      1.00433	      1.01244	      1.02213	      1.02348	      1.02653	      1.01407	      1.02321	      1.02554	      1.03474	      1.01602	      1.02967	
  1.52355e+08	     0.999403	      1.00532	      1.01466	      1.02260	      1.02344	      1.02367	      1.03383	      1.01829	      1.03592	      1.03519	      1.02500	      1.02293	
  1.52435e+08	     0.999025	      1.00730	      1.00870	      1.01910	      1.02797	      1.02330	      1.02014	      1.02646	      1.03101	      1.03302	      1.02715	      1.03613	
  1.52515e+08	     0.998284	     0.997940	      1.01001	      1.01585	      1.01007	      1.02726	      1.01763	      1.03172	      1.02904	      1.03518	      1.02372	      1.04085	
  1.52595e+08	     0.989229	      1.00483	      1.01286	      1.01602	      1.01419	      1.01318	      1.02611	      1.02176	      1.03056	      1.03143	      1.02946	      1.03141	
  1.52675e+08	     0.994965	     0.998185	      1.01616	      1.01578	      1.01335	      1.01462	      1.01721	      1.03463	      1.02066	      1.02910	      1.02345	      1.03540	
  1.52755e+08	     0.994655	      1.00439	      1.00418	      1.01696	      1.00550	      1.02104	      1.02869	      1.02777	      1.02000	      1.02884	      1.02665	      1.03434	
  1.52835e+08	     0.981767	     0.984276	     0.996057	      1.00006	     0.994644	      1.00505	      1.00783	      1.01968	      1.00332	      1.00833	      1.00091	      1.01367	
  1.52915e+08	      1.36065	      1.34357	      1.37225	      1.36931	      1.50472	      1.48122	      1.88344	      1.71837	      1.74634	      1.66576	      1.73522	      1.66373	
  1.52995e+08	      1.34888	      1.33413	      1.36561	      1.36542	      1.49589	      1.47413	      1.87166	      1.71000	      1.73633	      1.65643	      1.72861	      1.65360	
  1.53075e+08	     0.977376	     0.985674	     0.991047	     0.988196	     0.989007	     0.993130	      1.00475	      1.01188	      1.00643	      1.01384	      1.00025	      1.00835	
  1.53155e+08	     0.994257	      1.00323	      1.00351	      1.00656	      1.00699	      1.01372	      1.01582	      1.02518	      1.02412	      1.03038	      1.01649	      1.02299	
  1.53235e+08	     0.999074	      1.00129	     0.999094	      1.00534	      1.00644	      1.01505	      1.01717	      1.00709	      1.02653	      1.02226	      1.01512	      1.02477	
  1.53315e+08	     0.994833	      1.00988	      1.00063	      1.00082	      1.01606	      1.01342	      1.00728	      1.01660	      1.02420	      1.02209	      1.01789	      1.02082	
  1.53395e+08	     0.996467	      1.00908	      1.00600	      1.00369	      1.01217	      1.01571	     0.996501	      1.01689	      1.01798	      1.02242	      1.01552	      1.01385	
  1.53475e+08	     0.995991	      1.00407	     0.996853	      1.00639	      1.00674	      1.01113	     0.999209	      1.01314	      1.01315	      1.01703	      1.01489	      1.01550	
  1.53555e+08	      1.00147	     0.999468	      1.00071	      1.00322	      1.01098	      1.01116	     0.998366	      1.01268	      1.01073	      1.01647	      1.01376	      1.01618	
  1.53635e+08	      1.00025	     0.996673	      1.00012	      1.00026	     0.998354	      1.00644	      1.00374	      1.01304	      1.01148	      1.01583	      1.00655	      1.01475	
  1.53715e+08	      1.00146	     0.999001	     0.996963	     0.998723	      1.01111	      1.00779	      1.00957	      1.01413	      1.01215	      1.01644	      1.01138	      1.01143	
  1.53795e+08	      1.00024	     0.993749	     0.994339	      1.00078	      1.00395	      1.00882	      1.01323	      1.01497	      1.00130	      1.00827	      1.00843	      1.01662	
  1.53875e+08	     0.999752	     0.997393	     0.990393	     0.996810	      1.00781	      1.00632	      1.01265	      1.02268	      1.01242	      1.01006	      1.01395	      1.01596	
  1.53955e+08	     0.995975	     0.995284	     0.987502	     0.995795	      1.00357	      1.00510	      1.00617	      1.02358	      1.01171	      1.01041	      1.00726	      1.02097	
  1.54035e+08	     0.999052	     0.994219	     0.985414	     0.993026	      1.00451	      1.00424	     0.998084	      1.01327	      1.00961	      1.01076	     0.997772	      1.01074	
  1.54115e+08	     0.983680	     0.977890	     0.966927	     0.981596	     0.986011	     0.986874	      1.00002	     0.998432	     0.989688	      1.00146	     0.990289	      1.00048	
  1.54195e+08	      1.33950	      1.32626	      1.36040	      1.35844	      1.48395	      1.45806	      1.86428	      1.69925	      1.72250	      1.64807	      1.71627	      1.63971	
  1.54275e+08	      1.33728	      1.33013	      1.35779	      1.35788	      1.47912	      1.45929	      1.86299	      1.69421	      1.71701	      1.64246	      1.70710	      1.63121	
  1.54355e+08	     0.983285	     0.977026	     0.969330	     0.975054	     0.982914	     0.987352	      1.00603	      1.00258	     0.992541	     0.997019	     0.982986	     0.990025	
  1.54435e+08	     0.996035	     0.997219	     0.988182	     0.993917	      1.00384	      1.00812	      1.02654	      1.01686	      1.01119	      1.01231	      1.00806	      1.01228	
  1.54515e+08	     0.997510	     0.998314	     0.987461	     0.990806	     0.999508	      1.00215	      1.02345	      1.02222	      1.00761	      1.01183	      1.00119	      1.00541	
  1.54595e+08	     0.992373	     0.996051	     0.986968	     0.996414	      1.00309	      1.00501	      1.02273	      1.02505	      1.00739	      1.01306	     0.997765	      1.00908	
  1.54675e+08	     0.986809	     0.983090	     0.981854	     0.997124	     0.999072	      1.00205	      1.01682	      1.02699	      1.00380	      1.01210	      1.00643	      1.00882	
  1.54755e+08	     0.981501	     0.985405	     0.982738	     0.990513	     0.998650	      1.00279	      1.01572	      1.01751	      1.00692	      1.01102	      1.00239	      1.00200	
  1.54835e+08	     0.987517	     0.983095	     0.979949	     0.993183	     0.995360	      1.00234	      1.01472	      1.01739	     0.997611	      1.00851	     0.997901	      1.00331	
  1.54915e+08	     0.986599	     0.983527	     0.985489	     0.990442	      1.00074	     0.996979	      1.01391	      1.01352	     0.998904	      1.00511	      1.01457	      1.00595	
  1.54995e+08	     0.986523	     0.984329	     0.990941	     0.982451	     0.997660	     0.998549	      1.00324	      1.00498	     0.998219	      1.00612	      1.00190	      1.01133	
  1.55075e+08	     0.984722	     0.983658	     0.980366	     0.988919	     0.997182	     0.995816	     0.990816	      1.01645	     0.999324	      1.00360	      1.01001	      1.00689	
  1.55155e+08	     0.981652	     0.979311	     0.982165	     0.990340	     0.993658	     0.993052	     0.987777	     0.992813	     0.996752	      1.00606	      1.01084	      1.01304	
  1.55235e+08	     0.976012	     0.977396	     0.979178	     0.984484	     0.999849	     0.996353	     0.980493	     0.984789	     0.997699	      1.00518	      1.01103	      1.00475	
  1.55315e+08	     0.974173	     0.977487	     0.982737	     0.986930	     0.991024	     0.988928	     0.966761	     0.975299	      1.00131	      1.00493	      1.00023	      1.00259	
  1.55395e+08	     0.958010	     0.961837	     0.962828	     0.961062	     0.974101	     0.979132	     0.954026	     0.979874	     0.977264	     0.991359	     0.987973	     0.985774	
  1.55475e+08	      1.33078	      1.32349	      1.34428	      1.35188	      1.47366	      1.44648	      1.85515	      1.68668	      1.70945	      1.63502	      1.69181	      1.62166	
  1.55555e+08	      1.33989	      1.32535	      1.34934	      1.35779	      1.47509	      1.44710	      1.85631	      1.69218	      1.71096	      1.63609	      1.69109	      1.61929	
  1.55635e+08	     0.951781	     0.956124	     0.959557	     0.962637	     0.973508	     0.976118	     0.970771	     0.966858	     0.984355	     0.985873	     0.985903	     0.978136	
  1.55715e+08	     0.970607	     0.972650	     0.979712	     0.984388	     0.990412	     0.992264	     0.980548	     0.993473	      1.00292	      1.00286	      1.00379	      1.00553	
  1.55795e+08	     0.971224	     0.975850	     0.991793	     0.994414	     0.990086	     0.994646	     0.978583	     0.988618	      1.00257	      1.01133	      1.00514	      1.00616	
  1.55875e+08	     0.969962	     0.972509	     0.986165	     0.992800	     0.990138	     0.996126	     0.987499	     0.991335	      1.00612	      1.00722	      1.00210	      1.00033	
  1.55955e+08	     0.964316	     0.969525	     0.993012	     0.997811	     0.989216	     0.996929	     0.977889	     0.990518	      1.00371	      1.00575	     0.998226	      1.00017	
  1.56035e+08	     0.968915	     0.970471	     0.994352	     0.994316	     0.990172	     0.993979	     0.984920	     0.991066	      1.00644	      1.00712	     0.994554	     0.993559	
  1.56115e+08	     0.965694	     0.970205	     0.992157	     0.996513	     0.994883	     0.992410	     0.987805	     0.992286	      1.00668	      1.00750	     0.991544	      1.00005	
  1.56195e+08	     0.964870	     0.962987	     0.988371	     0.996824	     0.992711	     0.994970	     0.988051	      1.00689	     0.998904	      1.00814	     0.993178	     0.993879	
  1.56275e+08	     0.964408	     0.966165	     0.995025	      1.00122	     0.989843	     0.992487	     0.995581	     0.999770	      1.00683	      1.00578	     0.995458	     0.999608	
  1.56355e+08	     0.963986	     0.969450	     0.991139	     0.997250	     0.990711	     0.996555	     0.996596	      1.00596	      1.00392	      1.00532	     0.994143	     0.992812	
  1.56435e+08	     0.966133	     0.967778	     0.983831	     0.998099	     0.989539	      1.00246	     0.999491	     0.995067	      1.01162	      1.00827	     0.990364	     0.998790	
  1.56515e+08	     0.964672	     0.966664	     0.990083	      1.00189	     0.994066	     0.994252	     0.988795	      1.00418	      1.01143	      1.00632	     0.999405	     0.996612	
  1.56595e+08	     0.966037	     0.974345	     0.990554	      1.00045	     0.996035	     0.999867	      1.00108	      1.00526	      1.00888	      1.00757	     0.989317	     0.987008	
  1.56675e+08	     0.950990	     0.958232	     0.971508	     0.985496	     0.982586	     0.986208	     0.998089	      1.00860	     0.992199	     0.989178	     0.981843	     0.977872	
  1.56755e+08	      1.33923	      1.32467	      1.35071	      1.36076	      1.47269	      1.44519	      1.85281	      1.69574	      1.70835	      1.63351	      1.68673	      1.61269	
  1.56835e+08	      1.34748	      1.33577	      1.35830	      1.36929	      1.47780	      1.45195	      1.85780	      1.70610	      1.71739	      1.64030	      1.69622	      1.61624	
  1.56915e+08	     0.952760	     0.951847	     0.971018	     0.980872	     0.981278	     0.980766	     0.985846	     0.987539	     0.986126	     0.991387	     0.980725	     0.979101	
  1.56995e+08	     0.969973	     0.976812	     0.986137	     0.996029	      1.00170	      1.00418	      1.00418	      1.01000	      1.00860	      1.00547	      1.00104	      1.00119	
  1.57075e+08	     0.971026	     0.973574	     0.990756	      1.00510	     0.999697	      1.00662	      1.00295	      1.00353	      1.00780	      1.00682	      1.01045	      1.00576	
  1.57155e+08	     0.971147	     0.976029	     0.993201	      1.00290	      1.00272	      1.00569	      1.00228	      1.00523	      1.00591	      1.00395	      1.01152	     0.996658	
  1.57235e+08	     0.972466	     0.978068	     0.996189	      1.01075	     0.996781	      1.00286	     0.999363	      1.00188	      1.00251	      1.00698	      1.00543	      1.00818	
  1.57315e+08	     0.976078	     0.978368	     0.991304	      1.00619	     0.999279	      1.00240	      1.00546	      1.01413	     0.995333	     0.998796	      1.01959	      1.00444	
  1.57395e+08	     0.972003	     0.981959	     0.996367	      1.00811	     0.997977	      1.00303	     0.990309	      1.00418	      1.00295	      1.00080	      1.01823	      1.01083	
  1.57475e+08	     0.975108	     0.983261	     0.995852	      1.00979	     0.990612	      1.00239	     0.999214	      1.00159	     0.995906	      1.00222	      1.00224	      1.00554	
  1.57555e+08	     0.977859	     0.986071	      1.00508	      1.00862	      1.00617	      1.00172	     0.994632	      1.00474	      1.00269	     0.999081	      1.00784	      1.00564	
  1.57635e+08	     0.989861	     0.978884	     0.998700	      1.00661	      1.00075	     0.998225	      1.00104	     0.999286	      1.00061	     0.999138	      1.01417	      1.00702	
  1.57715e+08	     0.978028	     0.981713	     0.999159	      1.00718	      1.00394	      1.00264	     0.996656	     0.998229	      1.00107	     0.998018	      1.01546	      1.00274	
  1.57795e+08	     0.976674	     0.979789	     0.997747	      1.00538	      1.00035	     0.997856	      1.00283	     0.999809	     0.999022	      1.00189	      1.01661	      1.00029	
  1.57875e+08	     0.977339	     0.983117	      1.00247	      1.00172	      1.00202	     0.996240	     0.995429	      1.01122	     0.996306	     0.999803	      1.01048	      1.00314	
  1.57955e+08	     0.968798	     0.967394	     0.979612	     0.991053	     0.989175	     0.988553	     0.993119	     0.994470	     0.993076	     0.987279	     0.995011	     0.987578	
  1.58035e+08	      1.34980	      1.33809	      1.35870	      1.36797	      1.47797	      1.45334	      1.86129	      1.70402	      1.71889	      1.64197	      1.69206	      1.61579	
  1.58115e+08	      1.36136	      1.35079	      1.37259	      1.38016	      1.48940	      1.46360	      1.87684	      1.71487	      1.73065	      1.65333	      1.70179	      1.62443	
  1.58195e+08	     0.977943	     0.975486	     0.983323	     0.992218	     0.993857	     0.994854	     0.997654	     0.989634	     0.991727	     0.986873	     0.994262	     0.988472	
  1.58275e+08	     0.995360	     0.996245	      1.00374	     0.998579	      1.00934	      1.01729	      1.01682	      1.00607	      1.00997	      1.01551	      1.02006	      1.00168	
  1.58355e+08	     0.999518	      1.00213	      1.00671	      1.00891	      1.01229	      1.01140	      1.01358	      1.00480	      1.00986	      1.01766	      1.02095	      1.00350	
  1.58435e+08	      1.00976	      1.01421	      1.00757	      1.00697	      1.01651	      1.01394	      1.00998	      1.00157	      1.01205	      1.01680	      1.02075	      1.01059	
  1.58515e+08	      1.01488	      1.01318	      1.00933	      1.00358	      1.01884	      1.01643	      1.01500	      1.00998	      1.01439	      1.01923	      1.01830	      1.00924	
  1.58595e+08	      1.00594	      1.02142	      1.00588	      1.00386	      1.01849	      1.01685	      1.01214	      1.00736	      1.01408	      1.01637	      1.01047	     0.999373	
  1.58675e+08	      1.02011	      1.01367	      1.00267	      1.01144	      1.01067	      1.01129	      1.02189	      1.01361	      1.01300	      1.01296	      1.01279	      1.00329	
  1.58755e+08	      1.02063	      1.01558	      1.00986	      1.01510	      1.01657	      1.01575	      1.01189	      1.00865	      1.00710	      1.00315	      1.01228	     0.986201	
  1.58835e+08	      1.02142	      1.02522	      1.01163	      1.01794	      1.01732	      1.01419	      1.02093	      1.00360	      1.00654	      1.00884	      1.01183	     0.986678	
  1.58915e+08	      1.02439	      1.02191	      1.01367	      1.01338	      1.01033	      1.00830	      1.01571	      1.01499	      1.01266	      1.00596	      1.00648	     0.999513	
  1.58995e+08	      1.03148	      1.02097	      1.01818	      1.01942	      1.01104	      1.01517	      1.02833	      1.02129	      1.00254	      1.00921	      1.01228	     0.994545	
  1.59075e+08	      1.02489	      1.02812	      1.02130	      1.02194	      1.01828	      1.01687	      1.02302	      1.01779	      1.00294	      1.00795	      1.01155	     0.997553	
  1.59155e+08	      1.02345	      1.02865	      1.01782	      1.01912	      1.01660	      1.01489	      1.02274	      1.01288	      1.00300	     0.998528	      1.00389	     0.992825	
  1.59235e+08	      1.01118	      1.00840	      1.01009	      1.00609	      1.00044	      1.00046	      1.00932	      1.01115	     0.984832	     0.997933	     0.993890	     0.977130	
  1.59315e+08	      1.36220	      1.35512	      1.37818	      1.38820	      1.49382	      1.46613	      1.87896	      1.71570	      1.73348	      1.65532	      1.70617	      1.62585	
  1.59395e+08	      1.37578	      1.36698	      1.39060	      1.39819	      1.50568	      1.47470	      1.89731	      1.73121	      1.74668	      1.66481	      1.71396	      1.63175	
  1.59475e+08	      1.01665	      1.01912	      1.01155	      1.00977	      1.00400	     0.997869	     0.992294	     0.998902	     0.990040	     0.992282	      1.00865	     0.992712	
  1.59555e+08	      1.03108	      1.03858	      1.03125	      1.02444	      1.02210	      1.01408	      1.02205	      1.01803	      1.01284	      1.01101	      1.01410	      1.01108	
  1.59635e+08	      1.03571	      1.03884	      1.02439	      1.02801	      1.02122	      1.01798	      1.01359	      1.01622	      1.01312	      1.00776	      1.01387	      1.01554	
  1.59715e+08	      1.03385	      1.04002	      1.02826	      1.03145	      1.01716	      1.01341	      1.02385	      1.00741	      1.01162	      1.00887	      1.02011	      1.01168	
  1.59795e+08	      1.03077	      1.04026	      1.02938	      1.02896	      1.01379	      1.02199	      1.01372	      1.00373	      1.00844	      1.00618	      1.01239	      1.00271	
  1.59875e+08	      1.03940	      1.04261	      1.03495	      1.03437	      1.01464	      1.01031	      1.01650	      1.01355	      1.00885	      1.00901	      1.01321	      1.00094	
  1.59955e+08	      1.02899	      1.04205	      1.03462	      1.03614	      1.01530	      1.01329	      1.02595	      1.01532	      1.00375	      1.00988	      1.01118	      1.00838	
  1.60035e+08	      1.03238	      1.04247	      1.03925	      1.03663	      1.00689	      1.01493	      1.02622	      1.01611	     0.998900	      1.01378	      1.00866	      1.00122	
  1.60115e+08	      1.03276	      1.04115	      1.03804	      1.03072	      1.01568	      1.01307	      1.03460	      1.02247	      1.00700	      1.01292	      1.00770	      1.01051	
  1.60195e+08	      1.03732	      1.04058	      1.03652	      1.03124	      1.00962	      1.01005	      1.03350	      1.01036	      1.00806	      1.00932	      1.00283	      1.00074	
  1.60275e+08	      1.03536	      1.03552	      1.03480	      1.03558	      1.00915	      1.00254	      1.03567	      1.02698	      1.01117	      1.00838	      1.01433	     0.998678	
  1.60355e+08	      1.03391	      1.03037	      1.03890	      1.03251	      1.01230	      1.00616	      1.03654	      1.02191	      1.01383	      1.01241	      1.01855	     0.996475	
  1.60435e+08	      1.02856	      1.02835	      1.03767	      1.03457	      1.00985	      1.00916	      1.03169	      1.01487	      1.01742	      1.00858	      1.01683	     0.993454	
  1.60515e+08	      1.01819	      1.01097	      1.02333	      1.02077	     0.999962	     0.994040	      1.01581	      1.00114	     0.999030	      1.00377	     0.993612	     0.981627	
  1.60595e+08	      1.37193	      1.36649	      1.39521	      1.39868	      1.50564	      1.47458	      1.90157	      1.73458	      1.74719	      1.66558	      1.71171	      1.62799	
  1.60675e+08	      1.38035	      1.37249	      1.40492	      1.40407	      1.51108	      1.47812	      1.91108	      1.74514	      1.75024	      1.67040	      1.71351	      1.62988	
  1.60755e+08	      1.00224	     0.996460	      1.01931	      1.01869	     0.997942	     0.995604	      1.01494	      1.01581	      1.00406	      1.00365	     0.990189	     0.977439	
  1.60835e+08	      1.02572	      1.02888	      1.03957	      1.03956	      1.02149	      1.01604	      1.04634	      1.03272	      1.02875	      1.02099	      1.00009	     0.997448	
  1.60915e+08	      1.02522	      1.02093	      1.03669	      1.03627	      1.02468	      1.01403	      1.04905	      1.03849	      1.02414	      1.02250	      1.00502	     0.995022	
  1.60995e+08	      1.01726	      1.02470	      1.02763	      1.02948	      1.02232	      1.01192	      1.05397	      1.03711	      1.01689	      1.02055	      1.00274	     0.997572	
  1.61075e+08	      1.01920	      1.02388	      1.03605	      1.03519	      1.01275	      1.01598	      1.04388	      1.03997	      1.02359	      1.01772	      1.00651	     0.997933	
  1.61155e+08	      1.01755	      1.02642	      1.02153	      1.03523	      1.02096	      1.02229	      1.04481	      1.03762	      1.01837	      1.02087	      1.00980	     0.990590	
  1.61235e+08	      1.02095	      1.02066	      1.03402	      1.03380	      1.02005	      1.01811	      1.03452	      1.03778	      1.02040	      1.02283	      1.00787	      1.00041	
  1.61315e+08	      1.01880	      1.02199	      1.03548	      1.04278	      1.02341	      1.01440	      1.03886	      1.02962	      1.01816	      1.01964	      1.00379	     0.999038	
  1.61395e+08	      1.02503	      1.03348	      1.03701	      1.04532	      1.01732	      1.01578	      1.03299	      1.01874	      1.01457	      1.01486	      1.00270	      1.00302	
  1.61475e+08	      1.02385	      1.03267	      1.03894	      1.03875	      1.02337	      1.02092	      1.04081	      1.02132	      1.01366	      1.01638	     0.998908	     0.998476	
  1.61555e+08	      1.02901	      1.03339	      1.03558	      1.04198	      1.02567	      1.02074	      1.02582	      1.02063	      1.01693	      1.01155	      1.01334	      1.00395	
  1.61635e+08	      1.02703	      1.02967	      1.04360	      1.04387	      1.02371	      1.01931	      1.02993	      1.02326	      1.01646	      1.02191	      1.00909	      1.00336	
  1.61715e+08	      1.02626	      1.03216	      1.03668	      1.04166	      1.02967	      1.02660	      1.02622	      1.00750	      1.01851	      1.01745	      1.00523	      1.00066	
  1.61795e+08	      1.00507	      1.01072	      1.02239	      1.02590	      1.01242	      1.00577	     0.995912	     0.991391	     0.999393	      1.00404	     0.991205	     0.984395	
  1.61875e+08	      1.38860	      1.37173	      1.40240	      1.40240	      1.50830	      1.47355	      1.91133	      1.73818	      1.74895	      1.66339	      1.70652	      1.62325	
  1.61955e+08	      1.39160	      1.37446	      1.40582	      1.40293	      1.50673	      1.47524	      1.90851	      1.73233	      1.74568	      1.66137	      1.69919	      1.61796	
  1.62035e+08	      1.00377	      1.00570	      1.02613	      1.02752	      1.00901	      1.00529	     0.999349	     0.995159	     0.999803	      1.00045	     0.984728	     0.978592	
  1.62115e+08	      1.02016	      1.02500	      1.04647	      1.04935	      1.01972	      1.02682	      1.01670	      1.01345	      1.01858	      1.01963	      1.00581	      1.00242	
  1.62195e+08	      1.02505	      1.02355	      1.05119	      1.05157	      1.02618	      1.02809	      1.01611	      1.01950	      1.01956	      1.01997	      1.00654	      1.00013	
  1.62275e+08	      1.02582	      1.01732	      1.04976	      1.05167	      1.02080	      1.02192	      1.02065	      1.00937	      1.01886	      1.01902	      1.01370	     0.999382	
  1.62355e+08	      1.02261	      1.02694	      1.05791	      1.05307	      1.01984	      1.02270	      1.02630	      1.02166	      1.01928	      1.01906	      1.00212	     0.996874	
  1.62435e+08	      1.02100	      1.02562	      1.05037	      1.05379	      1.02827	      1.01890	      1.03312	      1.01999	      1.01769	      1.02163	      1.00352	     0.999169	
  1.62515e+08	      1.02147	      1.02804	      1.05062	      1.04703	      1.02511	      1.02237	      1.03148	      1.02448	      1.01892	      1.01533	     0.998745	      1.00552	
  1.62595e+08	      1.01788	      1.02636	      1.04770	      1.04660	      1.01800	      1.01553	      1.02861	      1.02006	      1.01028	      1.01164	      1.00359	     0.991119	
  1.62675e+08	      1.02151	      1.02148	      1.03765	      1.04580	      1.02425	      1.01734	      1.02094	      1.01398	      1.01234	      1.01265	      1.00654	     0.992674	
  1.62755e+08	      1.01283	      1.02731	      1.03856	      1.03953	      1.01715	      1.01704	      1.02021	      1.01945	      1.01040	      1.01161	      1.00173	     0.997097	
  1.62835e+08	      1.02434	      1.02109	      1.04086	      1.04435	      1.02104	      1.01120	      1.01954	      1.01528	      1.00664	      1.00880	     0.996932	     0.988492	
  1.62915e+08	      1.02092	      1.02657	      1.04655	      1.03774	      1.01379	      1.01142	      1.02766	      1.01241	      1.00513	      1.00639	      1.01005	     0.998672	
  1.62995e+08	      1.02537	      1.02005	      1.03727	      1.04164	      1.01060	      1.01048	      1.02346	      1.01486	      1.00229	      1.00464	     0.996583	     0.988849	
  1.63075e+08	      1.00721	      1.00744	      1.02564	      1.01410	     0.996558	     0.994223	      1.00205	      1.01268	     0.984104	     0.991479	     0.981708	     0.974709	
  1.63155e+08	      1.38792	      1.37105	      1.40139	      1.40022	      1.49789	      1.46542	      1.89582	      1.72445	      1.73746	      1.65198	      1.68751	      1.60581	
  1.63235e+08	      1.38728	      1.36938	      1.39927	      1.39285	      1.49185	      1.45904	      1.89112	      1.71610	      1.73020	      1.64372	      1.67793	      1.59727	
  1.63315e+08	     0.999791	     0.997804	      1.01825	      1.00915	     0.984005	     0.986162	      1.00030	     0.992696	     0.984078	     0.988161	     0.974753	     0.964171	
  1.63395e+08	      1.01714	      1.01634	      1.03694	      1.03555	      1.00284	      1.00340	      1.02545	      1.01719	      1.00460	      1.00286	     0.989641	     0.987660	
  1.63475e+08	      1.01395	      1.01689	      1.03486	      1.03684	      1.00657	      1.00835	      1.03272	      1.01144	      1.00190	      1.00351	     0.991195	     0.992070	
  1.63555e+08	      1.01992	      1.01358	      1.03474	      1.03528	      1.00944	      1.00848	      1.02060	      1.00985	      1.00066	      1.00347	     0.991665	     0.990541	
  1.63635e+08	      1.01380	      1.01962	      1.03616	      1.03614	      1.00450	      1.00204	      1.01792	      1.02146	      1.00690	      1.00606	     0.986145	     0.986723	
  1.63715e+08	      1.02289	      1.01904	      1.03350	      1.03679	      1.00046	      1.00310	      1.01032	      1.01269	      1.00227	      1.00309	     0.982723	     0.984309	
  1.63795e+08	      1.01568	      1.02022	      1.03262	      1.03119	     0.999884	      1.00314	      1.00877	      1.00804	      1.00204	      1.00787	     0.982202	     0.978966	
  1.63875e+08	      1.01546	      1.01740	      1.03045	      1.02852	     0.997217	      1.00373	      1.02052	      1.02037	     0.997872	     0.998431	     0.973352	     0.973697	
  1.63955e+08	      1.01843	      1.02077	      1.02647	      1.02450	     0.997752	     0.998499	      1.02113	      1.00938	      1.00068	     0.996739	     0.981351	     0.979131	
  1.64035e+08	      1.02072	      1.01977	      1.02910	      1.02085	     0.995381	      1.00136	      1.01899	      1.01266	     0.999128	      1.00116	     0.973893	     0.976885	
  1.64115e+08	      1.01904	      1.02232	      1.02246	      1.01421	     0.994506	     0.994304	      1.01451	      1.00863	     0.993532	     0.996152	     0.981182	     0.980724	
  1.64195e+08	      1.01779	      1.01975	      1.01419	      1.01350	     0.988530	     0.995874	      1.02306	      1.00804	     0.995063	      1.00407	     0.985516	     0.973518	
  1.64275e+08	      1.01799	      1.01556	      1.01189	      1.01080	     0.989812	     0.995257	      1.02434	      1.02010	     0.997065	     0.997583	     0.978433	     0.981303	
  1.64355e+08	     0.996864	      1.00565	     0.993522	     0.988923	     0.972316	     0.977383	      1.01622	     0.999202	     0.987358	     0.986197	     0.956102	     0.959510	
  1.64435e+08	      1.38121	      1.36194	      1.38665	      1.38020	      1.48051	      1.44754	      1.88160	      1.70370	      1.71399	      1.62726	      1.66441	      1.58304	
  1.64515e+08	      1.37284	      1.34685	      1.37683	      1.36986	      1.46678	      1.43365	      1.86699	      1.69090	      1.69779	      1.60976	      1.64744	      1.56690	
  1.64595e+08	     0.992360	     0.995258	     0.990917	     0.983233	     0.968718	     0.966255	     0.998237	     0.983291	     0.972188	     0.978762	     0.963136	     0.951221	
  1.64675e+08	      1.01719	      1.01483	      1.00735	      1.01151	     0.976468	     0.990657	      1.01196	      1.00878	      1.00160	     0.987683	     0.977088	     0.980332	
  1.64755e+08	      1.01700	      1.02300	      1.00693	      1.00795	     0.990034	     0.988999	      1.01653	      1.01408	     0.987139	     0.999569	     0.963021	     0.975747	
  1.64835e+08	      1.02233	      1.01821	      1.00452	      1.00474	     0.988474	     0.986294	      1.00897	      1.01074	     0.993416	     0.993438	     0.979350	     0.975007	
  1.64915e+08	      1.01818	      1.01736	      1.00496	      1.00348	     0.983391	     0.986137	      1.02245	      1.01113	     0.996563	     0.995120	     0.976440	     0.973163	
  1.64995e+08	      1.01489	      1.01721	     0.995782	     0.997680	     0.980218	     0.990869	      1.01392	     0.998931	     0.989440	     0.991951	     0.977114	     0.972953	
  1.65075e+08	      1.01500	      1.01831	     0.995886	      1.00089	     0.981144	     0.983333	      1.00460	      1.00144	     0.990141	     0.996370	     0.977616	     0.968528	
  1.65155e+08	      1.01252	      1.01534	     0.993627	     0.994392	     0.980512	     0.975962	      1.01124	     0.994379	     0.992000	     0.989059	     0.975820	     0.970106	
  1.65235e+08	      1.01131	      1.00971	     0.997398	     0.994953	     0.982340	     0.981447	     0.999111	     0.990906	     0.989620	     0.990686	     0.978831	     0.969847	
  1.65315e+08	      1.01627	      1.01233	     0.996400	     0.994492	     0.985351	     0.981872	      1.00516	     0.999371	     0.989315	     0.989274	     0.973671	     0.968475	
  1.65395e+08	      1.00919	      1.00765	     0.993989	     0.988673	     0.978140	     0.981888	      1.00829	     0.990410	     0.989970	     0.979554	     0.967463	     0.962449	
  1.65475e+08	      1.01045	      1.01261	     0.991087	     0.993101	     0.980489	     0.984120	      1.00979	     0.993804	     0.978743	     0.976750	     0.969122	     0.961211	
  1.65555e+08	      1.01252	      1.01058	     0.995000	     0.992790	     0.981361	     0.981134	      1.00696	     0.999394	     0.971844	     0.976448	     0.966121	     0.960921	
  1.65635e+08	     0.996066	     0.992239	     0.972720	     0.973849	     0.967350	     0.962486	     0.983547	     0.990462	     0.955106	     0.965016	     0.953154	     0.944197	
  1.65715e+08	      1.34647	      1.34444	      1.36767	      1.35804	      1.45252	      1.42059	      1.84811	      1.68006	      1.68501	      1.59444	      1.62937	      1.54891	
  1.65795e+08	      1.35388	      1.33175	      1.36030	      1.35108	      1.44049	      1.41043	      1.82980	      1.67003	      1.67217	      1.58176	      1.61465	      1.53602	
  1.65875e+08	     0.987097	     0.982157	     0.974912	     0.969145	     0.954644	     0.954394	     0.981763	     0.986335	     0.952439	     0.956458	     0.939084	     0.937165	
  1.65955e+08	      1.00722	     0.997003	     0.992418	     0.991490	     0.970460	     0.977010	      1.00602	      1.00003	     0.971913	     0.966018	     0.955576	     0.954800	
  1.66035e+08	      1.00814	      1.00917	     0.995643	     0.993581	     0.974706	     0.974136	     0.997369	      1.00120	     0.972863	     0.977626	     0.955036	     0.956238	
  1.66115e+08	      1.00773	      1.00465	     0.992824	     0.987878	     0.973563	     0.973580	      1.00122	      1.00125	     0.969852	     0.975191	     0.954890	     0.953167	
  1.66195e+08	      1.00204	      1.00453	     0.990366	     0.989052	     0.975947	     0.975624	     0.993607	     0.998161	     0.955207	     0.975717	     0.948315	     0.949700	
  1.66275e+08	      1.01016	      1.00111	     0.990764	     0.991446	     0.966093	     0.972784	     0.985503	     0.992762	     0.967379	     0.971379	     0.951521	     0.950305	
  1.66355e+08	      1.01034	      1.00179	     0.993603	     0.990010	     0.970396	     0.969304	     0.992849	     0.999847	     0.958900	     0.973689	     0.943896	     0.948771	
  1.66435e+08	      1.00576	     0.999884	     0.983481	     0.979429	     0.969507	     0.972404	     0.990480	     0.991130	     0.961428	     0.972068	     0.949375	     0.932783	
  1.66515e+08	     0.999293	      1.00957	     0.983334	     0.979589	     0.969872	     0.967624	     0.993765	     0.993528	     0.957584	     0.967623	     0.933651	     0.937173	
  1.66595e+08	     0.996140	     0.996768	     0.982085	     0.972582	     0.972734	     0.967617	     0.996010	     0.982593	     0.956986	     0.964597	     0.932198	     0.942558	
  1.66675e+08	     0.999561	     0.997998	     0.977236	     0.975130	     0.973549	     0.966553	     0.993372	     0.989940	     0.946687	     0.971524	     0.934529	     0.937262	
  1.66755e+08	     0.999035	     0.997150	     0.976687	     0.978599	     0.966463	     0.964536	      1.00403	     0.996453	     0.952234	     0.962995	     0.927178	     0.933512	
  1.66835e+08	     0.999225	     0.990760	     0.970747	     0.977958	     0.963687	     0.961405	     0.998869	     0.988474	     0.954825	     0.967600	     0.927118	     0.930408	
  1.66915e+08	     0.979466	     0.972386	     0.961338	     0.962451	     0.947587	     0.946334	     0.984437	     0.976985	     0.938006	     0.950734	     0.918647	     0.917557	
  1.66995e+08	      1.35637	      1.33116	      1.35051	      1.34259	      1.42933	      1.39958	      1.82490	      1.65492	      1.65943	      1.56990	      1.59773	      1.52212	
  1.67075e+08	      1.34411	      1.33031	      1.34804	      1.33830	      1.42286	      1.39255	      1.81619	      1.64265	      1.65067	      1.55871	      1.58945	      1.51297	
  1.67155e+08	     0.967634	     0.966309	     0.961416	     0.951874	     0.944773	     0.937143	     0.976060	     0.974000	     0.945479	     0.940899	     0.907395	     0.914953	
  1.67235e+08	     0.976922	     0.981695	     0.976635	     0.966382	     0.963324	     0.961069	     0.995613	     0.996121	     0.963477	     0.962214	     0.930653	     0.931621	
  1.67315e+08	     0.984799	     0.977533	     0.978141	     0.967793	     0.959541	     0.956979	     0.997983	     0.989106	     0.958794	     0.960596	     0.923892	     0.932101	
  1.67395e+08	     0.992874	     0.978140	     0.970123	     0.957617	     0.957250	     0.958692	     0.988900	     0.993010	     0.954742	     0.958650	     0.933917	     0.932853	
  1.67475e+08	     0.985718	     0.985060	     0.964690	     0.961508	     0.972839	     0.966282	     0.989911	     0.991832	     0.958864	     0.955367	     0.940678	     0.932056	
  1.67555e+08	     0.983478	     0.984136	     0.964006	     0.958536	     0.966065	     0.960437	     0.991908	     0.987101	     0.961542	     0.956529	     0.929756	     0.930325	
  1.67635e+08	     0.983702	     0.984839	     0.961731	     0.957904	     0.963067	     0.957241	     0.992944	     0.987258	     0.959830	     0.953129	     0.932956	     0.933108	
  1.67715e+08	     0.984291	     0.986491	     0.963812	     0.953582	     0.961981	     0.953706	     0.990599	     0.992378	     0.955104	     0.953312	     0.938912	     0.932863	
  1.67795e+08	     0.981677	     0.985710	     0.962965	     0.954689	     0.963351	     0.957484	     0.981723	     0.989337	     0.955504	     0.953286	     0.940591	     0.931263	
  1.67875e+08	     0.977411	     0.987033	     0.962500	     0.950432	     0.963287	     0.953124	      1.00372	     0.980257	     0.960299	     0.950415	     0.935834	     0.923645	
  1.67955e+08	     0.985124	     0.982900	     0.963598	     0.951354	     0.959427	     0.949957	     0.999093	     0.990432	     0.960962	     0.957500	     0.928456	     0.921354	
  1.68035e+08	     0.984870	     0.982700	     0.961615	     0.950538	     0.956356	     0.951163	     0.999100	     0.995017	     0.966046	     0.951091	     0.922891	     0.921475	
  1.68115e+08	     0.979794	     0.980450	     0.953713	     0.947109	     0.951361	     0.952689	     0.992667	     0.994002	     0.954333	     0.957892	     0.918156	     0.913812	
  1.68195e+08	     0.965586	     0.957222	     0.934985	     0.928551	     0.949478	     0.941496	     0.990970	     0.976220	     0.941845	     0.941409	     0.904726	     0.907077	
  1.68275e+08	      1.33174	      1.32707	      1.33957	      1.32852	      1.41456	      1.38396	      1.80869	      1.63222	      1.64083	      1.54893	      1.58121	      1.50232	
  1.68355e+08	      1.33419	      1.32796	      1.34025	      1.33068	      1.40988	      1.38159	      1.80820	      1.63261	      1.63971	      1.54689	      1.57822	      1.49790	
  1.68435e+08	     0.951985	     0.947378	     0.927627	     0.922600	     0.933881	     0.930828	     0.983629	     0.970411	     0.952646	     0.946280	     0.901558	     0.901919	
  1.68515e+08	     0.967694	     0.964841	     0.943291	     0.941019	     0.956731	     0.948676	     0.995428	     0.989432	     0.965275	     0.964707	     0.930475	     0.924122	
  1.68595e+08	     0.966853	     0.967792	     0.943195	     0.945882	     0.961063	     0.951501	     0.985054	     0.987164	     0.971539	     0.955337	     0.931998	     0.924431	
  1.68675e+08	     0.967881	     0.964776	     0.958191	     0.941895	     0.963897	     0.947187	     0.983529	     0.996020	     0.973721	     0.955749	     0.930337	     0.926000	
  1.68755e+08	     0.962748	     0.964728	     0.956036	     0.953025	     0.962942	     0.955973	     0.990275	     0.980964	     0.969338	     0.959078	     0.932618	     0.930600	
  1.68835e+08	     0.959098	     0.959790	     0.953924	     0.946776	     0.966449	     0.957265	     0.980761	     0.985196	     0.958156	     0.962110	     0.938677	     0.922945	
  1.68915e+08	     0.957674	     0.964776	     0.956836	     0.949612	     0.967048	     0.957296	     0.979175	     0.980313	     0.962142	     0.962369	     0.927104	     0.924754	
  1.68995e+08	     0.961885	     0.967557	     0.948162	     0.944845	     0.963504	     0.959467	     0.980172	     0.969414	     0.960346	     0.963772	     0.915094	     0.921675	
  1.69075e+08	     0.955901	     0.966992	     0.949467	     0.945532	     0.965402	     0.956754	     0.987528	     0.975037	     0.962326	     0.957961	     0.917953	     0.918131	
  1.69155e+08	     0.964189	     0.966819	     0.942826	     0.949374	     0.967515	     0.957652	     0.982768	     0.965835	     0.967220	     0.957632	     0.922401	     0.918312	
  1.69235e+08	     0.962154	     0.968711	     0.948536	     0.956811	     0.970984	     0.959974	     0.984248	     0.980459	     0.952262	     0.958993	     0.915090	     0.918485	
  1.69315e+08	     0.962360	     0.966311	     0.948557	     0.949925	     0.964084	     0.958289	     0.986148	     0.968955	     0.963781	     0.960842	     0.923055	     0.917428	
  1.69395e+08	     0.957874	     0.964454	     0.948715	     0.952137	     0.967028	     0.956637	     0.975888	     0.969694	     0.959171	     0.958514	     0.916359	     0.922808	
  1.69475e+08	     0.942397	     0.938163	     0.933641	     0.937481	     0.954653	     0.940096	     0.956493	     0.965635	     0.953531	     0.947068	     0.903813	     0.902497	
  1.69555e+08	      1.33521	      1.32803	      1.34378	      1.33224	      1.40508	      1.37803	      1.79952	      1.62683	      1.63356	      1.54295	      1.57072	      1.49004	
