  1.38915e+08	      1.60654	      1.57284	      1.54803	      1.52625	      1.59183	      1.57654	      1.64859	      1.63679	      1.61327	      1.61407	      1.69003	      1.70403	
  1.38995e+08	     0.985914	     0.978024	     0.937704	     0.932658	     0.978650	     0.974820	     0.973506	     0.960330	     0.965979	     0.971273	      1.00139	      1.00171	
  1.39075e+08	      1.00142	      1.00116	     0.958437	     0.953665	     0.998307	     0.989419	     0.976626	     0.975567	     0.976859	     0.987052	      1.01840	      1.01883	
  1.39155e+08	      1.00055	      1.00127	     0.960939	     0.953669	     0.993070	     0.989851	     0.975051	     0.968136	     0.984024	     0.983042	      1.02070	      1.01844	
  1.39235e+08	      1.00050	     0.996230	     0.956710	     0.949464	     0.991324	     0.988131	     0.982679	     0.965638	     0.981172	     0.981357	      1.01456	      1.01792	
  1.39315e+08	      1.00156	     0.994910	     0.962483	     0.951123	     0.990003	     0.985728	     0.975155	     0.977053	     0.981468	     0.983922	      1.01586	      1.02062	
  1.39395e+08	     0.999327	      1.00098	     0.961170	     0.950622	     0.994238	     0.987337	     0.974943	     0.958789	     0.979154	     0.980656	      1.01617	      1.01384	
  1.39475e+08	     0.992565	      1.00109	     0.946247	     0.952780	     0.994615	     0.988762	     0.970903	     0.966341	     0.978258	     0.978019	      1.01409	      1.01349	
  1.39555e+08	     0.999121	     0.991438	     0.959032	     0.953009	     0.988836	     0.985244	     0.966246	     0.962750	     0.978053	     0.973286	      1.01313	      1.01527	
  1.39635e+08	     0.998566	     0.994950	     0.960400	     0.951566	     0.991163	     0.984790	     0.961775	     0.967342	     0.979185	     0.982548	      1.01038	      1.01278	
  1.39715e+08	     0.995034	     0.992814	     0.953778	     0.951268	     0.986817	     0.982977	     0.961609	     0.968764	     0.972844	     0.984940	      1.01612	      1.01465	
  1.39795e+08	     0.999000	     0.997217	     0.957180	     0.956069	     0.985164	     0.981839	     0.968790	     0.966014	     0.974153	     0.982862	      1.01755	      1.00835	
  1.39875e+08	     0.996201	     0.993282	     0.956578	     0.954890	     0.985151	     0.982080	     0.968735	     0.966714	     0.976176	     0.977821	      1.01203	      1.01381	
  1.39955e+08	     0.993479	     0.993872	     0.958193	     0.948742	     0.981620	     0.981777	     0.965880	     0.965198	     0.984323	     0.978067	      1.00874	      1.00905	
  1.40035e+08	     0.982045	     0.977590	     0.941072	     0.936666	     0.968817	     0.970930	     0.955535	     0.954205	     0.968492	     0.969033	     0.997081	     0.996243	
  1.40115e+08	      1.59645	      1.56401	      1.54383	      1.52000	      1.58382	      1.57419	      1.64001	      1.63242	      1.60984	      1.60990	      1.68339	      1.69936	
  1.40195e+08	      1.58850	      1.55718	      1.54251	      1.52206	      1.58190	      1.57516	      1.64344	      1.62995	      1.61329	      1.60705	      1.67723	      1.69313	
  1.40275e+08	     0.971936	     0.973396	     0.939451	     0.932019	     0.964490	     0.968286	     0.952220	     0.956631	     0.964395	     0.971212	     0.994155	     0.998885	
  1.40355e+08	     0.993550	     0.992428	     0.956424	     0.948378	     0.981595	     0.982731	     0.964624	     0.970043	     0.980729	     0.979965	      1.01363	      1.01249	
  1.40435e+08	     0.990740	     0.989253	     0.950638	     0.950925	     0.984319	     0.978005	     0.982420	     0.971361	     0.985895	     0.978695	      1.01223	      1.00887	
  1.40515e+08	     0.991999	     0.987498	     0.956053	     0.952106	     0.985141	     0.980352	     0.970715	     0.958942	     0.976076	     0.980206	      1.01472	      1.00710	
  1.40595e+08	     0.989761	     0.985412	     0.956998	     0.947680	     0.983344	     0.977587	     0.969272	     0.973874	     0.972626	     0.976076	      1.00969	      1.00804	
  1.40675e+08	     0.986156	     0.983965	     0.955237	     0.948493	     0.986430	     0.982393	     0.963030	     0.967965	     0.976640	     0.978265	      1.00457	      1.00284	
  1.40755e+08	     0.991641	     0.982550	     0.957046	     0.946626	     0.985618	     0.984824	     0.962584	     0.968564	     0.971234	     0.980495	      1.00569	      1.01044	
  1.40835e+08	     0.989644	     0.980040	     0.951693	     0.947175	     0.986333	     0.987702	     0.949940	     0.966059	     0.974052	     0.977624	      1.00488	      1.00403	
  1.40915e+08	     0.989152	     0.980264	     0.953894	     0.948119	     0.983684	     0.983735	     0.963497	     0.969489	     0.974696	     0.975788	      1.00359	     0.998490	
  1.40995e+08	     0.986008	     0.989740	     0.954305	     0.949885	     0.983929	     0.982400	     0.958532	     0.969729	     0.974019	     0.978190	      1.00318	      1.00530	
  1.41075e+08	     0.988374	     0.980318	     0.948089	     0.947710	     0.981990	     0.982565	     0.970565	     0.974273	     0.976122	     0.975326	     0.999929	     0.996354	
  1.41155e+08	     0.988988	     0.980817	     0.954732	     0.950477	     0.982268	     0.982742	     0.968929	     0.966795	     0.981024	     0.976730	      1.00249	      1.00110	
  1.41235e+08	     0.988660	     0.978761	     0.952495	     0.946990	     0.982792	     0.980809	     0.968906	     0.964699	     0.973480	     0.977781	      1.00226	     0.995604	
  1.41315e+08	     0.972304	     0.965659	     0.937490	     0.935395	     0.967817	     0.967086	     0.960988	     0.958092	     0.963713	     0.968087	     0.987877	     0.990644	
  1.41395e+08	      1.57558	      1.54989	      1.53829	      1.53987	      1.57466	      1.57019	      1.63858	      1.62568	      1.60917	      1.60136	      1.67100	      1.68561	
  1.41475e+08	      1.57291	      1.54664	      1.53799	      1.53314	      1.57227	      1.57088	      1.63475	      1.63156	      1.60530	      1.59905	      1.66550	      1.68614	
  1.41555e+08	     0.961879	     0.964390	     0.933439	     0.932110	     0.959688	     0.963966	     0.947971	     0.956370	     0.959468	     0.963374	     0.984338	     0.982860	
  1.41635e+08	     0.988022	     0.978725	     0.949189	     0.948433	     0.976543	     0.977303	     0.967128	     0.972524	     0.975809	     0.975195	     0.997677	      1.00401	
  1.41715e+08	     0.979181	     0.977438	     0.951749	     0.943998	     0.976228	     0.977926	     0.967802	     0.969324	     0.974368	     0.976851	      1.00103	     0.996394	
  1.41795e+08	     0.981503	     0.978194	     0.943944	     0.944183	     0.974799	     0.975222	     0.977910	     0.969703	     0.978712	     0.976533	     0.996965	     0.998804	
  1.41875e+08	     0.981525	     0.975231	     0.951582	     0.949620	     0.974114	     0.974477	     0.967638	     0.962394	     0.985537	     0.973963	      1.00127	     0.998660	
  1.41955e+08	     0.975210	     0.975738	     0.946393	     0.946311	     0.975081	     0.974624	     0.956017	     0.961650	     0.971792	     0.974920	     0.997940	      1.00102	
  1.42035e+08	     0.982432	     0.977626	     0.949244	     0.948109	     0.972977	     0.976246	     0.966484	     0.955766	     0.977656	     0.972556	     0.994906	      1.00371	
  1.42115e+08	     0.976426	     0.976602	     0.953315	     0.945153	     0.981231	     0.973504	     0.953771	     0.957836	     0.971877	     0.969702	     0.998256	     0.998229	
  1.42195e+08	     0.980084	     0.972143	     0.952043	     0.952212	     0.974780	     0.975438	     0.967310	     0.964432	     0.978895	     0.974071	     0.998374	      1.00111	
  1.42275e+08	     0.975412	     0.967594	     0.954468	     0.949428	     0.975929	     0.974537	     0.966662	     0.957249	     0.973725	     0.967922	     0.997533	      1.00040	
  1.42355e+08	     0.977061	     0.973168	     0.950638	     0.952299	     0.976920	     0.967921	     0.967671	     0.958889	     0.973171	     0.969552	      1.00490	      1.00382	
  1.42435e+08	     0.980920	     0.973892	     0.952299	     0.949127	     0.974511	     0.975907	     0.950120	     0.959556	     0.968611	     0.968746	      1.00020	     0.996524	
  1.42515e+08	     0.976530	     0.975702	     0.949282	     0.946824	     0.976137	     0.975432	     0.965505	     0.963348	     0.977429	     0.973537	     0.999808	     0.996594	
  1.42595e+08	     0.964755	     0.958225	     0.932195	     0.936539	     0.963507	     0.964843	     0.951899	     0.948099	     0.959898	     0.960190	     0.982916	     0.989768	
  1.42675e+08	      1.56724	      1.54216	      1.53501	      1.52581	      1.56961	      1.57050	      1.63034	      1.63055	      1.59965	      1.59769	      1.66027	      1.68375	
  1.42755e+08	      1.56945	      1.54928	      1.54477	      1.53675	      1.57468	      1.57640	      1.63620	      1.64508	      1.60722	      1.60875	      1.66126	      1.69287	
  1.42835e+08	     0.961801	     0.958951	     0.933578	     0.933357	     0.957137	     0.952322	     0.952984	     0.961802	     0.967530	     0.969203	     0.985422	     0.985072	
  1.42915e+08	     0.979957	     0.978313	     0.951998	     0.951360	     0.970812	     0.970566	     0.983228	     0.972534	     0.984713	     0.977158	     0.996981	      1.00461	
  1.42995e+08	     0.986852	     0.973331	     0.954256	     0.949228	     0.971087	     0.968536	     0.978784	     0.969629	     0.979641	     0.980005	     0.997181	     0.999479	
  1.43075e+08	     0.979897	     0.977792	     0.953668	     0.948461	     0.974480	     0.973085	     0.968047	     0.963485	     0.976294	     0.973480	     0.998022	     0.998174	
  1.43155e+08	     0.974746	     0.973338	     0.955926	     0.950528	     0.975437	     0.973319	     0.974779	     0.976457	     0.983153	     0.976515	      1.00038	      1.00177	
  1.43235e+08	     0.980673	     0.979222	     0.957164	     0.949777	     0.973435	     0.971611	     0.978212	     0.977003	     0.980110	     0.980902	      1.00270	     0.993999	
  1.43315e+08	     0.981092	     0.973771	     0.952201	     0.948252	     0.974012	     0.971862	     0.973701	     0.967742	     0.978926	     0.980960	      1.00365	      1.00009	
  1.43395e+08	     0.982951	     0.969510	     0.955124	     0.949646	     0.975644	     0.979006	     0.973072	     0.967080	     0.981571	     0.982458	      1.00199	     0.994288	
  1.43475e+08	     0.977583	     0.972037	     0.954421	     0.950857	     0.984533	     0.970363	     0.974742	     0.972434	     0.983448	     0.982620	      1.00609	      1.00330	
  1.43555e+08	     0.983009	     0.977711	     0.955120	     0.950929	     0.979346	     0.972904	     0.971588	     0.963192	     0.985971	     0.986038	      1.00237	     0.998248	
  1.43635e+08	     0.980605	     0.974992	     0.954527	     0.947276	     0.981732	     0.974100	     0.968755	     0.964835	     0.979903	     0.983864	     0.997532	     0.999064	
  1.43715e+08	     0.980150	     0.974777	     0.954792	     0.950554	     0.980866	     0.977322	     0.983461	     0.969274	     0.986527	     0.985621	      1.00036	      1.00059	
  1.43795e+08	     0.982506	     0.978417	     0.957565	     0.955038	     0.981611	     0.978764	     0.966833	     0.974243	     0.981117	     0.977971	      1.00051	     0.996080	
  1.43875e+08	     0.970403	     0.962277	     0.943284	     0.942813	     0.969668	     0.966325	     0.963503	     0.967794	     0.969404	     0.971524	     0.986603	     0.983403	
  1.43955e+08	      1.56863	      1.55229	      1.54946	      1.54630	      1.57534	      1.58277	      1.63821	      1.65119	      1.61306	      1.61040	      1.66233	      1.69306	
  1.44035e+08	      1.58021	      1.56766	      1.56426	      1.57030	      1.59030	      1.59783	      1.65524	      1.67403	      1.62631	      1.62826	      1.67642	      1.70504	
  1.44115e+08	     0.966610	     0.959128	     0.943976	     0.940451	     0.967730	     0.970972	     0.968682	     0.975114	     0.968612	     0.964592	     0.988988	     0.987418	
  1.44195e+08	     0.985270	     0.977452	     0.963248	     0.957843	     0.988284	     0.981848	     0.979771	     0.978101	     0.983278	     0.983576	     0.997241	      1.00208	
  1.44275e+08	     0.988149	     0.981092	     0.962869	     0.958447	     0.986880	     0.981528	     0.979432	     0.982107	     0.984949	     0.983121	      1.00213	      1.00073	
  1.44355e+08	     0.989232	     0.981420	     0.961952	     0.959498	     0.986459	     0.981703	     0.986043	     0.983263	     0.989479	     0.985645	      1.00479	     0.999157	
  1.44435e+08	     0.987249	     0.982201	     0.965140	     0.966680	     0.986797	     0.987866	     0.976799	     0.989308	     0.985734	     0.981507	      1.00422	      1.00792	
  1.44515e+08	     0.991118	     0.983900	     0.971188	     0.962364	     0.989135	     0.989311	     0.983400	     0.984777	     0.979388	     0.986055	      1.01052	      1.00360	
  1.44595e+08	     0.986348	     0.981614	     0.970617	     0.969734	     0.985073	     0.987379	     0.987703	     0.982209	     0.986734	     0.986923	      1.00957	      1.00581	
  1.44675e+08	     0.993998	     0.980652	     0.974236	     0.967669	     0.992147	     0.991708	     0.983545	     0.984967	     0.987527	     0.984032	      1.01427	      1.00299	
  1.44755e+08	     0.983365	     0.983910	     0.971890	     0.969059	     0.989510	     0.985078	     0.988195	     0.985740	     0.991706	     0.990167	      1.01079	      1.00349	
  1.44835e+08	     0.986642	     0.980197	     0.973068	     0.968685	     0.990465	     0.986609	     0.982695	     0.977657	     0.993234	     0.990511	      1.01161	      1.00442	
  1.44915e+08	     0.981721	     0.981693	     0.975587	     0.971270	     0.991059	     0.982497	     0.991100	     0.989018	     0.990140	     0.985569	      1.00713	      1.00557	
  1.44995e+08	     0.986068	     0.983020	     0.978864	     0.968005	     0.989531	     0.991273	     0.993170	     0.974769	     0.982260	     0.988266	      1.01101	      1.00865	
  1.45075e+08	     0.987580	     0.986329	     0.975286	     0.970406	     0.994333	     0.989156	     0.994805	     0.989870	     0.992386	     0.993406	      1.00706	      1.00792	
  1.45155e+08	     0.973950	     0.963991	     0.963393	     0.962514	     0.987131	     0.983041	     0.980091	     0.980202	     0.980908	     0.978524	      1.00150	      1.00287	
  1.45235e+08	      1.58527	      1.57584	      1.57164	      1.58925	      1.59867	      1.60942	      1.66960	      1.68926	      1.63697	      1.64065	      1.68727	      1.71522	
  1.45315e+08	      1.59856	      1.59392	      1.59253	      1.61742	      1.61487	      1.63142	      1.68987	      1.70964	      1.65286	      1.66173	      1.70069	      1.73265	
  1.45395e+08	     0.973801	     0.966149	     0.966577	     0.962178	     0.986451	     0.990384	     0.983104	     0.971494	     0.985007	     0.982576	      1.00697	      1.00156	
  1.45475e+08	     0.992637	     0.987498	     0.985307	     0.981466	      1.00434	      1.00163	     0.982171	     0.992902	     0.999272	     0.997638	      1.01138	      1.01704	
  1.45555e+08	     0.996047	     0.990711	     0.984639	     0.978558	      1.00095	     0.999261	     0.985011	     0.985006	     0.996406	     0.995178	      1.02251	      1.02045	
  1.45635e+08	     0.996065	     0.989473	     0.989338	     0.975564	      1.00219	     0.999659	      1.00343	     0.985112	      1.00281	     0.999042	      1.01604	      1.01674	
  1.45715e+08	     0.997487	     0.993945	     0.985103	     0.981653	      1.00635	      1.00014	      1.00189	     0.990846	      1.00594	     0.998603	      1.02057	      1.01720	
  1.45795e+08	     0.997706	     0.991378	     0.986343	     0.982925	      1.00450	      1.00280	      1.00148	     0.987815	      1.00316	      1.00172	      1.02139	      1.02308	
  1.45875e+08	     0.997580	     0.998471	     0.986252	     0.981680	      1.00640	      1.00821	     0.989273	     0.996827	      1.00417	     0.995785	      1.02594	      1.01646	
  1.45955e+08	      1.00025	     0.997894	     0.988621	     0.984887	      1.01500	      1.00833	      1.00325	      1.00474	      1.00702	      1.00746	      1.02472	      1.02459	
  1.46035e+08	      1.00540	     0.996617	     0.991134	     0.992455	      1.00787	      1.00580	      1.01333	     0.997193	      1.00600	      1.00175	      1.02731	      1.01993	
  1.46115e+08	      1.00278	     0.996393	     0.998679	     0.989035	      1.01122	      1.00094	     0.998474	     0.994401	      1.00655	      1.00861	      1.02270	      1.03055	
  1.46195e+08	      1.00264	     0.998166	      1.00011	     0.989887	      1.01470	      1.00785	      1.00862	     0.998228	      1.00759	      1.00734	      1.02879	      1.02570	
  1.46275e+08	      1.00644	      1.00319	     0.997239	     0.988677	      1.01265	      1.00974	      1.00498	      1.00583	      1.01013	      1.00655	      1.02893	      1.01992	
  1.46355e+08	      1.00935	      1.00873	     0.997817	     0.995312	      1.01561	      1.01636	      1.00468	      1.01036	      1.01228	      1.00399	      1.03108	      1.03056	
  1.46435e+08	     0.987389	     0.985548	     0.986143	     0.984257	      1.00037	      1.00383	     0.993107	     0.992978	      1.00283	     0.999157	      1.01904	      1.01333	
  1.46515e+08	      1.60614	      1.60451	      1.60500	      1.62933	      1.62555	      1.64764	      1.70140	      1.70498	      1.66366	      1.67242	      1.70693	      1.73936	
  1.46595e+08	      1.62165	      1.62383	      1.62286	      1.64846	      1.64780	      1.67380	      1.72273	      1.71599	      1.68386	      1.69308	      1.71485	      1.76116	
  1.46675e+08	     0.983876	     0.984449	     0.983788	     0.978372	      1.00278	      1.00176	      1.00218	      1.00239	      1.00345	     0.999611	      1.01446	      1.01984	
  1.46755e+08	      1.00608	     0.998496	      1.00281	     0.993850	      1.02114	      1.01571	      1.01186	      1.01511	      1.02104	      1.01666	      1.03483	      1.03862	
  1.46835e+08	      1.00657	      1.00252	     0.998386	     0.996654	      1.01842	      1.01680	      1.01533	      1.02234	      1.01877	      1.01270	      1.04263	      1.03439	
  1.46915e+08	      1.00972	      1.00811	      1.00696	     0.996130	      1.01975	      1.01710	      1.01394	      1.01088	      1.01794	      1.01522	      1.03705	      1.03607	
  1.46995e+08	      1.00932	      1.00425	      1.00893	     0.999770	      1.01921	      1.02151	      1.01037	      1.00961	      1.02039	      1.01043	      1.04126	      1.03888	
  1.47075e+08	      1.01135	      1.00727	      1.00794	      1.00314	      1.02398	      1.02300	      1.00964	      1.01667	      1.02511	      1.01718	      1.03603	      1.03710	
  1.47155e+08	      1.01394	      1.01120	      1.00417	     0.998703	      1.02094	      1.02051	      1.01535	      1.02384	      1.02439	      1.01681	      1.03917	      1.03621	
  1.47235e+08	      1.01543	      1.00876	      1.00834	      1.00096	      1.01807	      1.02137	      1.00901	      1.02469	      1.02798	      1.02243	      1.03618	      1.04213	
  1.47315e+08	      1.01579	      1.00525	      1.01541	      1.00311	      1.02811	      1.01893	      1.01816	      1.01190	      1.02697	      1.02667	      1.04035	      1.03885	
  1.47395e+08	      1.01766	      1.01236	      1.01303	      1.00372	      1.02907	      1.02042	      1.02501	      1.02058	      1.02383	      1.02098	      1.03657	      1.03662	
  1.47475e+08	      1.01376	      1.01398	      1.00830	      1.00646	      1.03124	      1.02231	      1.02318	      1.02065	      1.02809	      1.01860	      1.04128	      1.03169	
  1.47555e+08	      1.01577	      1.00774	      1.00671	      1.00488	      1.03076	      1.02453	      1.02538	      1.03166	      1.02229	      1.01958	      1.03996	      1.03711	
  1.47635e+08	      1.01744	      1.01569	      1.01226	      1.00899	      1.03202	      1.03124	      1.03285	      1.02331	      1.03077	      1.02370	      1.04688	      1.03872	
  1.47715e+08	      1.00046	      1.00485	      1.00022	     0.997599	      1.02050	      1.01903	      1.02059	      1.01188	      1.01916	      1.01823	      1.03288	      1.03029	
  1.47795e+08	      1.63024	      1.63352	      1.63399	      1.66383	      1.65748	      1.68429	      1.73571	      1.72453	      1.69431	      1.70404	      1.71783	      1.77057	
  1.47875e+08	      1.64085	      1.64867	      1.65272	      1.68570	      1.67458	      1.70312	      1.74973	      1.74348	      1.71176	      1.72370	      1.73220	      1.78526	
  1.47955e+08	      1.00224	      1.00009	      1.00687	     0.997130	      1.02071	      1.01989	      1.02368	      1.01134	      1.02555	      1.01571	      1.03042	      1.03368	
  1.48035e+08	      1.02339	      1.02473	      1.01704	      1.01366	      1.04029	      1.03298	      1.04399	      1.03843	      1.02959	      1.03520	      1.05013	      1.04597	
  1.48115e+08	      1.02365	      1.02512	      1.01820	      1.01250	      1.04179	      1.03216	      1.04427	      1.03020	      1.03847	      1.02915	      1.04991	      1.04440	
  1.48195e+08	      1.02996	      1.02437	      1.01847	      1.01421	      1.03815	      1.03472	      1.03770	      1.02552	      1.04409	      1.03106	      1.04996	      1.05109	
  1.48275e+08	      1.02879	      1.02595	      1.02099	      1.01774	      1.03573	      1.02795	      1.04386	      1.03268	      1.04203	      1.03369	      1.04725	      1.04720	
  1.48355e+08	      1.02665	      1.02243	      1.02295	      1.01622	      1.04506	      1.03578	      1.02848	      1.03623	      1.03918	      1.03227	      1.04741	      1.04472	
  1.48435e+08	      1.02485	      1.02680	      1.02219	      1.02071	      1.03998	      1.03523	      1.03683	      1.03284	      1.04442	      1.03408	      1.05166	      1.04289	
  1.48515e+08	      1.03048	      1.02288	      1.02915	      1.01679	      1.03593	      1.03455	      1.03354	      1.02478	      1.04025	      1.03189	      1.04606	      1.04621	
  1.48595e+08	      1.02895	      1.02515	      1.02591	      1.02529	      1.03824	      1.03416	      1.03142	      1.01660	      1.04141	      1.03719	      1.04954	      1.04101	
  1.48675e+08	      1.03048	      1.02431	      1.02663	      1.01666	      1.04156	      1.03603	      1.03798	      1.02618	      1.04284	      1.03755	      1.04207	      1.04401	
  1.48755e+08	      1.02580	      1.02534	      1.02982	      1.02578	      1.04179	      1.03694	      1.02447	      1.02540	      1.03955	      1.03764	      1.04859	      1.04040	
  1.48835e+08	      1.02873	      1.02144	      1.03307	      1.02656	      1.03867	      1.03976	      1.02792	      1.03349	      1.04316	      1.03912	      1.04698	      1.04861	
  1.48915e+08	      1.03119	      1.02272	      1.03197	      1.02704	      1.04323	      1.03615	      1.02786	      1.03405	      1.03472	      1.03123	      1.04728	      1.03994	
  1.48995e+08	      1.00823	      1.00678	      1.01851	      1.00952	      1.03411	      1.02879	      1.01906	      1.01882	      1.02882	      1.02449	      1.04015	      1.04263	
  1.49075e+08	      1.64315	      1.65249	      1.65908	      1.68734	      1.67941	      1.70651	      1.75064	      1.75212	      1.71653	      1.72929	      1.74262	      1.78695	
  1.49155e+08	      1.64655	      1.65774	      1.66950	      1.70034	      1.68788	      1.71013	      1.76664	      1.77128	      1.72389	      1.73467	      1.74822	      1.79023	
  1.49235e+08	      1.00724	      1.01087	      1.01131	      1.01466	      1.03011	      1.03179	      1.02813	      1.02219	      1.03107	      1.02574	      1.03553	      1.03762	
  1.49315e+08	      1.03372	      1.02340	      1.03618	      1.03382	      1.04965	      1.04709	      1.03564	      1.03039	      1.04809	      1.04165	      1.05022	      1.05167	
  1.49395e+08	      1.02983	      1.02734	      1.04151	      1.03394	      1.05075	      1.04259	      1.03992	      1.03754	      1.04152	      1.03344	      1.05332	      1.04930	
  1.49475e+08	      1.02615	      1.03219	      1.03971	      1.03355	      1.04947	      1.04011	      1.04134	      1.04520	      1.04494	      1.03475	      1.04716	      1.05416	
  1.49555e+08	      1.02869	      1.02758	      1.04152	      1.03361	      1.04616	      1.04163	      1.04410	      1.03408	      1.04214	      1.03852	      1.05470	      1.04960	
  1.49635e+08	      1.03424	      1.03144	      1.03867	      1.02723	      1.04816	      1.04327	      1.04183	      1.03802	      1.03871	      1.03886	      1.04831	      1.04967	
  1.49715e+08	      1.03280	      1.02416	      1.03221	      1.03013	      1.04727	      1.04486	      1.04666	      1.03293	      1.04088	      1.03524	      1.05278	      1.05333	
  1.49795e+08	      1.02961	      1.02564	      1.03123	      1.03207	      1.04807	      1.04042	      1.03740	      1.05338	      1.03971	      1.03435	      1.04886	      1.04760	
  1.49875e+08	      1.03225	      1.02880	      1.03155	      1.02823	      1.04629	      1.04295	      1.04997	      1.03794	      1.04002	      1.03630	      1.05448	      1.05366	
  1.49955e+08	      1.03371	      1.03564	      1.02826	      1.03200	      1.04699	      1.03970	      1.03744	      1.03969	      1.04113	      1.02863	      1.04736	      1.05068	
  1.50035e+08	      1.02969	      1.02885	      1.02910	      1.03062	      1.03966	      1.04418	      1.03909	      1.03556	      1.04027	      1.03322	      1.05611	      1.05974	
  1.50115e+08	      1.03192	      1.03714	      1.03011	      1.03187	      1.04399	      1.04565	      1.04549	      1.03275	      1.04140	      1.03271	      1.05718	      1.05841	
  1.50195e+08	      1.03640	      1.03160	      1.03679	      1.03111	      1.04680	      1.04025	      1.03437	      1.02685	      1.04415	      1.03730	      1.05715	      1.05896	
  1.50275e+08	      1.01525	      1.01849	      1.02531	      1.02046	      1.02761	      1.03639	      1.03431	      1.02903	      1.03421	      1.02631	      1.04138	      1.04289	
  1.50355e+08	      1.64316	      1.65457	      1.67174	      1.70245	      1.68381	      1.70731	      1.76954	      1.76828	      1.71982	      1.73050	      1.73942	      1.78597	
  1.50435e+08	      1.63851	      1.65069	      1.66744	      1.69825	      1.67856	      1.70083	      1.76793	      1.76403	      1.71331	      1.72670	      1.73615	      1.78268	
  1.50515e+08	      1.00840	      1.01111	      1.01941	      1.01913	      1.02395	      1.02741	      1.03406	      1.02899	      1.02900	      1.02089	      1.03370	      1.04028	
  1.50595e+08	      1.02655	      1.03062	      1.03655	      1.03234	      1.04418	      1.04578	      1.04793	      1.03580	      1.04524	      1.03589	      1.04531	      1.05046	
  1.50675e+08	      1.02733	      1.03000	      1.03512	      1.03075	      1.04510	      1.04293	      1.04557	      1.03079	      1.04350	      1.03679	      1.05757	      1.05053	
  1.50755e+08	      1.02705	      1.02751	      1.03509	      1.02914	      1.05096	      1.04258	      1.03840	      1.03276	      1.04324	      1.03627	      1.05123	      1.04766	
  1.50835e+08	      1.02345	      1.02265	      1.03221	      1.02767	      1.05005	      1.04330	      1.04347	      1.03216	      1.03741	      1.03462	      1.04599	      1.04758	
  1.50915e+08	      1.02756	      1.02078	      1.02806	      1.02745	      1.04009	      1.03564	      1.03769	      1.03901	      1.03516	      1.03525	      1.05266	      1.04462	
  1.50995e+08	      1.02306	      1.02371	      1.03126	      1.02866	      1.04510	      1.04221	      1.03812	      1.03749	      1.04015	      1.03387	      1.04877	      1.04382	
  1.51075e+08	      1.01165	      1.02410	      1.02893	      1.02750	      1.03735	      1.04029	      1.04537	      1.03749	      1.03796	      1.02558	      1.05071	      1.05031	
  1.51155e+08	      1.02078	      1.02398	      1.02928	      1.02173	      1.03955	      1.03940	      1.04639	      1.02534	      1.03373	      1.03273	      1.04176	      1.04592	
  1.51235e+08	      1.01728	      1.02191	      1.02633	      1.02000	      1.04141	      1.03314	      1.03553	      1.03549	      1.03770	      1.02825	      1.04403	      1.04759	
  1.51315e+08	      1.02063	      1.02327	      1.02547	      1.02145	      1.03654	      1.03695	      1.03551	      1.03130	      1.03094	      1.03098	      1.04064	      1.04082	
  1.51395e+08	      1.01737	      1.02319	      1.02241	      1.02806	      1.03475	      1.03237	      1.02582	      1.03060	      1.03107	      1.03052	      1.04014	      1.03554	
  1.51475e+08	      1.02221	      1.02297	      1.02082	      1.02277	      1.03434	      1.03453	      1.03346	      1.02949	      1.03239	      1.03462	      1.03479	      1.03956	
  1.51555e+08	      1.00610	      1.00794	      1.00748	      1.01127	      1.02122	      1.02477	      1.02188	      1.02031	      1.01951	      1.02933	      1.02104	      1.03214	
  1.51635e+08	      1.62900	      1.64201	      1.65703	      1.68953	      1.66901	      1.68857	      1.75530	      1.75503	      1.70665	      1.72060	      1.72026	      1.77426	
  1.51715e+08	      1.61845	      1.63187	      1.64987	      1.68363	      1.65845	      1.68567	      1.74051	      1.73867	      1.69297	      1.71113	      1.71225	      1.75852	
  1.51795e+08	     0.996178	     0.998583	      1.00759	      1.01062	      1.01749	      1.01900	      1.01779	      1.00555	      1.01645	      1.02621	      1.00988	      1.02305	
  1.51875e+08	      1.01586	      1.01905	      1.02530	      1.02635	      1.03014	      1.03576	      1.03106	      1.01935	      1.03258	      1.03352	      1.02753	      1.03608	
  1.51955e+08	      1.01595	      1.01596	      1.02671	      1.02443	      1.02900	      1.02990	      1.02478	      1.02425	      1.02624	      1.02547	      1.03204	      1.03128	
  1.52035e+08	      1.01575	      1.01188	      1.02552	      1.02328	      1.03112	      1.03039	      1.02193	      1.01198	      1.02585	      1.03551	      1.03130	      1.03281	
  1.52115e+08	      1.00907	      1.01490	      1.02568	      1.02075	      1.02929	      1.03140	      1.01594	      1.01354	      1.02910	      1.03297	      1.03179	      1.03264	
  1.52195e+08	      1.01393	      1.01796	      1.02172	      1.02103	      1.02448	      1.02821	      1.01699	      1.01601	      1.02702	      1.02762	      1.02653	      1.03424	
  1.52275e+08	      1.01013	      1.01307	      1.01656	      1.01808	      1.02603	      1.02265	      1.02385	      1.02086	      1.03030	      1.02895	      1.02360	      1.03601	
  1.52355e+08	      1.01310	      1.01488	      1.01824	      1.02053	      1.02976	      1.02535	      1.01606	      1.02889	      1.03244	      1.02698	      1.02529	      1.02806	
  1.52435e+08	      1.01170	      1.01318	      1.01729	      1.02013	      1.02415	      1.02804	      1.02799	      1.03039	      1.02958	      1.03229	      1.02536	      1.02240	
  1.52515e+08	      1.01027	      1.01584	      1.01905	      1.02188	      1.02259	      1.02587	      1.02420	      1.02128	      1.02373	      1.02974	      1.02135	      1.02536	
  1.52595e+08	      1.01175	      1.01103	      1.02074	      1.02015	      1.02458	      1.02926	      1.02405	      1.02471	      1.02905	      1.02494	      1.01915	      1.02299	
  1.52675e+08	      1.00459	      1.00408	      1.02143	      1.02064	      1.02162	      1.02659	      1.02104	      1.02064	      1.02490	      1.02226	      1.01737	      1.02382	
  1.52755e+08	      1.00363	      1.00584	      1.02174	      1.02131	      1.02472	      1.02546	      1.01876	      1.02341	      1.02156	      1.02717	      1.02424	      1.02412	
  1.52835e+08	     0.993299	     0.993401	      1.00859	      1.00599	      1.01223	      1.01859	      1.00657	      1.00739	      1.00810	      1.01442	      1.00779	      1.01042	
  1.52915e+08	      1.60767	      1.62063	      1.63918	      1.67801	      1.64642	      1.67645	      1.72814	      1.73147	      1.68243	      1.70005	      1.69816	      1.74248	
  1.52995e+08	      1.59983	      1.61358	      1.63098	      1.66965	      1.63600	      1.66089	      1.71917	      1.71812	      1.67074	      1.69345	      1.68662	      1.73040	
  1.53075e+08	     0.981970	     0.991223	     0.994533	      1.00101	      1.00433	      1.00903	      1.00769	      1.00612	      1.00523	      1.00706	      1.00197	      1.00802	
  1.53155e+08	     0.998026	      1.00620	      1.01018	      1.02045	      1.01760	      1.02208	      1.02438	      1.01766	      1.01685	      1.02268	      1.02052	      1.01267	
  1.53235e+08	      1.00028	      1.00215	      1.01511	      1.01612	      1.01901	      1.01910	      1.00766	      1.01891	      1.01647	      1.02208	      1.01780	      1.01724	
  1.53315e+08	     0.994417	      1.00606	      1.00908	      1.01352	      1.01463	      1.01827	      1.00474	      1.01550	      1.02555	      1.02241	      1.02198	      1.01356	
  1.53395e+08	      1.00076	      1.00360	      1.01283	      1.00984	      1.02385	      1.02087	      1.01491	      1.01828	      1.01255	      1.01786	      1.01923	      1.01570	
  1.53475e+08	     0.999077	      1.00469	      1.01597	      1.01210	      1.01618	      1.02040	      1.01301	      1.02595	      1.01827	      1.01250	      1.01718	      1.00978	
  1.53555e+08	     0.996283	      1.00503	      1.01406	      1.01123	      1.01692	      1.02182	      1.01939	      1.02741	      1.01626	      1.01573	      1.01141	      1.01526	
  1.53635e+08	     0.988026	     0.995743	      1.01043	      1.00498	      1.00682	      1.01820	      1.01982	      1.01868	      1.00944	      1.01618	      1.00261	      1.00779	
  1.53715e+08	     0.998319	     0.998637	      1.01178	      1.01301	      1.01314	      1.01373	      1.00648	      1.01023	      1.01359	      1.01879	      1.00969	      1.00893	
  1.53795e+08	     0.997342	     0.997781	      1.00556	      1.00755	      1.01674	      1.01397	      1.01979	      1.02177	      1.01217	      1.01246	      1.00533	      1.01144	
  1.53875e+08	     0.995066	     0.997274	      1.00847	      1.00868	      1.01226	      1.01576	      1.02673	      1.02104	      1.01374	      1.01308	      1.00732	      1.01042	
  1.53955e+08	     0.988865	     0.996011	      1.00550	      1.00765	      1.01291	      1.01280	      1.01131	      1.00876	      1.00166	      1.01829	      1.00641	      1.01046	
  1.54035e+08	     0.992905	     0.993908	      1.00508	      1.00798	      1.01294	      1.01388	      1.01684	      1.01318	      1.00777	      1.01250	      1.00020	      1.00775	
  1.54115e+08	     0.974613	     0.976879	     0.994233	     0.999504	      1.00223	     0.996848	      1.00634	      1.00765	     0.996815	      1.00777	     0.988269	     0.999682	
  1.54195e+08	      1.58913	      1.60564	      1.62289	      1.66337	      1.62652	      1.65015	      1.71009	      1.70925	      1.65863	      1.68329	      1.66338	      1.71840	
  1.54275e+08	      1.58619	      1.60206	      1.61789	      1.65673	      1.62143	      1.64598	      1.70854	      1.70374	      1.64919	      1.67798	      1.65540	      1.70911	
  1.54355e+08	     0.967899	     0.975704	     0.987453	      1.00134	     0.993313	     0.998623	     0.995883	     0.993975	     0.992809	     0.996793	     0.987302	     0.993042	
  1.54435e+08	     0.994483	     0.995082	      1.00882	      1.01255	      1.01055	      1.01173	      1.01092	      1.01617	      1.00547	      1.00727	      1.00127	      1.00117	
  1.54515e+08	     0.989332	     0.998646	      1.00469	      1.00804	      1.01020	      1.00823	      1.00870	      1.01068	      1.00332	      1.00438	      1.00335	     0.998198	
  1.54595e+08	     0.994347	      1.00063	     0.999994	      1.00745	      1.00917	      1.00651	      1.01087	      1.00695	      1.00832	      1.00494	      1.00144	      1.00100	
  1.54675e+08	     0.994541	     0.996061	      1.00559	      1.00656	      1.00704	      1.00960	     0.999922	      1.00015	      1.00546	      1.00561	      1.00026	     0.994272	
  1.54755e+08	     0.992312	     0.991501	      1.00249	      1.00361	      1.01534	      1.01193	      1.00468	      1.00378	      1.00581	      1.00580	      1.00197	     0.997121	
  1.54835e+08	     0.988413	     0.994584	     0.999578	      1.00799	      1.00385	      1.00588	      1.00451	      1.00734	      1.00561	      1.01051	      1.00490	      1.00157	
  1.54915e+08	     0.979966	     0.996407	      1.00028	      1.00185	      1.00879	     0.998512	     0.984273	      1.00384	      1.00092	      1.01622	     0.999006	      1.00034	
  1.54995e+08	     0.985365	     0.989192	      1.00312	      1.00699	      1.00780	      1.00559	     0.998559	      1.00664	      1.01162	      1.00766	     0.999359	     0.993685	
  1.55075e+08	     0.987206	     0.987204	      1.00808	      1.01233	      1.00495	      1.00028	      1.00092	      1.00380	      1.01207	      1.01085	      1.00126	     0.997220	
  1.55155e+08	     0.993206	     0.989856	      1.00671	      1.00712	      1.00596	      1.00882	      1.00417	     0.993691	      1.00745	      1.00814	     0.993276	     0.996020	
  1.55235e+08	     0.989469	     0.989633	      1.00550	      1.00612	      1.00072	      1.00478	     0.999789	     0.996298	      1.00498	      1.00903	     0.999680	     0.994893	
  1.55315e+08	     0.986988	     0.991052	      1.00629	      1.00531	      1.00411	      1.00274	      1.00576	      1.00260	      1.00335	      1.00491	     0.993727	     0.994982	
  1.55395e+08	     0.975641	     0.971764	     0.990526	     0.994779	     0.991445	     0.991159	     0.988157	     0.988228	     0.993245	     0.995889	     0.976487	     0.979771	
  1.55475e+08	      1.58427	      1.59803	      1.61064	      1.64103	      1.61701	      1.64513	      1.70353	      1.69693	      1.64334	      1.66961	      1.65499	      1.70145	
  1.55555e+08	      1.58304	      1.60043	      1.61259	      1.64568	      1.61069	      1.64215	      1.70143	      1.69722	      1.64108	      1.66997	      1.65155	      1.69971	
  1.55635e+08	     0.970279	     0.973391	     0.981834	     0.990164	     0.982145	     0.986775	     0.985504	     0.988713	     0.985882	     0.992518	     0.979428	     0.978317	
  1.55715e+08	     0.992073	     0.993387	      1.00673	      1.00780	     0.999398	     0.996804	     0.996409	     0.997292	     0.998480	      1.00086	     0.986941	     0.993312	
  1.55795e+08	     0.992547	     0.991990	      1.00513	      1.00756	     0.999227	      1.00157	     0.990369	     0.991604	      1.00095	      1.00091	     0.993402	     0.994766	
  1.55875e+08	     0.989399	     0.991245	      1.00708	      1.00763	     0.999788	      1.00323	      1.00094	      1.00213	      1.00364	     0.999741	     0.987778	     0.991556	
  1.55955e+08	     0.988573	     0.993038	      1.00974	      1.00628	      1.00586	      1.00121	     0.998272	     0.991505	      1.00511	      1.00288	     0.988752	     0.992140	
  1.56035e+08	     0.991123	     0.996753	      1.00731	      1.00346	      1.00329	      1.00375	     0.992659	     0.988421	      1.00040	     0.997564	     0.986148	     0.991824	
  1.56115e+08	     0.985299	     0.998339	      1.00776	      1.00972	      1.00624	      1.00060	     0.996287	     0.995817	      1.00225	      1.00031	     0.989550	     0.993324	
  1.56195e+08	     0.985209	     0.993972	      1.00164	      1.00428	      1.00115	     0.998177	      1.00055	      1.00493	      1.00037	      1.00365	     0.983048	     0.986896	
  1.56275e+08	     0.990596	     0.990271	      1.00475	      1.00578	      1.00091	      1.00763	      1.00860	     0.998382	     0.997777	     0.999560	     0.992363	     0.992239	
  1.56355e+08	     0.988477	     0.992000	     0.997934	      1.00227	     0.999434	      1.00284	      1.00675	      1.01449	     0.998442	     0.996869	     0.990041	     0.997243	
  1.56435e+08	     0.988093	     0.988299	      1.00585	      1.00081	      1.00309	     0.996907	     0.999108	      1.01068	     0.996075	      1.00277	     0.988936	     0.992160	
  1.56515e+08	     0.987512	     0.989726	      1.00128	      1.00113	     0.998720	     0.998663	      1.01355	      1.01123	     0.999749	      1.00148	     0.990739	     0.988321	
  1.56595e+08	     0.992537	     0.988239	      1.00089	      1.00907	     0.998976	     0.996175	      1.00245	      1.00519	      1.00015	     0.999917	     0.991490	     0.995108	
  1.56675e+08	     0.973841	     0.969630	     0.994977	      1.00572	     0.986008	     0.989650	     0.995650	     0.995832	     0.987656	     0.993449	     0.980575	     0.983774	
  1.56755e+08	      1.58965	      1.60236	      1.61706	      1.66517	      1.60829	      1.63794	      1.69896	      1.70089	      1.64180	      1.66913	      1.64381	      1.69415	
  1.56835e+08	      1.59616	      1.61191	      1.62525	      1.67825	      1.61761	      1.64557	      1.70284	      1.70870	      1.64046	      1.67555	      1.64872	      1.69669	
  1.56915e+08	     0.971700	     0.972373	     0.991587	     0.989125	     0.983894	     0.979717	     0.981468	     0.988353	     0.989837	     0.988136	     0.980040	     0.981431	
  1.56995e+08	     0.991217	     0.989018	      1.00144	      1.00532	      1.00244	     0.999050	      1.00751	      1.00248	      1.00675	      1.00527	     0.992760	     0.992735	
  1.57075e+08	     0.993701	     0.995186	      1.00022	      1.00763	      1.00103	     0.999432	      1.00041	     0.995319	      1.00600	      1.00647	     0.992249	     0.986566	
  1.57155e+08	     0.999546	     0.995355	      1.00402	      1.01154	      1.00097	      1.00202	     0.998453	      1.00296	      1.01502	      1.00226	     0.991381	     0.987650	
  1.57235e+08	     0.994125	     0.995775	      1.01245	      1.01176	     0.998224	      1.00402	      1.00787	      1.01022	      1.00813	      1.00438	     0.992588	     0.993342	
  1.57315e+08	     0.997456	     0.995030	      1.00873	      1.01151	     0.997291	     0.998881	      1.00693	      1.00161	      1.00425	      1.00241	     0.989449	     0.991524	
  1.57395e+08	     0.997510	     0.999219	      1.01243	      1.01804	      1.00049	     0.998652	      1.00162	      1.00364	      1.00738	     0.999496	     0.989672	     0.989325	
  1.57475e+08	      1.00218	      1.00015	      1.00555	      1.00741	     0.995311	      1.00748	      1.00349	      1.01116	      1.00953	      1.00502	     0.985478	     0.998737	
  1.57555e+08	     0.991235	      1.00208	      1.01680	      1.01187	     0.998873	     0.997932	      1.00341	      1.00902	      1.00520	      1.00258	     0.994501	     0.992420	
  1.57635e+08	      1.00457	     0.999058	      1.01013	      1.01384	      1.00163	      1.00493	      1.00980	      1.00502	      1.00949	      1.00699	     0.987540	     0.989357	
  1.57715e+08	     0.998127	      1.00562	      1.01135	      1.00935	     0.998306	      1.00381	      1.00940	      1.01080	      1.01381	      1.00968	     0.994554	     0.990462	
  1.57795e+08	      1.00139	     0.996627	      1.02042	      1.01076	     0.997768	      1.00400	     0.995705	      1.00637	      1.00580	      1.00738	     0.994784	     0.991910	
  1.57875e+08	      1.01098	     0.998619	      1.00833	      1.01195	      1.00008	     0.998503	      1.00050	     0.997732	      1.00606	      1.00808	     0.988709	     0.991904	
  1.57955e+08	     0.980018	     0.986456	     0.995926	      1.00191	     0.987918	     0.991700	     0.993128	     0.992185	     0.994153	     0.996245	     0.978331	     0.979404	
  1.58035e+08	      1.60011	      1.61593	      1.62771	      1.67185	      1.61867	      1.65185	      1.70832	      1.71040	      1.64902	      1.67828	      1.64748	      1.69673	
  1.58115e+08	      1.61544	      1.62796	      1.64053	      1.68350	      1.62823	      1.66195	      1.72435	      1.72366	      1.66111	      1.68934	      1.65079	      1.70022	
  1.58195e+08	     0.976809	     0.982088	      1.00035	      1.00110	     0.987188	     0.989607	     0.989480	      1.00017	     0.992126	     0.998670	     0.977245	     0.969777	
  1.58275e+08	      1.00184	     0.998115	      1.02217	      1.01873	      1.00319	      1.00574	      1.01866	      1.00951	      1.01569	      1.00749	     0.996344	     0.997146	
  1.58355e+08	      1.00228	     0.999153	      1.02214	      1.02059	      1.00460	      1.00833	      1.01123	      1.00566	      1.01160	      1.01148	     0.989790	     0.985435	
  1.58435e+08	      1.00166	      1.00099	      1.01826	      1.01979	      1.00275	      1.00711	      1.02132	      1.00741	      1.01277	      1.00714	     0.998850	     0.995766	
  1.58515e+08	      1.00421	      1.00346	      1.01911	      1.02754	      1.00559	      1.00830	      1.01960	      1.01899	      1.01426	      1.00657	     0.994844	     0.996337	
  1.58595e+08	     0.998564	      1.00895	      1.02022	      1.02075	      1.00678	      1.00587	      1.00977	      1.02571	      1.01598	      1.01098	     0.996738	     0.992624	
  1.58675e+08	      1.00380	      1.00573	      1.01244	      1.02225	      1.00959	      1.00776	      1.01013	      1.01086	      1.01682	      1.01412	     0.997147	     0.996435	
  1.58755e+08	      1.00710	      1.00762	      1.01713	      1.02561	      1.01210	      1.00638	      1.02076	      1.01501	      1.01669	      1.00876	     0.998370	      1.00011	
  1.58835e+08	      1.00724	      1.00714	      1.01736	      1.02348	      1.00420	      1.01175	      1.01770	      1.00503	      1.01116	      1.00992	      1.00194	     0.995801	
  1.58915e+08	      1.00934	      1.00577	      1.01963	      1.02404	      1.00982	      1.00965	      1.00227	      1.01375	      1.00637	      1.01041	      1.00571	     0.993574	
  1.58995e+08	      1.00674	      1.00368	      1.02429	      1.02740	      1.01134	      1.00327	      1.01874	      1.01913	      1.01594	      1.00997	     0.995612	     0.994764	
  1.59075e+08	      1.00958	      1.01332	      1.02538	      1.02535	      1.00878	      1.00861	      1.01926	      1.01204	      1.01321	      1.00950	     0.997890	     0.994480	
  1.59155e+08	      1.01176	      1.00708	      1.02540	      1.02228	      1.01242	      1.01045	      1.01268	      1.01640	      1.00916	      1.00424	     0.999391	     0.997865	
  1.59235e+08	     0.993867	     0.992103	      1.01389	      1.01441	     0.994763	     0.995312	     0.998092	      1.00256	      1.00329	      1.00116	     0.989645	     0.985113	
  1.59315e+08	      1.61969	      1.63178	      1.64711	      1.68719	      1.63228	      1.66636	      1.72780	      1.72801	      1.66708	      1.68968	      1.65222	      1.70091	
  1.59395e+08	      1.63156	      1.64305	      1.65658	      1.68942	      1.63985	      1.67044	      1.74363	      1.73878	      1.66908	      1.69702	      1.66230	      1.70340	
  1.59475e+08	     0.997690	     0.988705	     0.996642	      1.00493	     0.993934	     0.997100	      1.00290	      1.00772	      1.00132	      1.00113	     0.992029	     0.985479	
  1.59555e+08	      1.01563	      1.01746	      1.02048	      1.02586	      1.00766	      1.01573	      1.01519	      1.01432	      1.01831	      1.01187	      1.00419	     0.997912	
  1.59635e+08	      1.01224	      1.01622	      1.02372	      1.02754	      1.01199	      1.01129	      1.01494	      1.01663	      1.01849	      1.01156	     0.995667	      1.00008	
  1.59715e+08	      1.01328	      1.01475	      1.02659	      1.02516	      1.01873	      1.01993	      1.02028	      1.02299	      1.01437	      1.01670	     0.993481	     0.996023	
  1.59795e+08	      1.01683	      1.01394	      1.02979	      1.02646	      1.01399	      1.01534	      1.02101	      1.02512	      1.01239	      1.01914	      1.00021	      1.00329	
  1.59875e+08	      1.01571	      1.01717	      1.02592	      1.02914	      1.01494	      1.01106	      1.03262	      1.00984	      1.01221	      1.01503	      1.00270	     0.997631	
  1.59955e+08	      1.01614	      1.01655	      1.02931	      1.02604	      1.01411	      1.02059	      1.01816	      1.02262	      1.01398	      1.01250	      1.00252	      1.00335	
  1.60035e+08	      1.02043	      1.02159	      1.03188	      1.03141	      1.01829	      1.01238	      1.02325	      1.01833	      1.02398	      1.01370	      1.00452	      1.00096	
  1.60115e+08	      1.01794	      1.01965	      1.02973	      1.02735	      1.01672	      1.01656	      1.02049	      1.02835	      1.01951	      1.01644	      1.00376	     0.998456	
  1.60195e+08	      1.02342	      1.02247	      1.03297	      1.03211	      1.01809	      1.01983	      1.01918	      1.01921	      1.01332	      1.01486	      1.00344	     0.994894	
  1.60275e+08	      1.02171	      1.02027	      1.03008	      1.03339	      1.01881	      1.01699	      1.01930	      1.02955	      1.01718	      1.01638	      1.00351	     0.998347	
  1.60355e+08	      1.02555	      1.01990	      1.02940	      1.03607	      1.02192	      1.01304	      1.01239	      1.02344	      1.02087	      1.01311	      1.00286	     0.994781	
  1.60435e+08	      1.02275	      1.01223	      1.03389	      1.03428	      1.02099	      1.01704	      1.01886	      1.02510	      1.01858	      1.01405	     0.997756	      1.00009	
  1.60515e+08	      1.00564	     0.999546	      1.02204	      1.02429	      1.00371	      1.00858	      1.01548	      1.01430	      1.00913	      1.01213	     0.988834	     0.987248	
  1.60595e+08	      1.63570	      1.64451	      1.66125	      1.70058	      1.63935	      1.66559	      1.74653	      1.74372	      1.66693	      1.69636	      1.65814	      1.70096	
  1.60675e+08	      1.64191	      1.64733	      1.66679	      1.69930	      1.64706	      1.66477	      1.75316	      1.75264	      1.65720	      1.69534	      1.65528	      1.69693	
  1.60755e+08	      1.00899	     0.998968	      1.02040	      1.01719	      1.00293	      1.00107	      1.01353	      1.01853	      1.00002	      1.00372	     0.983035	     0.984444	
  1.60835e+08	      1.02745	      1.02335	      1.03915	      1.03441	      1.01645	      1.01780	      1.02209	      1.03353	      1.01467	      1.00902	      1.00286	      1.00017	
  1.60915e+08	      1.02231	      1.02733	      1.03955	      1.04172	      1.01612	      1.01329	      1.03061	      1.02804	      1.01446	      1.02306	      1.00277	     0.995920	
  1.60995e+08	      1.02128	      1.02381	      1.03742	      1.03462	      1.01960	      1.01773	      1.03477	      1.03218	      1.02019	      1.01779	     0.995206	     0.996119	
  1.61075e+08	      1.02235	      1.02465	      1.03303	      1.03315	      1.01790	      1.01843	      1.02456	      1.03248	      1.01723	      1.01952	     0.995003	     0.990604	
  1.61155e+08	      1.01838	      1.02125	      1.03349	      1.03968	      1.01651	      1.01828	      1.02633	      1.02689	      1.01716	      1.02023	     0.992991	      1.00207	
  1.61235e+08	      1.02154	      1.02436	      1.03564	      1.03965	      1.01629	      1.01541	      1.03162	      1.03194	      1.01751	      1.02270	     0.992956	     0.993323	
  1.61315e+08	      1.02166	      1.02207	      1.03419	      1.03757	      1.01968	      1.02235	      1.02805	      1.03330	      1.01542	      1.01882	      1.00549	     0.996868	
  1.61395e+08	      1.02289	      1.02273	      1.03390	      1.04050	      1.01595	      1.02129	      1.01859	      1.02358	      1.01508	      1.01609	     0.996442	     0.996931	
  1.61475e+08	      1.02240	      1.02661	      1.03571	      1.03739	      1.01409	      1.01595	      1.02186	      1.02299	      1.01093	      1.01334	     0.999156	      1.00009	
  1.61555e+08	      1.02643	      1.02466	      1.03898	      1.03852	      1.01664	      1.01770	      1.01819	      1.03306	      1.01381	      1.01182	     0.997681	     0.998985	
  1.61635e+08	      1.02353	      1.02694	      1.04610	      1.03678	      1.01432	      1.01315	      1.02225	      1.02201	      1.01598	      1.01769	     0.996225	     0.995026	
  1.61715e+08	      1.02603	      1.02215	      1.03948	      1.03450	      1.01838	      1.01795	      1.01711	      1.02817	      1.01990	      1.01803	     0.995201	     0.996103	
  1.61795e+08	      1.01200	      1.01217	      1.02170	      1.02601	      1.00128	      1.00535	      1.01124	      1.01027	     0.998363	      1.00555	     0.982052	     0.986297	
  1.61875e+08	      1.64165	      1.64594	      1.66326	      1.69539	      1.64514	      1.66442	      1.75427	      1.74703	      1.66325	      1.68546	      1.65073	      1.68982	
  1.61955e+08	      1.63995	      1.64183	      1.66067	      1.68830	      1.64044	      1.65273	      1.74354	      1.73546	      1.65721	      1.67999	      1.63923	      1.67537	
  1.62035e+08	      1.00735	      1.00479	      1.01225	      1.02226	     0.995324	      1.00130	      1.00703	      1.00296	     0.993680	      1.00164	     0.972050	     0.978480	
  1.62115e+08	      1.03097	      1.03005	      1.03256	      1.03702	      1.00970	      1.01542	      1.02338	      1.01643	      1.01658	      1.02116	     0.989862	      1.00125	
  1.62195e+08	      1.01868	      1.02951	      1.03627	      1.04134	      1.01176	      1.01205	      1.03025	      1.02128	      1.01549	      1.01655	     0.991233	     0.991017	
  1.62275e+08	      1.03001	      1.02803	      1.03444	      1.03648	      1.01395	      1.01683	      1.01638	      1.02546	      1.01744	      1.01826	     0.990945	     0.992086	
  1.62355e+08	      1.01855	      1.02611	      1.03731	      1.03418	      1.01699	      1.01409	      1.01564	      1.02834	      1.01294	      1.01571	     0.984743	     0.992756	
  1.62435e+08	      1.02290	      1.02808	      1.03809	      1.03121	      1.01414	      1.01467	      1.03147	      1.02086	      1.01484	      1.01603	     0.984479	     0.992418	
  1.62515e+08	      1.02377	      1.02961	      1.03668	      1.02906	      1.01570	      1.01506	      1.02434	      1.02582	      1.01236	      1.01337	     0.980463	     0.990418	
  1.62595e+08	      1.02052	      1.02732	      1.03587	      1.02913	      1.00821	      1.01278	      1.02181	      1.02834	      1.00731	      1.00924	     0.990285	     0.987269	
  1.62675e+08	      1.02461	      1.02830	      1.02787	      1.03336	      1.01265	      1.01458	      1.02122	      1.01299	      1.00456	      1.00718	     0.987706	     0.991692	
  1.62755e+08	      1.02880	      1.02484	      1.02830	      1.02768	      1.00933	      1.00904	      1.02553	      1.02661	     0.999975	      1.01683	     0.990149	     0.990508	
  1.62835e+08	      1.01368	      1.01992	      1.02582	      1.03183	      1.01123	      1.01062	      1.02636	      1.02523	      1.00741	      1.00761	     0.987439	     0.986362	
  1.62915e+08	      1.02402	      1.02372	      1.02498	      1.03001	      1.00962	      1.00799	      1.01913	      1.02682	      1.00222	      1.01243	     0.983351	     0.986697	
  1.62995e+08	      1.01667	      1.02030	      1.02821	      1.03261	      1.00730	      1.01306	      1.01678	      1.02343	      1.00773	      1.00879	     0.982122	     0.986022	
  1.63075e+08	      1.00160	      1.00309	      1.01332	      1.01582	     0.994612	     0.994342	      1.00345	      1.02079	     0.997776	     0.998944	     0.970607	     0.973643	
  1.63155e+08	      1.63506	      1.63148	      1.65614	      1.67606	      1.63078	      1.63301	      1.72808	      1.72099	      1.64992	      1.66524	      1.62060	      1.65579	
  1.63235e+08	      1.62920	      1.62392	      1.64805	      1.66337	      1.61862	      1.61802	      1.72307	      1.71437	      1.64039	      1.65064	      1.60960	      1.64054	
  1.63315e+08	     0.998392	      1.00095	      1.01021	      1.01264	     0.983873	     0.988793	     0.993795	      1.00508	     0.988710	      1.00314	     0.961594	     0.966644	
  1.63395e+08	      1.01315	      1.02007	      1.02924	      1.03038	      1.00517	      1.00774	      1.01162	      1.03044	      1.00608	      1.00907	     0.978253	     0.984742	
  1.63475e+08	      1.02102	      1.02235	      1.02635	      1.02747	      1.00208	      1.00443	      1.01111	      1.02421	      1.00549	      1.00987	     0.982809	     0.980938	
  1.63555e+08	      1.02088	      1.01875	      1.02843	      1.02772	      1.00345	      1.00369	      1.00872	      1.01923	      1.00005	      1.00974	     0.976019	     0.973845	
  1.63635e+08	      1.01712	      1.02711	      1.02107	      1.02474	      1.00230	      1.00406	      1.01235	      1.03321	      1.00469	      1.00459	     0.971036	     0.975343	
  1.63715e+08	      1.01785	      1.01846	      1.02420	      1.02803	      1.00110	      1.00156	      1.01806	      1.01935	      1.00238	      1.00620	     0.972891	     0.976753	
  1.63795e+08	      1.00826	      1.02116	      1.02541	      1.02431	     0.995348	     0.999094	      1.02418	      1.01466	      1.00360	      1.00598	     0.971419	     0.973641	
  1.63875e+08	      1.01439	      1.01617	      1.02652	      1.02636	     0.998950	     0.995343	      1.02524	      1.01663	      1.00206	     0.996417	     0.970428	     0.975200	
  1.63955e+08	      1.01518	      1.02234	      1.02299	      1.02998	     0.996126	     0.997151	      1.00846	      1.01014	      1.00350	      1.00042	     0.965933	     0.966773	
  1.64035e+08	      1.01186	      1.01908	      1.02154	      1.02489	     0.990668	     0.994377	      1.00943	      1.01304	     0.997724	     0.998751	     0.964888	     0.966493	
  1.64115e+08	      1.01005	      1.01531	      1.01552	      1.02132	     0.990586	     0.995972	      1.00789	     0.998208	     0.999330	      1.00112	     0.961519	     0.966885	
  1.64195e+08	      1.00922	      1.02270	      1.00652	      1.01878	     0.984392	     0.994100	      1.00395	      1.00016	     0.997495	     0.999916	     0.956448	     0.960054	
  1.64275e+08	      1.01414	      1.01285	      1.00967	      1.01474	     0.986861	     0.994606	     0.999455	      1.00008	     0.992808	     0.998674	     0.963828	     0.962212	
  1.64355e+08	     0.993946	      1.00270	     0.988353	      1.00553	     0.973097	     0.977899	     0.996856	     0.986839	     0.977879	     0.985468	     0.947280	     0.950456	
  1.64435e+08	      1.62093	      1.61144	      1.63091	      1.65105	      1.60312	      1.59467	      1.72377	      1.70224	      1.61881	      1.63753	      1.59184	      1.62889	
  1.64515e+08	      1.60786	      1.59602	      1.61608	      1.63258	      1.58280	      1.58166	      1.70575	      1.68810	      1.60551	      1.61433	      1.57143	      1.60341	
  1.64595e+08	     0.982795	     0.989623	     0.981642	     0.998031	     0.956456	     0.974614	     0.991578	     0.990170	     0.973347	     0.978427	     0.938385	     0.938820	
  1.64675e+08	      1.00222	      1.00715	      1.00422	      1.01700	     0.979166	     0.990697	     0.993161	     0.991515	     0.986931	     0.991307	     0.959745	     0.961544	
  1.64755e+08	      1.00301	      1.00882	      1.00194	      1.01260	     0.978038	     0.989454	     0.999461	     0.992141	     0.990194	     0.993308	     0.954957	     0.953845	
  1.64835e+08	     0.998468	      1.00742	      1.00541	      1.01267	     0.972824	     0.985403	     0.992607	      1.00434	     0.992109	     0.991141	     0.952077	     0.954315	
  1.64915e+08	     0.998973	      1.00607	      1.00351	      1.01302	     0.971760	     0.985839	     0.992773	     0.993594	     0.985626	     0.989907	     0.947044	     0.954330	
  1.64995e+08	     0.996984	      1.00640	      1.00092	      1.00653	     0.975212	     0.984647	     0.992747	     0.991571	     0.986495	     0.988822	     0.950732	     0.947978	
  1.65075e+08	     0.994122	      1.00304	     0.999007	      1.00801	     0.972096	     0.982351	     0.990465	     0.991951	     0.983577	     0.984672	     0.946905	     0.949300	
  1.65155e+08	     0.992207	      1.00370	     0.999463	      1.00410	     0.969959	     0.980072	     0.985327	     0.987568	     0.978256	     0.986347	     0.947446	     0.944068	
  1.65235e+08	     0.998236	      1.00724	     0.998404	      1.00643	     0.971919	     0.977345	     0.988725	     0.980884	     0.986456	     0.991922	     0.945661	     0.948689	
  1.65315e+08	     0.991909	      1.00791	     0.998252	      1.00849	     0.971197	     0.977079	     0.986364	     0.988228	     0.983104	     0.986131	     0.949751	     0.947855	
  1.65395e+08	     0.991408	      1.00500	     0.998899	      1.00536	     0.970261	     0.977589	     0.981360	     0.990615	     0.984540	     0.981445	     0.938201	     0.942651	
  1.65475e+08	     0.992496	      1.00589	     0.994675	      1.00322	     0.966513	     0.973222	     0.979012	     0.985891	     0.977775	     0.984470	     0.939571	     0.944040	
  1.65555e+08	     0.994680	      1.00434	      1.00077	      1.00182	     0.966153	     0.976983	     0.976475	     0.989169	     0.975742	     0.979879	     0.938073	     0.942519	
  1.65635e+08	     0.985777	     0.982414	     0.985094	     0.983086	     0.954319	     0.959540	     0.958915	     0.972128	     0.966731	     0.968452	     0.924148	     0.924123	
  1.65715e+08	      1.59745	      1.58443	      1.60630	      1.61746	      1.56605	      1.56491	      1.68193	      1.67281	      1.59281	      1.59625	      1.55332	      1.58474	
  1.65795e+08	      1.58812	      1.57297	      1.59469	      1.60182	      1.55047	      1.54925	      1.65420	      1.65114	      1.57797	      1.57997	      1.53589	      1.56095	
  1.65875e+08	     0.970465	     0.977824	     0.969452	     0.974300	     0.941903	     0.953572	     0.956825	     0.961297	     0.951941	     0.956592	     0.918823	     0.922035	
  1.65955e+08	     0.990974	     0.984962	     0.983913	     0.996784	     0.960974	     0.968402	     0.974269	     0.978788	     0.967720	     0.969790	     0.927074	     0.940623	
  1.66035e+08	     0.990859	     0.995130	     0.985632	     0.994447	     0.958753	     0.969661	     0.968737	     0.977636	     0.964844	     0.973331	     0.933452	     0.933523	
  1.66115e+08	     0.992727	     0.993103	     0.983507	     0.995226	     0.958062	     0.965116	     0.968610	     0.982307	     0.961409	     0.968901	     0.930377	     0.930162	
  1.66195e+08	     0.989150	     0.991532	     0.990693	     0.992719	     0.955718	     0.966005	     0.967377	     0.981312	     0.965564	     0.967268	     0.926093	     0.933374	
  1.66275e+08	     0.988809	     0.991328	     0.989401	     0.992599	     0.958848	     0.964603	     0.964538	     0.979773	     0.961061	     0.964101	     0.928009	     0.929965	
  1.66355e+08	     0.988927	     0.993441	     0.992421	     0.991501	     0.951510	     0.962415	     0.973345	     0.981252	     0.961233	     0.969763	     0.922059	     0.925723	
  1.66435e+08	     0.990341	     0.986329	     0.990511	     0.991029	     0.953471	     0.966650	     0.976663	     0.969559	     0.968288	     0.956548	     0.929403	     0.925247	
  1.66515e+08	     0.982883	     0.991964	     0.991101	     0.987929	     0.956264	     0.962716	     0.973234	     0.980555	     0.961278	     0.961383	     0.923603	     0.933609	
  1.66595e+08	     0.987389	     0.987942	     0.990874	     0.985490	     0.953833	     0.966556	     0.971261	     0.968160	     0.958485	     0.963503	     0.923404	     0.932629	
  1.66675e+08	     0.987766	     0.988154	     0.984580	     0.987168	     0.951808	     0.961302	     0.982971	     0.973414	     0.962663	     0.960509	     0.919357	     0.926599	
  1.66755e+08	     0.985107	     0.985443	     0.981840	     0.982265	     0.953074	     0.959714	     0.971655	     0.973785	     0.959502	     0.962687	     0.928421	     0.928730	
  1.66835e+08	     0.981065	     0.985086	     0.979212	     0.983723	     0.953672	     0.959723	     0.975444	     0.965576	     0.958524	     0.960811	     0.919302	     0.926161	
  1.66915e+08	     0.963761	     0.974016	     0.964782	     0.973163	     0.937407	     0.946296	     0.952619	     0.946242	     0.947661	     0.947093	     0.909853	     0.908402	
  1.66995e+08	      1.58016	      1.56356	      1.58570	      1.59724	      1.53728	      1.53880	      1.63114	      1.63911	      1.56552	      1.56941	      1.52001	      1.55237	
  1.67075e+08	      1.57569	      1.55671	      1.57894	      1.58836	      1.52872	      1.52774	      1.62332	      1.62975	      1.55609	      1.55891	      1.50741	      1.53812	
  1.67155e+08	     0.960503	     0.960949	     0.961524	     0.964267	     0.932653	     0.940518	     0.950544	     0.954481	     0.938012	     0.940483	     0.902391	     0.909770	
  1.67235e+08	     0.979433	     0.976270	     0.983549	     0.979922	     0.945646	     0.958024	     0.954584	     0.962327	     0.956211	     0.957817	     0.921401	     0.922684	
  1.67315e+08	     0.981975	     0.982034	     0.978580	     0.975941	     0.946183	     0.956589	     0.960603	     0.953833	     0.954949	     0.957755	     0.920575	     0.922426	
  1.67395e+08	     0.982461	     0.976341	     0.982625	     0.977143	     0.947465	     0.949919	     0.957959	     0.970069	     0.947240	     0.953878	     0.921795	     0.922155	
  1.67475e+08	     0.978152	     0.977280	     0.975532	     0.985366	     0.945604	     0.951756	     0.949674	     0.970031	     0.949712	     0.957600	     0.917754	     0.917934	
  1.67555e+08	     0.976523	     0.978739	     0.977072	     0.977952	     0.944994	     0.951644	     0.956179	     0.966312	     0.949976	     0.952860	     0.918062	     0.917851	
  1.67635e+08	     0.975293	     0.979747	     0.976208	     0.977931	     0.945480	     0.952810	     0.946354	     0.973289	     0.946542	     0.958486	     0.916088	     0.919497	
  1.67715e+08	     0.976848	     0.981596	     0.977972	     0.982413	     0.938966	     0.949268	     0.964872	     0.972881	     0.945755	     0.956322	     0.914405	     0.909103	
  1.67795e+08	     0.969077	     0.978478	     0.974908	     0.979227	     0.939458	     0.947679	     0.956347	     0.964037	     0.947786	     0.953055	     0.918241	     0.912656	
  1.67875e+08	     0.971739	     0.978248	     0.975407	     0.979073	     0.940367	     0.948403	     0.951878	     0.961246	     0.951435	     0.952456	     0.915807	     0.912824	
  1.67955e+08	     0.976433	     0.979602	     0.977727	     0.974398	     0.940820	     0.947661	     0.953435	     0.954093	     0.947704	     0.951895	     0.909876	     0.916044	
  1.68035e+08	     0.974028	     0.978786	     0.976970	     0.974807	     0.941450	     0.945521	     0.963047	     0.965078	     0.949507	     0.948347	     0.913735	     0.906086	
  1.68115e+08	     0.971417	     0.971629	     0.974854	     0.975370	     0.940666	     0.949051	     0.950921	     0.962349	     0.948022	     0.947421	     0.910605	     0.907391	
  1.68195e+08	     0.960551	     0.960055	     0.960221	     0.966892	     0.921800	     0.928680	     0.938650	     0.950926	     0.937318	     0.935813	     0.894979	     0.901606	
  1.68275e+08	      1.56996	      1.55024	      1.57114	      1.57588	      1.51971	      1.51772	      1.61860	      1.60989	      1.54636	      1.55130	      1.49183	      1.52222	
  1.68355e+08	      1.57252	      1.54905	      1.56907	      1.57551	      1.51552	      1.51298	      1.62454	      1.61112	      1.54187	      1.54435	      1.48797	      1.50962	
  1.68435e+08	     0.955547	     0.953133	     0.949144	     0.956371	     0.918694	     0.926053	     0.937169	     0.949689	     0.925683	     0.932486	     0.890329	     0.893952	
  1.68515e+08	     0.978771	     0.969345	     0.976529	     0.979662	     0.936749	     0.939575	     0.948269	     0.973049	     0.945915	     0.943382	     0.904742	     0.907901	
  1.68595e+08	     0.977350	     0.971536	     0.974845	     0.976574	     0.938622	     0.940914	     0.955262	     0.955917	     0.941643	     0.945885	     0.910821	     0.910657	
  1.68675e+08	     0.976751	     0.974725	     0.975294	     0.978744	     0.938025	     0.938118	     0.948162	     0.952975	     0.942508	     0.944044	     0.909567	     0.904814	
  1.68755e+08	     0.977400	     0.975000	     0.978944	     0.978112	     0.935904	     0.938714	     0.944236	     0.951249	     0.941549	     0.944389	     0.907534	     0.908172	
  1.68835e+08	     0.978781	     0.976810	     0.980614	     0.977846	     0.929350	     0.937867	     0.955294	     0.957863	     0.943277	     0.944574	     0.904959	     0.906186	
  1.68915e+08	     0.982392	     0.978719	     0.976545	     0.972434	     0.926412	     0.939258	     0.958067	     0.954599	     0.941347	     0.946467	     0.904228	     0.908739	
  1.68995e+08	     0.980326	     0.980922	     0.972688	     0.972785	     0.926728	     0.939603	     0.941465	     0.957466	     0.941819	     0.941405	     0.902391	     0.904112	
  1.69075e+08	     0.978331	     0.985761	     0.970765	     0.972172	     0.926985	     0.938075	     0.952519	     0.954301	     0.944191	     0.945417	     0.899027	     0.906831	
  1.69155e+08	     0.977272	     0.981116	     0.969736	     0.972511	     0.930952	     0.936665	     0.952375	     0.951586	     0.940706	     0.943863	     0.898997	     0.900775	
  1.69235e+08	     0.974395	     0.979104	     0.966384	     0.974057	     0.928193	     0.936802	     0.954966	     0.952459	     0.949194	     0.942947	     0.901789	     0.903540	
  1.69315e+08	     0.975851	     0.980029	     0.966039	     0.974094	     0.927664	     0.937735	     0.949514	     0.958838	     0.943610	     0.943281	     0.898305	     0.901500	
  1.69395e+08	     0.975545	     0.980818	     0.968737	     0.975396	     0.929863	     0.939323	     0.954073	     0.949781	     0.941710	     0.942745	     0.902898	     0.903119	
  1.69475e+08	     0.961164	     0.966018	     0.960600	     0.962374	     0.917487	     0.925309	     0.942444	     0.946247	     0.927966	     0.932430	     0.892512	     0.890778	
  1.69555e+08	      1.56979	      1.54700	      1.56820	      1.58021	      1.51207	      1.50731	      1.62846	      1.60720	      1.53355	      1.53597	      1.48112	      1.50322	
