  1.38915e+08	      1.63905	      1.62530	      1.57597	      1.57603	      1.62185	      1.63290	      1.68038	      1.67262	      1.65581	      1.66136	      1.71126	      1.73093	
  1.38995e+08	     0.972292	     0.977190	     0.924747	     0.928076	     0.968713	     0.964682	     0.957435	     0.950323	     0.967126	     0.977096	     0.996142	     0.997179	
  1.39075e+08	     0.990783	     0.988914	     0.947036	     0.948015	     0.986990	     0.980175	     0.978985	     0.968373	     0.980658	     0.987185	      1.01525	      1.01301	
  1.39155e+08	     0.989438	     0.988044	     0.951816	     0.944141	     0.982290	     0.981604	     0.964453	     0.963346	     0.987386	     0.988759	      1.01018	      1.01134	
  1.39235e+08	     0.992596	     0.992243	     0.949542	     0.949811	     0.984741	     0.976647	     0.973732	     0.976764	     0.985916	     0.983854	      1.00891	      1.00614	
  1.39315e+08	     0.993279	     0.994858	     0.949578	     0.939126	     0.979305	     0.977283	     0.974857	     0.968313	     0.976917	     0.981967	      1.00673	      1.00667	
  1.39395e+08	     0.995525	     0.988217	     0.951329	     0.941924	     0.982739	     0.977567	     0.972644	     0.970342	     0.979690	     0.983047	      1.00656	      1.01028	
  1.39475e+08	     0.992391	     0.996063	     0.948689	     0.945150	     0.985875	     0.974540	     0.965166	     0.971652	     0.983765	     0.978713	      1.01034	      1.00475	
  1.39555e+08	     0.988650	     0.982657	     0.948807	     0.945353	     0.981788	     0.971033	     0.967366	     0.955732	     0.976530	     0.984412	      1.00055	      1.00342	
  1.39635e+08	     0.990032	     0.981436	     0.947953	     0.946031	     0.982121	     0.973140	     0.972992	     0.962254	     0.976034	     0.978894	      1.00784	      1.00706	
  1.39715e+08	     0.987923	     0.981660	     0.947016	     0.940821	     0.980860	     0.975718	     0.975638	     0.965602	     0.967068	     0.983685	      1.00718	      1.01335	
  1.39795e+08	     0.984968	     0.987261	     0.944448	     0.940075	     0.973734	     0.963932	     0.969829	     0.967946	     0.974162	     0.973812	      1.00871	      1.00754	
  1.39875e+08	     0.991302	     0.988509	     0.947079	     0.941871	     0.979785	     0.974263	     0.969016	     0.959121	     0.975233	     0.969947	      1.00675	      1.00203	
  1.39955e+08	     0.989293	     0.985319	     0.946243	     0.938984	     0.975543	     0.973078	     0.962691	     0.957886	     0.972369	     0.976080	      1.00668	     0.995306	
  1.40035e+08	     0.975387	     0.975708	     0.936060	     0.933249	     0.957669	     0.957164	     0.948451	     0.951319	     0.962215	     0.964730	     0.992531	     0.992472	
  1.40115e+08	      1.62789	      1.61262	      1.57730	      1.57085	      1.61480	      1.63184	      1.67430	      1.66744	      1.66418	      1.66005	      1.71343	      1.72593	
  1.40195e+08	      1.62420	      1.61361	      1.57309	      1.58316	      1.61196	      1.63089	      1.67592	      1.67184	      1.66378	      1.66056	      1.70950	      1.72157	
  1.40275e+08	     0.969286	     0.969445	     0.926021	     0.933237	     0.960817	     0.961481	     0.953950	     0.938732	     0.956110	     0.964605	     0.987718	     0.984366	
  1.40355e+08	     0.987822	     0.982809	     0.946466	     0.944334	     0.977318	     0.978298	     0.967176	     0.969764	     0.976767	     0.978628	      1.00283	      1.00158	
  1.40435e+08	     0.986071	     0.985720	     0.949129	     0.945414	     0.978485	     0.980658	     0.970845	     0.950306	     0.966320	     0.977452	     0.998262	      1.00255	
  1.40515e+08	     0.986348	     0.983672	     0.948382	     0.944505	     0.983062	     0.978853	     0.969214	     0.963091	     0.979208	     0.974289	      1.00344	     0.993454	
  1.40595e+08	     0.988790	     0.980597	     0.949647	     0.942578	     0.974978	     0.979052	     0.972222	     0.966134	     0.967438	     0.975244	      1.00601	     0.998396	
  1.40675e+08	     0.988186	     0.979575	     0.943013	     0.942334	     0.979428	     0.977885	     0.968523	     0.968849	     0.968730	     0.977229	     0.997899	     0.998275	
  1.40755e+08	     0.981152	     0.974975	     0.950588	     0.940333	     0.981224	     0.981745	     0.973170	     0.969458	     0.974353	     0.974685	      1.00160	      1.00285	
  1.40835e+08	     0.984286	     0.967631	     0.953951	     0.938835	     0.981872	     0.980828	     0.971673	     0.968515	     0.969123	     0.967444	      1.00032	     0.993382	
  1.40915e+08	     0.983203	     0.979067	     0.950320	     0.944119	     0.976163	     0.975597	     0.977327	     0.972220	     0.968250	     0.976566	     0.999133	     0.999554	
  1.40995e+08	     0.985955	     0.974267	     0.944354	     0.940943	     0.973510	     0.979843	     0.970057	     0.964823	     0.975381	     0.970950	     0.995866	     0.994088	
  1.41075e+08	     0.975410	     0.977315	     0.944471	     0.939517	     0.977006	     0.978176	     0.969403	     0.973284	     0.963640	     0.972055	     0.990946	     0.994952	
  1.41155e+08	     0.978568	     0.971463	     0.946484	     0.940278	     0.977867	     0.977530	     0.962489	     0.973552	     0.966839	     0.973273	      1.00081	     0.992256	
  1.41235e+08	     0.980482	     0.976575	     0.950301	     0.946578	     0.976907	     0.976467	     0.963663	     0.972988	     0.964765	     0.975760	     0.994630	     0.994442	
  1.41315e+08	     0.964088	     0.965658	     0.932896	     0.934199	     0.964879	     0.959019	     0.960177	     0.964744	     0.951329	     0.968588	     0.982130	     0.984751	
  1.41395e+08	      1.61743	      1.60934	      1.57707	      1.58688	      1.61331	      1.62896	      1.67398	      1.67167	      1.65835	      1.65880	      1.70268	      1.72329	
  1.41475e+08	      1.61556	      1.61186	      1.57384	      1.59897	      1.61608	      1.63453	      1.67729	      1.66997	      1.65285	      1.66511	      1.70196	      1.73113	
  1.41555e+08	     0.965103	     0.954879	     0.936424	     0.932722	     0.950912	     0.957683	     0.968520	     0.953605	     0.958415	     0.962540	     0.984811	     0.992715	
  1.41635e+08	     0.983603	     0.971379	     0.954595	     0.947847	     0.974438	     0.971259	     0.969111	     0.959419	     0.972768	     0.976729	     0.997942	     0.995451	
  1.41715e+08	     0.983490	     0.979162	     0.950700	     0.937262	     0.975478	     0.971102	     0.959601	     0.966508	     0.971483	     0.974591	     0.992082	     0.997761	
  1.41795e+08	     0.978402	     0.978253	     0.955182	     0.948306	     0.977197	     0.977143	     0.963222	     0.986412	     0.976673	     0.976046	     0.995463	     0.998575	
  1.41875e+08	     0.977901	     0.974761	     0.948253	     0.945592	     0.971888	     0.973781	     0.983058	     0.974504	     0.978979	     0.975437	     0.996829	     0.996340	
  1.41955e+08	     0.987281	     0.970828	     0.944862	     0.947207	     0.970860	     0.972553	     0.976023	     0.974736	     0.974463	     0.978049	      1.00060	     0.998726	
  1.42035e+08	     0.985117	     0.979620	     0.949015	     0.944535	     0.977208	     0.973491	     0.967879	     0.961627	     0.976755	     0.977074	     0.995946	     0.998691	
  1.42115e+08	     0.981051	     0.973190	     0.946825	     0.944094	     0.967435	     0.971904	     0.984471	     0.968129	     0.965850	     0.973247	     0.997460	     0.993414	
  1.42195e+08	     0.985722	     0.980578	     0.947080	     0.949487	     0.979583	     0.972303	     0.977959	     0.975819	     0.974247	     0.971211	      1.00145	      1.00215	
  1.42275e+08	     0.984661	     0.978272	     0.944626	     0.941226	     0.972994	     0.972602	     0.978162	     0.972371	     0.975215	     0.967932	      1.00192	     0.997939	
  1.42355e+08	     0.985168	     0.975802	     0.954002	     0.944338	     0.971578	     0.975292	     0.976931	     0.975235	     0.977670	     0.966289	     0.996083	     0.997205	
  1.42435e+08	     0.986804	     0.976901	     0.949823	     0.942620	     0.976679	     0.972399	     0.970087	     0.963004	     0.972354	     0.976386	      1.00612	     0.992719	
  1.42515e+08	     0.985868	     0.974080	     0.949102	     0.946422	     0.977279	     0.978354	     0.976376	     0.972152	     0.974541	     0.967425	     0.996651	     0.997804	
  1.42595e+08	     0.973119	     0.971853	     0.933814	     0.935590	     0.961604	     0.972592	     0.956106	     0.963988	     0.964909	     0.965484	     0.981862	     0.989025	
  1.42675e+08	      1.61503	      1.61178	      1.57468	      1.59755	      1.61490	      1.63873	      1.67713	      1.67503	      1.65808	      1.66418	      1.69697	      1.72977	
  1.42755e+08	      1.61777	      1.61258	      1.58554	      1.60843	      1.61939	      1.64587	      1.68150	      1.69133	      1.67058	      1.67420	      1.70329	      1.72917	
  1.42835e+08	     0.974721	     0.965680	     0.931632	     0.927517	     0.963178	     0.958701	     0.952399	     0.957757	     0.962342	     0.958428	     0.980013	     0.984417	
  1.42915e+08	     0.990562	     0.981458	     0.947483	     0.948259	     0.978601	     0.974519	     0.979133	     0.970741	     0.978358	     0.973758	      1.00243	      1.00284	
  1.42995e+08	     0.987788	     0.977606	     0.952118	     0.948615	     0.982016	     0.969720	     0.976709	     0.975579	     0.980575	     0.976829	     0.997676	     0.999171	
  1.43075e+08	     0.985440	     0.982251	     0.952144	     0.948101	     0.978096	     0.976730	     0.974995	     0.978137	     0.984099	     0.980636	      1.00284	     0.996588	
  1.43155e+08	     0.986045	     0.973185	     0.954903	     0.947829	     0.981369	     0.974738	     0.963757	     0.969177	     0.983500	     0.980085	     0.994842	     0.989930	
  1.43235e+08	     0.985179	     0.981951	     0.956712	     0.948659	     0.977498	     0.971810	     0.976411	     0.974009	     0.984153	     0.977938	     0.997098	     0.998600	
  1.43315e+08	     0.984527	     0.975986	     0.953658	     0.945937	     0.982133	     0.979119	     0.971222	     0.971947	     0.982134	     0.980479	     0.998522	     0.993926	
  1.43395e+08	     0.987518	     0.976634	     0.955658	     0.944263	     0.982885	     0.975045	     0.967740	     0.964073	     0.975528	     0.979659	     0.989681	     0.994752	
  1.43475e+08	     0.985454	     0.980730	     0.951605	     0.955733	     0.979758	     0.978121	     0.965774	     0.964024	     0.985320	     0.974930	     0.998504	     0.997407	
  1.43555e+08	     0.985770	     0.971666	     0.954789	     0.950608	     0.982951	     0.980281	     0.966658	     0.947814	     0.984179	     0.980886	     0.998138	     0.993541	
  1.43635e+08	     0.985891	     0.984774	     0.960423	     0.951252	     0.982418	     0.979398	     0.969070	     0.961347	     0.982156	     0.979957	     0.998145	     0.995758	
  1.43715e+08	     0.988059	     0.974078	     0.955347	     0.950694	     0.980714	     0.979168	     0.976946	     0.961338	     0.982130	     0.982520	     0.998740	     0.998025	
  1.43795e+08	     0.984719	     0.979993	     0.966326	     0.954855	     0.975673	     0.976653	     0.972193	     0.960269	     0.985721	     0.984923	     0.996485	      1.00386	
  1.43875e+08	     0.975012	     0.968798	     0.948917	     0.946078	     0.970751	     0.977660	     0.965370	     0.954668	     0.976657	     0.979813	     0.987935	     0.988531	
  1.43955e+08	      1.61957	      1.62264	      1.58827	      1.62091	      1.62486	      1.65800	      1.68801	      1.69987	      1.66418	      1.68219	      1.70227	      1.73182	
  1.44035e+08	      1.62806	      1.63301	      1.60331	      1.64814	      1.64063	      1.67645	      1.70562	      1.72167	      1.68862	      1.70071	      1.72005	      1.75846	
  1.44115e+08	     0.972336	     0.969268	     0.939401	     0.945680	     0.964395	     0.967534	     0.959189	     0.969170	     0.968504	     0.974208	     0.985592	     0.991882	
  1.44195e+08	     0.989950	     0.977373	     0.964021	     0.961214	     0.985481	     0.985017	     0.971820	     0.978552	     0.988491	     0.989885	      1.00500	     0.994976	
  1.44275e+08	     0.983963	     0.981631	     0.961372	     0.960393	     0.989156	     0.983943	     0.976244	     0.986967	     0.983140	     0.985114	      1.00227	      1.00458	
  1.44355e+08	     0.979378	     0.986547	     0.971596	     0.961876	     0.984374	     0.984703	     0.972617	     0.985454	     0.987780	     0.980542	      1.00605	      1.00538	
  1.44435e+08	     0.984980	     0.977687	     0.965143	     0.960113	     0.991459	     0.982956	     0.982668	     0.985476	     0.994180	     0.986308	      1.00909	      1.00292	
  1.44515e+08	     0.987669	     0.981722	     0.969344	     0.963249	     0.987418	     0.982019	     0.978069	     0.982624	     0.992558	     0.985216	      1.00863	      1.00765	
  1.44595e+08	     0.985391	     0.981120	     0.968206	     0.963795	     0.989443	     0.979912	     0.979202	     0.983041	     0.991196	     0.983868	      1.00963	      1.00768	
  1.44675e+08	     0.987219	     0.980099	     0.977338	     0.961456	     0.990187	     0.989408	     0.981221	     0.997671	     0.993615	     0.982660	      1.02281	      1.00631	
  1.44755e+08	     0.987481	     0.981958	     0.975685	     0.967857	     0.989700	     0.983612	     0.980585	     0.992484	     0.994640	     0.989241	      1.00999	      1.01169	
  1.44835e+08	     0.983443	     0.981616	     0.971572	     0.967635	     0.995319	     0.986637	     0.994299	     0.993241	     0.992058	     0.991263	      1.00382	      1.00497	
  1.44915e+08	     0.989897	     0.978449	     0.969817	     0.970399	     0.996808	     0.987086	     0.985089	     0.986839	     0.991438	     0.994158	      1.00762	      1.01529	
  1.44995e+08	     0.989751	     0.981770	     0.975372	     0.968087	     0.994306	     0.984639	     0.996296	     0.992632	     0.996984	      1.00027	      1.01097	      1.00960	
  1.45075e+08	     0.992515	     0.983715	     0.977020	     0.970845	      1.00090	     0.986859	     0.997516	      1.00186	     0.996688	     0.997119	      1.00833	      1.01305	
  1.45155e+08	     0.973391	     0.979558	     0.959980	     0.961766	     0.983433	     0.983555	     0.977659	     0.987181	     0.980758	     0.996504	      1.00190	     0.991884	
  1.45235e+08	      1.63193	      1.64092	      1.61290	      1.66740	      1.64955	      1.68892	      1.71560	      1.73735	      1.69954	      1.71264	      1.73091	      1.77069	
  1.45315e+08	      1.64605	      1.66480	      1.63315	      1.68877	      1.67123	      1.70851	      1.73677	      1.76780	      1.72241	      1.73358	      1.74639	      1.76890	
  1.45395e+08	     0.978276	     0.972214	     0.961489	     0.966917	     0.979136	     0.983833	     0.971548	     0.988840	     0.988888	     0.991256	      1.00562	      1.00214	
  1.45475e+08	     0.998804	     0.989983	     0.986549	     0.984370	      1.00952	     0.993451	     0.996637	      1.01072	      1.00354	      1.00122	      1.01369	      1.01611	
  1.45555e+08	     0.995086	     0.995514	     0.985907	     0.977105	      1.00568	     0.998131	     0.997970	     0.991268	      1.00231	      1.00077	      1.01390	      1.01552	
  1.45635e+08	      1.00201	     0.994663	     0.987184	     0.981212	      1.00138	     0.999962	     0.997999	     0.988016	      1.00182	      1.00185	      1.02097	      1.01531	
  1.45715e+08	      1.00299	     0.996238	     0.986186	     0.982171	      1.00813	     0.996196	      1.00451	     0.993179	      1.00458	     0.998202	      1.02383	      1.02140	
  1.45795e+08	      1.00119	     0.995858	     0.984916	     0.982877	      1.01055	     0.998455	     0.987422	     0.990844	      1.00707	      1.00210	      1.01829	      1.01707	
  1.45875e+08	     0.997725	     0.999677	     0.985733	     0.979873	      1.00341	      1.00274	      1.00176	     0.992900	      1.00369	      1.00877	      1.02662	      1.01662	
  1.45955e+08	     0.998140	     0.995785	     0.984875	     0.984858	      1.01207	      1.00304	      1.00297	      1.00091	      1.00664	      1.00029	      1.02311	      1.01919	
  1.46035e+08	     0.998402	     0.995721	     0.993133	     0.992464	      1.01119	      1.01061	     0.998364	      1.00114	      1.00906	      1.00377	      1.02106	      1.01740	
  1.46115e+08	      1.00178	     0.995245	     0.989043	     0.989573	      1.00878	      1.00895	      1.00606	      1.01128	      1.00820	      1.00184	      1.02326	      1.01816	
  1.46195e+08	     0.997358	      1.00130	     0.992346	     0.987842	      1.01299	      1.00540	      1.00473	      1.00677	      1.00899	      1.00887	      1.02282	      1.02178	
  1.46275e+08	      1.00513	      1.00237	     0.997626	     0.991172	      1.01287	      1.00959	      1.00655	     0.996785	      1.01340	      1.00856	      1.02530	      1.02178	
  1.46355e+08	      1.00622	      1.00548	     0.999795	     0.991928	      1.02034	      1.01080	      1.01023	      1.01096	      1.01643	      1.01380	      1.02675	      1.03119	
  1.46435e+08	     0.991857	     0.992472	     0.984989	     0.981059	      1.00440	      1.00573	     0.998253	      1.00382	      1.00419	      1.00180	      1.01452	      1.02246	
  1.46515e+08	      1.65420	      1.67090	      1.64195	      1.69514	      1.68069	      1.72019	      1.74661	      1.80852	      1.73214	      1.74233	      1.74052	      1.79685	
  1.46595e+08	      1.66950	      1.68934	      1.65864	      1.71114	      1.69967	      1.74230	      1.77096	      1.82687	      1.74598	      1.76115	      1.75775	      1.78955	
  1.46675e+08	     0.990504	     0.991235	     0.981561	     0.972771	      1.00475	      1.00343	      1.00495	      1.00415	     0.995540	      1.00196	      1.01635	      1.01797	
  1.46755e+08	      1.01056	      1.00845	     0.996996	     0.993352	      1.01787	      1.01691	      1.00995	      1.01173	      1.01681	      1.02084	      1.03000	      1.02496	
  1.46835e+08	      1.00672	      1.00990	     0.998332	     0.992426	      1.02372	      1.01178	      1.01272	      1.00515	      1.01513	      1.00676	      1.03538	      1.03825	
  1.46915e+08	      1.01485	      1.00526	      1.00028	     0.999037	      1.02639	      1.01557	      1.02308	      1.01786	      1.01182	      1.01079	      1.03631	      1.02890	
  1.46995e+08	      1.01159	      1.00439	      1.00575	      1.00118	      1.02601	      1.01921	      1.02646	      1.01399	      1.01652	      1.01487	      1.02923	      1.03355	
  1.47075e+08	      1.01526	      1.00745	      1.00165	     0.993915	      1.02735	      1.02512	      1.01837	      1.01456	      1.01718	      1.01445	      1.03539	      1.03451	
  1.47155e+08	      1.01050	      1.00968	      1.00469	     0.995326	      1.03101	      1.02102	      1.00859	      1.01804	      1.02135	      1.01724	      1.03204	      1.03295	
  1.47235e+08	      1.01588	      1.00688	      1.00662	     0.994030	      1.02956	      1.01790	      1.00474	      1.02328	      1.02337	      1.01606	      1.03943	      1.03038	
  1.47315e+08	      1.01166	      1.00474	      1.00649	     0.999273	      1.02554	      1.02361	      1.02644	      1.01759	      1.02478	      1.02190	      1.03851	      1.03415	
  1.47395e+08	      1.01101	      1.00603	      1.00476	      1.00155	      1.02716	      1.02516	      1.02981	      1.01865	      1.02398	      1.02028	      1.03969	      1.02961	
  1.47475e+08	      1.00971	      1.01236	      1.00656	      1.00106	      1.02907	      1.02211	      1.01164	      1.01349	      1.02459	      1.02259	      1.03851	      1.03339	
  1.47555e+08	      1.01659	      1.01852	      1.00366	     0.996442	      1.03045	      1.02255	      1.03459	      1.00860	      1.02874	      1.02017	      1.03953	      1.03861	
  1.47635e+08	      1.01567	      1.01868	      1.00798	      1.00239	      1.03693	      1.03069	      1.01752	      1.03480	      1.02650	      1.01654	      1.04050	      1.04656	
  1.47715e+08	      1.00645	      1.01014	     0.994803	      1.00190	      1.02858	      1.01977	      1.00076	      1.00635	      1.01489	      1.01228	      1.02844	      1.02866	
  1.47795e+08	      1.66928	      1.69672	      1.67467	      1.72520	      1.70688	      1.75178	      1.78329	      1.83172	      1.75252	      1.76713	      1.76529	      1.79999	
  1.47875e+08	      1.67511	      1.69702	      1.68207	      1.73298	      1.71224	      1.75263	      1.79327	      1.81125	      1.75976	      1.76938	      1.76345	      1.80470	
  1.47955e+08	      1.00652	     0.999200	     0.994836	     0.994265	      1.01181	      1.01936	      1.01084	      1.00790	      1.01189	      1.01613	      1.02654	      1.03254	
  1.48035e+08	      1.01257	      1.02212	      1.00989	      1.00800	      1.03356	      1.02948	      1.02652	      1.03526	      1.02673	      1.02869	      1.03688	      1.03988	
  1.48115e+08	      1.01979	      1.01161	      1.01204	      1.01018	      1.03946	      1.03126	      1.03287	      1.01276	      1.03192	      1.00990	      1.03883	      1.04481	
  1.48195e+08	      1.02297	      1.01604	      1.01518	      1.00791	      1.03613	      1.02902	      1.02417	      1.01683	      1.02868	      1.02429	      1.03700	      1.04089	
  1.48275e+08	      1.01757	      1.01667	      1.01142	      1.01626	      1.03481	      1.02512	      1.02896	      1.01839	      1.02792	      1.02722	      1.04310	      1.03883	
  1.48355e+08	      1.02041	      1.01202	      1.01843	      1.01693	      1.03463	      1.03011	      1.03533	      1.02568	      1.03124	      1.02666	      1.04126	      1.04551	
  1.48435e+08	      1.01093	      1.01655	      1.01208	      1.01463	      1.02792	      1.03013	      1.04191	      1.01888	      1.02953	      1.02867	      1.04026	      1.04130	
  1.48515e+08	      1.02850	      1.01733	      1.02410	      1.01625	      1.03319	      1.02148	      1.02583	      1.03600	      1.03424	      1.02468	      1.03956	      1.04209	
  1.48595e+08	      1.02151	      1.01395	      1.02081	      1.01918	      1.03639	      1.02710	      1.02164	      1.02514	      1.03670	      1.01994	      1.03433	      1.04343	
  1.48675e+08	      1.01820	      1.01401	      1.02247	      1.01585	      1.03770	      1.02994	      1.03582	      1.02112	      1.03054	      1.02147	      1.04051	      1.03913	
  1.48755e+08	      1.01966	      1.02326	      1.02706	      1.02100	      1.03548	      1.02907	      1.03143	      1.02850	      1.02992	      1.02513	      1.04117	      1.04210	
  1.48835e+08	      1.02194	      1.01153	      1.02398	      1.01754	      1.03157	      1.02573	      1.03678	      1.03466	      1.03972	      1.03121	      1.04222	      1.03582	
  1.48915e+08	      1.02365	      1.01476	      1.02643	      1.01699	      1.03877	      1.03422	      1.03494	      1.02383	      1.03787	      1.02610	      1.04089	      1.04560	
  1.48995e+08	      1.00643	      1.00581	      1.00621	      1.00923	      1.02118	      1.02558	      1.00995	      1.02009	      1.02392	      1.02070	      1.03146	      1.02711	
  1.49075e+08	      1.67602	      1.69586	      1.68181	      1.72989	      1.71431	      1.75537	      1.78933	      1.80577	      1.76145	      1.76890	      1.76300	      1.80127	
  1.49155e+08	      1.67870	      1.69463	      1.68837	      1.73704	      1.71972	      1.75682	      1.80250	      1.81171	      1.76667	      1.77246	      1.76866	      1.79572	
  1.49235e+08	      1.00933	      1.00031	      1.00642	      1.00820	      1.02608	      1.02395	      1.02656	      1.01951	      1.02127	      1.02033	      1.03313	      1.03300	
  1.49315e+08	      1.02799	      1.02535	      1.02436	      1.01935	      1.04487	      1.03297	      1.03517	      1.03200	      1.03728	      1.03175	      1.04434	      1.03546	
  1.49395e+08	      1.02474	      1.02125	      1.02733	      1.02525	      1.03841	      1.03299	      1.03558	      1.02699	      1.03570	      1.02859	      1.03371	      1.03620	
  1.49475e+08	      1.01862	      1.01595	      1.02825	      1.02198	      1.03942	      1.03431	      1.05223	      1.03157	      1.03478	      1.02667	      1.03748	      1.04196	
  1.49555e+08	      1.02680	      1.01937	      1.03184	      1.02812	      1.03870	      1.03303	      1.04713	      1.01932	      1.03774	      1.03427	      1.03774	      1.04502	
  1.49635e+08	      1.01836	      1.01006	      1.02978	      1.02723	      1.03906	      1.02936	      1.04730	      1.02689	      1.03586	      1.02819	      1.04138	      1.04300	
  1.49715e+08	      1.01571	      1.02038	      1.02441	      1.02863	      1.03875	      1.03383	      1.04219	      1.02337	      1.03904	      1.03245	      1.04285	      1.04051	
  1.49795e+08	      1.01735	      1.01561	      1.02307	      1.02920	      1.03423	      1.03269	      1.02592	      1.01738	      1.03444	      1.03161	      1.04253	      1.03857	
  1.49875e+08	      1.01473	      1.01335	      1.01746	      1.01930	      1.03698	      1.03208	      1.03137	      1.02231	      1.03741	      1.02644	      1.03610	      1.04038	
  1.49955e+08	      1.01882	      1.01410	      1.01993	      1.02469	      1.03003	      1.03109	      1.05035	      1.03405	      1.03348	      1.02983	      1.04241	      1.04320	
  1.50035e+08	      1.01702	      1.01553	      1.02025	      1.02008	      1.03588	      1.02796	      1.03297	      1.03665	      1.03095	      1.03431	      1.04089	      1.03576	
  1.50115e+08	      1.02039	      1.01849	      1.02113	      1.02395	      1.03273	      1.03222	      1.04650	      1.02487	      1.03770	      1.02757	      1.04359	      1.04638	
  1.50195e+08	      1.02376	      1.01540	      1.02955	      1.02566	      1.02630	      1.03365	      1.04558	      1.02744	      1.03107	      1.03055	      1.03494	      1.04715	
  1.50275e+08	      1.00513	      1.00767	      1.00799	      1.01881	      1.02077	      1.01989	      1.02983	      1.02631	      1.02314	      1.02569	      1.02334	      1.03109	
  1.50355e+08	      1.67460	      1.68941	      1.68800	      1.74092	      1.71463	      1.75036	      1.80216	      1.80818	      1.76178	      1.76660	      1.75393	      1.79043	
  1.50435e+08	      1.67049	      1.67730	      1.68920	      1.73498	      1.70843	      1.74124	      1.79922	      1.80303	      1.75429	      1.75917	      1.75464	      1.77785	
  1.50515e+08	      1.00636	     0.997070	      1.00396	      1.01158	      1.01276	      1.02479	      1.01824	      1.00464	      1.02741	      1.02358	      1.01827	      1.02266	
  1.50595e+08	      1.01624	      1.02058	      1.02105	      1.02050	      1.03373	      1.03802	      1.03450	      1.03363	      1.04170	      1.03505	      1.04475	      1.04294	
  1.50675e+08	      1.02217	      1.01531	      1.02231	      1.01399	      1.02979	      1.02874	      1.04061	      1.04219	      1.04385	      1.02904	      1.03491	      1.04379	
  1.50755e+08	      1.01809	      1.01667	      1.01676	      1.01875	      1.03394	      1.03536	      1.04505	      1.02276	      1.03471	      1.03078	      1.04129	      1.04072	
  1.50835e+08	      1.01439	      1.01722	      1.01749	      1.01874	      1.03059	      1.03260	      1.04168	      1.02563	      1.03615	      1.02709	      1.04684	      1.04332	
  1.50915e+08	      1.01860	      1.01706	      1.02249	      1.01792	      1.03577	      1.03198	      1.03435	      1.04012	      1.03274	      1.02937	      1.03900	      1.04263	
  1.50995e+08	      1.01340	      1.01716	      1.01841	      1.01706	      1.03163	      1.02784	      1.03187	      1.03241	      1.03502	      1.03270	      1.03661	      1.04292	
  1.51075e+08	      1.01578	      1.01170	      1.01346	      1.01684	      1.03125	      1.02931	      1.03024	      1.02976	      1.03757	      1.02879	      1.04026	      1.03787	
  1.51155e+08	      1.01154	      1.00995	      1.01232	      1.01133	      1.03565	      1.02564	      1.02538	      1.03930	      1.03568	      1.02735	      1.03606	      1.04253	
  1.51235e+08	      1.00689	      1.01511	      1.02045	      1.00699	      1.03228	      1.02663	      1.03178	      1.03760	      1.03383	      1.02109	      1.03825	      1.03235	
  1.51315e+08	      1.00763	      1.01419	      1.01548	      1.01836	      1.03718	      1.03489	      1.03051	      1.02579	      1.03187	      1.02674	      1.02830	      1.03531	
  1.51395e+08	      1.01635	      1.01244	      1.01922	      1.01494	      1.03052	      1.02634	      1.03226	      1.03865	      1.02690	      1.02437	      1.04244	      1.03821	
  1.51475e+08	      1.01219	      1.01054	      1.01382	      1.01869	      1.03048	      1.02798	      1.01730	      1.02549	      1.03040	      1.02579	      1.03189	      1.03847	
  1.51555e+08	     0.989812	     0.994847	      1.00617	      1.00530	      1.01021	      1.02014	      1.02366	      1.01907	      1.01530	      1.01596	      1.01409	      1.02263	
  1.51635e+08	      1.66155	      1.66641	      1.67717	      1.72591	      1.69955	      1.73286	      1.79063	      1.79814	      1.74444	      1.75192	      1.74926	      1.76765	
  1.51715e+08	      1.65229	      1.65576	      1.66820	      1.71089	      1.68951	      1.72473	      1.77640	      1.77806	      1.73458	      1.74179	      1.73724	      1.75521	
  1.51795e+08	     0.986503	     0.987504	     0.995532	     0.997194	      1.00946	      1.01418	      1.01340	      1.02464	      1.01309	      1.01490	      1.01581	      1.02195	
  1.51875e+08	      1.00743	      1.00692	      1.01998	      1.01967	      1.02573	      1.02892	      1.02412	      1.02770	      1.03193	      1.02920	      1.02993	      1.03237	
  1.51955e+08	      1.00579	      1.01107	      1.01828	      1.01363	      1.02703	      1.03041	      1.04022	      1.02113	      1.03160	      1.02145	      1.02915	      1.02931	
  1.52035e+08	      1.00476	      1.01428	      1.01438	      1.01773	      1.02428	      1.02401	      1.03893	      1.02498	      1.02793	      1.03016	      1.03261	      1.02915	
  1.52115e+08	      1.00800	      1.01080	      1.01761	      1.01276	      1.03149	      1.02489	      1.02621	      1.02591	      1.02300	      1.02955	      1.02940	      1.03017	
  1.52195e+08	      1.00997	      1.00804	      1.01949	      1.01323	      1.02530	      1.02502	      1.02862	      1.02380	      1.02849	      1.02436	      1.02665	      1.02741	
  1.52275e+08	      1.00728	      1.00526	      1.01434	      1.00977	      1.02224	      1.02843	      1.02423	      1.02118	      1.02884	      1.02099	      1.02256	      1.02555	
  1.52355e+08	      1.00947	     0.997942	      1.01315	      1.01412	      1.02497	      1.03138	      1.01810	      1.01901	      1.01883	      1.01521	      1.02219	      1.02725	
  1.52435e+08	      1.01164	      1.00782	      1.01053	      1.00762	      1.02032	      1.02270	      1.01938	      1.01745	      1.01343	      1.02008	      1.02362	      1.02674	
  1.52515e+08	      1.00711	      1.00596	      1.01029	      1.01380	      1.02118	      1.02272	      1.01503	      1.01993	      1.02090	      1.02131	      1.02335	      1.02581	
  1.52595e+08	      1.00604	      1.00638	      1.01105	      1.01557	      1.02489	      1.02278	      1.00929	      1.01038	      1.00780	      1.01646	      1.02056	      1.02140	
  1.52675e+08	      1.01156	      1.00615	      1.01556	      1.01243	      1.02445	      1.02743	      1.01361	      1.01829	      1.01301	      1.01414	      1.02017	      1.02328	
  1.52755e+08	      1.00065	      1.00422	      1.01844	      1.02081	      1.02446	      1.02969	      1.01409	      1.02975	      1.01832	      1.01969	      1.01243	      1.02110	
  1.52835e+08	     0.991405	     0.993388	      1.00302	      1.00924	      1.00920	      1.01416	     0.992853	      1.00789	      1.00447	      1.00920	      1.00686	      1.00686	
  1.52915e+08	      1.64346	      1.64723	      1.66124	      1.70628	      1.67997	      1.70701	      1.76762	      1.77190	      1.72635	      1.73258	      1.72239	      1.74091	
  1.52995e+08	      1.63787	      1.64268	      1.65979	      1.70323	      1.67268	      1.69808	      1.76784	      1.76818	      1.72064	      1.72545	      1.71404	      1.73510	
  1.53075e+08	     0.983073	     0.989898	     0.988676	     0.999579	      1.00096	      1.00928	     0.991915	      1.00409	      1.00861	      1.00400	      1.00572	      1.00369	
  1.53155e+08	      1.00143	      1.00302	      1.00852	      1.01568	      1.01966	      1.02276	      1.01573	      1.02307	      1.01726	      1.01521	      1.01997	      1.01703	
  1.53235e+08	      1.00257	      1.00089	      1.00662	      1.01437	      1.02026	      1.02169	      1.01333	      1.01659	      1.01289	      1.01467	      1.01671	      1.01124	
  1.53315e+08	     0.996270	      1.00255	      1.00758	      1.00404	      1.01253	      1.01709	      1.00054	      1.00342	      1.01801	      1.02236	      1.02435	      1.01468	
  1.53395e+08	      1.00055	      1.00031	      1.01061	      1.01271	      1.01504	      1.01458	      1.01803	      1.00334	      1.01578	      1.01746	      1.02241	      1.01303	
  1.53475e+08	      1.00013	     0.999031	      1.00929	      1.00823	      1.01543	      1.01282	      1.00765	      1.01238	      1.01338	      1.01682	      1.01215	      1.01690	
  1.53555e+08	     0.997903	      1.00001	      1.00702	      1.00934	      1.01187	      1.01205	      1.00095	      1.01463	      1.01628	      1.01494	      1.01958	      1.01457	
  1.53635e+08	      1.00761	     0.998786	      1.00944	      1.00390	      1.00742	      1.01356	     0.991850	      1.01904	      1.01103	      1.01512	      1.01170	      1.01186	
  1.53715e+08	      1.00084	     0.996746	      1.00444	      1.00704	      1.00914	      1.00504	      1.00444	      1.01536	      1.01100	      1.01177	      1.01271	      1.01110	
  1.53795e+08	     0.998416	      1.00340	      1.00917	      1.00427	      1.00832	      1.00521	      1.00108	      1.00404	      1.00662	      1.01568	      1.01279	      1.01289	
  1.53875e+08	     0.993214	     0.995309	      1.00470	      1.00417	      1.00757	      1.01023	      1.00080	      1.01686	      1.00896	      1.01170	      1.01236	      1.01250	
  1.53955e+08	     0.993208	     0.998391	      1.00181	      1.00007	      1.00759	      1.00306	     0.999583	      1.00760	      1.00459	      1.01379	      1.01877	      1.01006	
  1.54035e+08	     0.997636	     0.995512	      1.00429	      1.00448	      1.01216	      1.01068	     0.994922	      1.01707	      1.00919	      1.01649	      1.01595	      1.00894	
  1.54115e+08	     0.983277	     0.980784	     0.985894	     0.996561	     0.993700	      1.00096	     0.986651	     0.997119	     0.999020	      1.00511	     0.994368	      1.00200	
  1.54195e+08	      1.63141	      1.63347	      1.65123	      1.69315	      1.66539	      1.68911	      1.76341	      1.77007	      1.71045	      1.72050	      1.69964	      1.72975	
  1.54275e+08	      1.62954	      1.62959	      1.65367	      1.68721	      1.66247	      1.68791	      1.76290	      1.76462	      1.70613	      1.71543	      1.69068	      1.72480	
  1.54355e+08	     0.972914	     0.976000	     0.990150	     0.992064	     0.992444	     0.998347	     0.983655	     0.995756	     0.990171	     0.996220	     0.992344	     0.993747	
  1.54435e+08	     0.996859	     0.995425	      1.00980	      1.00950	      1.01091	      1.00891	     0.991991	      1.00900	      1.00654	      1.00953	      1.00535	      1.01062	
  1.54515e+08	     0.997617	     0.996199	      1.00716	      1.00801	      1.00994	      1.00849	     0.998059	      1.01362	      1.00334	      1.00834	      1.00589	      1.00610	
  1.54595e+08	     0.992941	     0.989294	      1.00476	     0.999306	      1.00771	      1.00975	      1.00700	      1.00299	      1.00689	      1.00653	      1.01050	      1.00270	
  1.54675e+08	     0.993177	     0.991774	      1.00331	      1.00833	      1.00882	      1.01533	      1.01061	      1.00522	      1.00760	      1.01247	      1.00494	      1.00483	
  1.54755e+08	     0.990648	     0.991704	      1.00211	      1.00244	      1.00505	      1.00571	      1.01857	      1.00931	      1.00911	      1.00611	      1.00541	      1.00141	
  1.54835e+08	     0.996453	     0.993065	      1.00434	      1.01038	      1.01042	      1.01003	      1.01067	      1.01993	      1.00666	      1.01027	      1.00721	      1.00305	
  1.54915e+08	     0.992704	      1.00236	      1.00223	      1.01356	      1.00542	      1.01311	     0.995550	     0.999072	      1.01735	      1.00986	      1.00717	      1.00491	
  1.54995e+08	     0.989766	     0.999380	      1.00974	      1.01231	      1.01023	      1.00992	      1.00242	      1.01352	      1.00843	      1.01026	      1.00479	     0.994226	
  1.55075e+08	     0.992529	     0.994871	      1.01250	      1.01420	      1.01019	      1.00557	     0.996239	      1.00828	      1.01324	      1.00995	      1.00953	      1.00464	
  1.55155e+08	     0.990203	     0.994336	      1.01168	      1.01033	      1.01437	      1.00450	      1.00365	      1.00137	      1.00410	      1.00499	      1.00193	      1.00288	
  1.55235e+08	     0.988483	     0.997179	      1.00640	      1.01225	      1.01063	      1.00719	     0.999002	      1.00343	      1.00501	      1.00726	      1.00778	      1.00455	
  1.55315e+08	     0.989016	     0.996161	      1.01032	      1.00608	      1.00773	     0.998546	     0.998309	     0.998079	      1.00723	      1.00823	      1.00850	     0.995024	
  1.55395e+08	     0.975445	     0.980901	     0.989125	      1.00052	     0.992277	     0.995297	     0.987409	     0.988179	     0.988858	     0.997785	     0.993310	     0.995167	
  1.55475e+08	      1.62901	      1.62966	      1.64855	      1.68218	      1.65965	      1.68368	      1.76057	      1.76797	      1.70527	      1.70968	      1.69291	      1.71820	
  1.55555e+08	      1.63689	      1.62793	      1.64789	      1.68720	      1.65956	      1.68161	      1.76022	      1.75952	      1.69952	      1.70797	      1.69451	      1.71169	
  1.55635e+08	     0.972030	     0.974933	     0.991036	     0.995098	     0.989989	     0.990446	     0.983093	     0.988917	     0.992446	     0.997191	     0.987245	     0.984664	
  1.55715e+08	     0.988155	      1.00153	      1.01253	      1.01900	      1.00801	      1.00006	      1.01280	      1.00363	      1.00920	      1.00877	     0.999787	      1.00200	
  1.55795e+08	     0.987714	     0.994434	      1.01025	      1.01274	      1.00541	      1.00916	      1.00478	      1.00170	      1.01131	      1.00442	     0.996731	      1.00244	
  1.55875e+08	     0.988795	     0.991850	      1.00921	      1.00999	      1.00631	      1.00516	      1.01157	      1.00619	      1.00928	      1.00827	     0.997940	     0.993469	
  1.55955e+08	     0.987448	     0.995743	      1.01096	      1.01256	      1.00553	      1.00108	      1.00632	      1.00572	      1.01032	      1.00508	     0.997256	     0.998442	
  1.56035e+08	     0.987751	     0.998481	      1.01390	      1.00972	      1.01002	      1.00790	      1.00564	      1.00045	      1.01217	      1.00465	     0.999528	      1.00268	
  1.56115e+08	     0.997294	     0.995572	      1.01567	      1.00799	      1.00527	      1.00367	      1.01033	      1.01009	      1.00962	      1.00850	     0.996003	     0.998406	
  1.56195e+08	     0.990367	     0.992677	      1.00970	      1.01189	      1.01046	      1.00586	     0.998838	      1.00566	      1.00674	      1.00617	      1.00103	     0.989975	
  1.56275e+08	     0.993858	      1.00140	      1.00753	      1.01149	      1.00864	      1.00321	      1.00926	      1.01272	      1.01159	      1.01188	     0.998227	     0.995285	
  1.56355e+08	     0.999413	     0.996640	      1.01079	      1.01602	      1.00408	      1.00582	      1.01321	      1.01087	      1.01028	      1.00734	      1.00097	     0.999202	
  1.56435e+08	      1.00237	     0.991519	      1.00629	      1.01678	      1.00594	      1.00158	      1.00398	      1.01665	      1.01180	      1.00454	      1.00103	      1.00439	
  1.56515e+08	     0.993954	     0.997548	      1.01208	      1.01605	      1.00464	      1.00735	      1.01266	      1.00002	      1.00993	      1.01023	      1.00080	      1.00156	
  1.56595e+08	     0.996568	     0.993633	      1.01279	      1.01092	      1.00175	      1.00260	      1.00082	      1.00887	      1.00680	      1.00986	     0.999048	      1.00268	
  1.56675e+08	     0.981221	     0.981376	     0.996062	      1.00305	     0.993243	     0.991625	     0.984664	      1.00253	     0.992785	      1.00289	     0.984156	     0.990973	
  1.56755e+08	      1.64012	      1.62997	      1.65813	      1.70034	      1.65775	      1.67129	      1.75913	      1.75380	      1.70640	      1.70695	      1.69042	      1.71723	
  1.56835e+08	      1.64516	      1.63516	      1.66543	      1.70604	      1.66094	      1.67418	      1.76381	      1.75727	      1.70439	      1.70964	      1.69087	      1.71358	
  1.56915e+08	     0.983455	     0.981388	     0.989384	     0.987903	     0.988911	     0.990704	     0.999183	     0.995836	     0.994072	     0.998024	     0.980720	     0.985931	
  1.56995e+08	      1.00182	     0.997809	      1.01070	      1.00670	      1.00423	      1.00762	      1.01032	      1.01691	      1.00910	      1.00596	      1.00077	      1.00070	
  1.57075e+08	      1.00764	     0.996279	      1.00782	      1.00972	      1.00500	      1.00966	      1.02243	      1.01079	      1.01435	      1.00476	     0.997305	     0.998407	
  1.57155e+08	      1.00258	     0.999566	      1.01024	      1.00700	      1.00964	      1.00621	      1.02296	      1.01291	      1.01123	      1.01132	      1.00381	      1.00253	
  1.57235e+08	     0.998143	      1.00264	      1.00897	      1.01018	      1.00439	      1.00832	      1.00969	      1.02404	      1.01312	      1.00423	      1.00087	     0.997074	
  1.57315e+08	      1.00239	      1.00294	      1.00945	      1.01524	      1.00322	      1.00831	      1.01356	      1.01522	      1.01289	      1.00102	      1.00428	      1.00115	
  1.57395e+08	     0.997575	     0.996404	      1.01448	      1.00749	      1.00206	      1.00890	      1.02830	      1.01139	      1.00643	      1.00928	      1.00343	      1.00359	
  1.57475e+08	      1.00258	      1.00181	      1.01258	      1.02059	      1.00697	      1.00938	      1.03856	      1.02181	      1.01101	      1.00032	     0.999783	      1.00050	
  1.57555e+08	     0.997145	      1.00288	      1.01259	      1.01262	      1.00686	      1.01194	      1.01751	      1.01188	      1.01150	      1.00667	      1.00234	      1.00295	
  1.57635e+08	      1.00130	     0.999573	      1.01518	      1.02241	      1.00670	      1.01414	      1.01149	     0.997813	      1.01351	      1.01038	      1.00493	      1.00324	
  1.57715e+08	      1.00366	      1.00345	      1.01329	      1.01199	      1.00816	      1.01123	      1.01620	      1.00964	      1.01364	      1.01412	      1.00280	      1.00228	
  1.57795e+08	      1.00027	      1.00205	      1.01327	      1.01296	      1.00638	      1.00828	      1.01287	      1.01421	      1.01242	      1.01060	      1.00034	     0.999670	
  1.57875e+08	     0.996739	      1.00258	      1.01306	      1.01582	      1.00666	      1.01393	      1.01461	      1.01532	      1.00934	      1.01253	     0.999118	     0.997075	
  1.57955e+08	     0.988082	     0.990382	     0.999150	      1.01169	     0.992079	      1.00524	     0.993457	      1.00116	     0.998705	      1.00212	     0.980166	     0.985912	
  1.58035e+08	      1.64932	      1.63744	      1.66298	      1.69510	      1.66271	      1.68350	      1.76778	      1.75906	      1.71151	      1.71007	      1.69076	      1.71642	
  1.58115e+08	      1.65779	      1.64376	      1.67430	      1.69955	      1.66883	      1.68973	      1.77940	      1.78206	      1.71661	      1.71364	      1.68280	      1.70816	
  1.58195e+08	     0.988453	     0.981600	      1.00174	      1.00703	     0.997973	     0.994951	     0.998944	      1.00110	     0.994597	     0.998756	     0.980744	     0.989830	
  1.58275e+08	      1.00733	      1.00260	      1.02027	      1.02577	      1.00897	      1.01439	      1.01578	      1.01160	      1.01565	      1.01553	      1.00588	      1.00964	
  1.58355e+08	      1.00745	      1.00116	      1.02766	      1.02496	      1.01215	      1.01359	      1.02030	      1.00882	      1.01192	      1.01037	      1.00030	     0.998311	
  1.58435e+08	      1.00711	      1.00729	      1.02516	      1.02372	      1.01053	      1.01515	      1.01939	      1.00649	      1.01287	      1.01874	      1.00205	     0.998338	
  1.58515e+08	      1.01539	      1.00670	      1.02167	      1.01618	      1.01091	      1.01370	      1.02747	      1.00990	      1.01512	      1.00975	      1.00107	     0.996823	
  1.58595e+08	      1.01048	      1.00947	      1.02211	      1.02588	      1.01177	      1.01100	      1.02010	     0.999833	      1.01248	      1.01391	      1.00083	      1.00014	
  1.58675e+08	      1.01437	      1.01546	      1.02393	      1.02573	      1.00720	      1.01140	      1.01614	      1.00652	      1.01212	      1.01570	      1.00440	      1.00120	
  1.58755e+08	      1.00934	      1.01009	      1.02681	      1.02356	      1.01486	      1.00874	      1.01924	      1.00323	      1.01386	      1.01219	      1.00202	     0.996817	
  1.58835e+08	      1.01180	      1.01273	      1.02227	      1.03083	      1.01055	      1.01984	      1.01447	      1.00337	      1.01224	      1.01052	      1.00045	     0.997800	
  1.58915e+08	      1.00801	      1.00740	      1.02666	      1.03188	      1.01468	      1.01476	      1.02178	      1.01119	      1.01305	      1.01259	      1.00578	      1.00087	
  1.58995e+08	      1.01332	      1.01166	      1.02897	      1.03391	      1.01384	      1.01775	      1.02612	      1.02378	      1.01577	      1.01223	      1.00231	      1.00021	
  1.59075e+08	      1.01187	      1.01002	      1.03229	      1.01909	      1.02124	      1.01590	      1.00944	      1.01414	      1.01687	      1.02002	      1.00354	     0.996888	
  1.59155e+08	      1.01014	      1.01610	      1.03384	      1.03183	      1.00947	      1.02272	      1.00973	      1.00765	      1.01739	      1.01770	      1.00388	      1.00590	
  1.59235e+08	     0.991084	     0.996663	      1.01681	      1.02280	      1.00239	      1.00917	      1.00099	      1.01753	      1.00502	      1.00996	     0.987520	     0.997227	
  1.59315e+08	      1.66170	      1.64722	      1.67885	      1.69802	      1.67104	      1.67675	      1.78195	      1.78378	      1.71880	      1.71221	      1.67833	      1.70479	
  1.59395e+08	      1.66804	      1.65089	      1.68846	      1.70127	      1.67396	      1.68471	      1.78945	      1.78887	      1.72093	      1.71227	      1.67816	      1.69927	
  1.59475e+08	     0.993339	     0.992666	      1.00594	      1.01634	     0.996979	      1.00217	     0.987359	      1.00083	      1.01076	      1.01024	     0.985271	     0.991101	
  1.59555e+08	      1.01781	      1.01397	      1.03179	      1.03795	      1.01509	      1.02309	      1.01903	      1.02278	      1.02685	      1.02208	      1.00494	      1.00785	
  1.59635e+08	      1.01468	      1.01479	      1.02999	      1.03223	      1.01751	      1.02286	      1.02364	      1.01207	      1.02471	      1.02351	     0.998443	      1.00693	
  1.59715e+08	      1.01585	      1.00809	      1.03120	      1.03555	      1.02270	      1.01811	      1.02562	      1.02474	      1.02597	      1.02076	     0.999115	      1.01312	
  1.59795e+08	      1.02163	      1.02181	      1.03296	      1.02902	      1.01522	      1.02067	      1.02660	      1.01425	      1.02806	      1.02459	     0.998589	      1.00744	
  1.59875e+08	      1.01454	      1.01358	      1.02960	      1.03695	      1.02237	      1.02085	      1.01613	      1.01594	      1.02019	      1.02224	      1.00568	      1.00434	
  1.59955e+08	      1.01517	      1.01605	      1.03342	      1.03733	      1.02320	      1.01897	      1.02042	      1.02285	      1.01787	      1.01384	     0.999314	      1.00208	
  1.60035e+08	      1.01647	      1.01751	      1.03513	      1.03431	      1.02044	      1.02045	      1.04069	      1.03232	      1.01696	      1.01666	      1.00372	     0.999021	
  1.60115e+08	      1.01745	      1.01994	      1.03052	      1.03649	      1.02051	      1.02020	      1.01404	      1.03238	      1.01650	      1.01669	      1.00427	      1.00606	
  1.60195e+08	      1.01529	      1.02283	      1.02830	      1.03620	      1.01865	      1.02035	      1.02586	      1.02648	      1.02143	      1.01809	      1.00408	     0.997743	
  1.60275e+08	      1.02154	      1.02244	      1.03118	      1.03058	      1.01667	      1.02030	      1.01788	      1.01960	      1.01382	      1.02124	     0.998051	      1.00385	
  1.60355e+08	      1.01599	      1.01921	      1.03037	      1.03546	      1.01555	      1.02181	      1.02695	      1.02724	      1.02051	      1.02235	      1.00723	      1.00190	
  1.60435e+08	      1.02060	      1.02113	      1.02716	      1.04078	      1.01648	      1.01734	      1.02189	      1.03433	      1.02091	      1.01965	      1.00040	      1.00109	
  1.60515e+08	      1.00229	      1.00882	      1.01615	      1.02028	      1.00912	      1.00526	      1.00412	      1.00795	      1.00358	      1.00746	     0.990268	     0.989901	
  1.60595e+08	      1.67111	      1.64964	      1.68609	      1.70564	      1.67353	      1.67905	      1.79014	      1.78948	      1.71801	      1.70905	      1.67446	      1.69337	
  1.60675e+08	      1.67343	      1.64843	      1.68795	      1.70287	      1.67406	      1.67403	      1.79038	      1.78305	      1.71455	      1.70210	      1.67520	      1.68235	
  1.60755e+08	     0.997333	     0.997124	      1.01490	      1.02786	      1.00384	      1.00329	      1.00323	      1.01597	      1.00468	      1.00475	     0.981996	     0.992747	
  1.60835e+08	      1.02011	      1.02247	      1.03529	      1.04164	      1.01749	      1.02295	      1.03880	      1.03586	      1.01745	      1.01990	     0.992932	      1.00726	
  1.60915e+08	      1.02187	      1.02532	      1.03090	      1.03626	      1.02116	      1.01924	      1.03587	      1.02138	      1.02191	      1.02097	     0.997484	      1.00006	
  1.60995e+08	      1.01676	      1.02284	      1.03672	      1.03692	      1.01936	      1.01829	      1.03421	      1.02528	      1.01914	      1.01407	     0.999797	     0.998791	
  1.61075e+08	      1.01855	      1.02014	      1.03361	      1.03261	      1.02158	      1.01961	      1.03469	      1.03320	      1.01764	      1.01655	     0.994880	      1.00038	
  1.61155e+08	      1.02160	      1.02503	      1.02477	      1.03544	      1.01704	      1.02611	      1.03718	      1.02061	      1.02414	      1.01355	     0.993863	      1.00307	
  1.61235e+08	      1.02293	      1.02686	      1.02980	      1.03292	      1.02088	      1.02505	      1.03943	      1.02979	      1.02183	      1.02084	     0.996551	     0.995404	
  1.61315e+08	      1.02292	      1.02759	      1.03026	      1.02994	      1.02234	      1.02265	      1.02114	      1.02720	      1.01939	      1.01979	     0.989638	     0.995236	
  1.61395e+08	      1.02671	      1.02821	      1.03167	      1.03575	      1.02351	      1.01883	      1.02498	      1.02900	      1.02071	      1.01353	     0.998310	     0.993563	
  1.61475e+08	      1.02193	      1.03089	      1.03399	      1.03542	      1.01553	      1.01500	      1.02346	      1.03034	      1.01879	      1.01571	     0.994846	     0.999792	
  1.61555e+08	      1.01926	      1.02454	      1.03654	      1.03484	      1.01490	      1.01614	      1.03060	      1.02308	      1.01481	      1.01332	     0.991247	     0.999916	
  1.61635e+08	      1.02534	      1.02583	      1.03557	      1.03357	      1.01454	      1.01284	      1.01264	      1.01960	      1.02138	      1.01649	     0.999010	     0.996954	
  1.61715e+08	      1.02016	      1.02465	      1.03766	      1.03633	      1.01601	      1.01550	      1.01566	      1.01553	      1.01988	      1.02364	     0.994847	     0.996350	
  1.61795e+08	      1.00755	      1.00601	      1.01326	      1.01936	      1.00355	      1.00690	      1.01273	      1.00022	      1.00433	      1.00816	     0.986862	     0.983879	
  1.61875e+08	      1.67311	      1.64209	      1.68119	      1.68970	      1.67140	      1.66832	      1.79017	      1.75994	      1.70749	      1.69176	      1.67385	      1.67345	
  1.61955e+08	      1.66981	      1.63594	      1.67883	      1.68534	      1.66495	      1.65315	      1.78366	      1.76051	      1.69707	      1.68035	      1.65452	      1.64760	
  1.62035e+08	      1.00074	     0.997412	      1.00566	      1.01571	     0.998943	     0.999390	      1.01275	      1.01013	     0.993946	      1.00184	     0.970722	     0.981477	
  1.62115e+08	      1.01858	      1.02298	      1.03291	      1.03138	      1.01528	      1.01835	      1.03237	      1.02605	      1.01784	      1.01313	     0.989724	     0.995892	
  1.62195e+08	      1.02145	      1.01568	      1.03390	      1.03434	      1.01319	      1.01298	      1.02136	      1.02361	      1.01316	      1.01801	     0.991259	     0.992101	
  1.62275e+08	      1.01244	      1.02109	      1.03365	      1.03459	      1.01247	      1.01633	      1.02912	      1.02402	      1.01441	      1.02011	     0.984664	     0.991596	
  1.62355e+08	      1.01147	      1.02509	      1.02889	      1.02738	      1.01268	      1.02078	      1.03532	      1.02413	      1.01201	      1.00965	     0.989455	     0.986539	
  1.62435e+08	      1.00958	      1.01965	      1.03729	      1.03457	      1.01802	      1.01108	      1.03151	      1.02377	      1.01304	      1.01304	     0.984452	     0.992944	
  1.62515e+08	      1.01461	      1.02123	      1.02846	      1.02646	      1.01052	      1.01674	      1.03123	      1.02587	      1.01696	      1.01003	     0.990012	     0.983675	
  1.62595e+08	      1.01192	      1.01844	      1.02089	      1.02979	      1.01491	      1.01852	      1.02411	      1.02120	      1.01547	      1.01498	     0.989488	     0.981553	
  1.62675e+08	      1.01438	      1.01493	      1.02361	      1.02958	      1.01419	      1.01279	      1.02185	      1.02148	      1.01531	      1.00999	     0.985925	     0.991304	
  1.62755e+08	      1.01728	      1.02043	      1.02359	      1.02767	      1.00559	      1.01086	      1.02518	      1.02522	      1.00834	      1.01438	     0.986442	     0.983006	
  1.62835e+08	      1.01618	      1.02076	      1.01485	      1.02524	      1.01230	      1.01533	      1.02672	      1.02078	      1.00316	      1.01339	     0.986106	     0.987147	
  1.62915e+08	      1.01576	      1.02060	      1.01930	      1.02341	      1.00632	      1.01718	      1.01752	      1.01645	      1.01466	      1.00382	     0.976937	     0.978878	
  1.62995e+08	      1.01427	      1.01622	      1.01981	      1.02776	      1.00713	      1.00482	      1.02767	      1.02478	      1.01135	      1.01096	     0.978319	     0.985880	
  1.63075e+08	      1.00185	      1.00453	      1.00507	      1.01355	     0.996317	     0.995587	     0.997900	      1.00963	     0.995381	      1.00335	     0.968903	     0.973458	
  1.63155e+08	      1.66486	      1.62656	      1.67769	      1.67631	      1.65636	      1.64544	      1.77161	      1.75036	      1.68919	      1.66988	      1.64308	      1.62843	
  1.63235e+08	      1.66029	      1.62073	      1.66954	      1.66571	      1.64516	      1.62153	      1.76737	      1.74671	      1.67880	      1.66048	      1.62826	      1.61635	
  1.63315e+08	     0.992135	      1.00180	      1.00490	      1.00623	     0.991546	     0.991321	     0.994536	     0.991680	     0.991220	     0.993723	     0.960794	     0.967894	
  1.63395e+08	      1.02011	      1.01579	      1.02699	      1.02170	      1.00199	      1.00506	      1.00845	      1.00135	      1.00668	      1.01022	     0.975851	     0.983312	
  1.63475e+08	      1.01182	      1.01436	      1.02014	      1.01836	     0.997939	      1.00083	     0.995136	      1.01833	      1.00164	      1.00847	     0.977435	     0.980935	
  1.63555e+08	      1.01350	      1.01934	      1.01990	      1.01967	     0.999706	     0.996934	      1.00708	      1.01637	      1.00676	      1.01299	     0.976440	     0.981902	
  1.63635e+08	      1.01200	      1.02181	      1.01882	      1.01882	      1.00072	      1.00544	      1.00637	      1.00623	      1.00329	      1.00680	     0.979483	     0.977251	
  1.63715e+08	      1.01502	      1.02350	      1.02052	      1.02453	     0.998338	     0.997389	      1.00283	      1.01189	      1.00628	      1.00246	     0.977263	     0.983423	
  1.63795e+08	      1.01839	      1.01290	      1.02131	      1.02340	     0.996278	      1.00158	     0.999963	      1.00367	     0.997990	     0.995184	     0.971205	     0.978487	
  1.63875e+08	      1.00013	      1.01501	      1.01940	      1.02266	     0.995761	     0.999299	      1.02271	     0.995076	     0.997229	      1.00096	     0.967431	     0.973409	
  1.63955e+08	      1.00733	      1.01860	      1.02721	      1.02088	      1.00140	      1.00029	      1.00966	     0.994736	     0.993043	      1.00220	     0.965177	     0.970101	
  1.64035e+08	      1.00558	      1.01679	      1.02012	      1.01541	     0.998858	     0.992532	      1.02007	      1.00409	     0.992610	     0.996999	     0.961515	     0.976529	
  1.64115e+08	      1.00350	      1.01548	      1.02383	      1.01238	     0.995047	     0.993879	      1.00735	      1.00251	     0.993077	     0.992942	     0.962599	     0.968556	
  1.64195e+08	      1.00359	      1.02042	      1.00847	      1.01521	     0.988950	     0.999014	      1.01533	      1.00563	     0.992586	     0.989219	     0.968582	     0.974448	
  1.64275e+08	      1.00664	      1.01774	      1.00992	      1.01481	     0.988295	     0.994723	      1.01252	     0.995977	     0.990953	     0.998740	     0.961782	     0.962270	
  1.64355e+08	     0.991400	      1.00231	     0.994801	     0.999431	     0.975257	     0.978057	     0.991676	     0.984456	     0.979901	     0.982893	     0.947320	     0.953180	
  1.64435e+08	      1.64827	      1.61195	      1.65456	      1.65297	      1.63241	      1.60898	      1.76681	      1.73398	      1.66509	      1.65059	      1.61486	      1.60060	
  1.64515e+08	      1.63760	      1.59919	      1.64072	      1.64375	      1.61435	      1.59971	      1.74887	      1.70822	      1.64832	      1.63120	      1.58914	      1.58047	
  1.64595e+08	     0.985480	     0.993568	     0.989218	     0.996926	     0.968078	     0.982257	     0.986791	     0.988285	     0.968345	     0.970828	     0.940791	     0.944153	
  1.64675e+08	      1.00722	      1.00907	      1.01463	      1.01297	     0.980773	     0.990185	     0.998435	     0.996152	     0.985706	     0.987721	     0.955765	     0.960169	
  1.64755e+08	      1.01071	      1.00961	      1.01046	      1.01517	     0.982580	     0.992773	      1.00111	     0.995491	     0.991036	     0.987929	     0.956867	     0.956434	
  1.64835e+08	     0.999864	      1.00760	      1.01543	      1.01313	     0.981363	     0.987506	      1.01065	     0.993298	     0.980812	     0.985364	     0.958905	     0.956718	
  1.64915e+08	      1.00467	      1.00620	      1.00609	      1.00912	     0.978130	     0.988165	     0.985078	     0.995169	     0.989672	     0.984292	     0.949899	     0.957888	
  1.64995e+08	      1.00195	      1.00993	      1.00665	      1.01109	     0.986154	     0.990140	     0.986123	     0.979284	     0.987875	     0.988545	     0.946662	     0.950440	
  1.65075e+08	      1.00125	      1.01067	      1.00814	      1.00620	     0.973748	     0.979979	     0.985679	     0.991675	     0.984672	     0.987743	     0.949818	     0.948578	
  1.65155e+08	      1.00332	      1.00303	     0.998352	      1.00763	     0.973647	     0.980550	     0.976747	     0.996556	     0.983018	     0.979147	     0.944333	     0.947680	
  1.65235e+08	     0.998314	      1.01070	      1.00079	      1.01090	     0.970949	     0.982575	     0.988574	     0.987131	     0.982401	     0.983047	     0.947142	     0.949766	
  1.65315e+08	      1.00414	      1.00367	     0.999295	      1.00674	     0.970233	     0.982217	     0.966990	     0.976870	     0.980923	     0.979027	     0.944139	     0.945429	
  1.65395e+08	      1.00057	      1.00654	      1.00307	      1.01125	     0.970916	     0.974547	     0.974104	     0.967171	     0.973848	     0.981467	     0.946829	     0.940014	
  1.65475e+08	     0.998181	      1.00330	     0.993033	      1.00494	     0.971816	     0.974368	     0.972956	     0.971517	     0.979674	     0.982270	     0.942285	     0.948582	
  1.65555e+08	      1.00119	      1.00610	     0.998180	      1.00234	     0.968273	     0.979000	     0.966239	     0.967528	     0.979729	     0.976669	     0.943254	     0.941912	
  1.65635e+08	     0.987662	     0.986524	     0.990891	     0.989926	     0.955462	     0.963770	     0.961143	     0.960184	     0.964426	     0.971511	     0.933501	     0.928612	
  1.65715e+08	      1.63021	      1.59056	      1.63423	      1.62385	      1.60334	      1.58832	      1.73226	      1.69852	      1.63786	      1.60944	      1.57614	      1.56084	
  1.65795e+08	      1.62578	      1.58182	      1.62431	      1.61822	      1.59025	      1.57493	      1.71481	      1.68714	      1.62484	      1.59763	      1.55909	      1.54554	
  1.65875e+08	     0.966986	     0.977971	     0.981078	     0.983074	     0.947874	     0.964143	     0.950267	     0.948519	     0.959277	     0.961878	     0.927774	     0.922127	
  1.65955e+08	     0.988157	     0.987640	     0.991197	     0.996688	     0.966325	     0.972643	     0.961804	     0.969330	     0.973570	     0.971850	     0.937772	     0.936424	
  1.66035e+08	     0.988613	     0.988778	     0.996839	     0.997851	     0.966806	     0.973331	     0.977366	     0.976448	     0.970768	     0.979332	     0.939654	     0.937291	
  1.66115e+08	     0.991565	     0.992964	     0.993577	      1.00187	     0.958847	     0.968805	     0.962302	     0.971614	     0.972455	     0.978226	     0.931933	     0.939101	
  1.66195e+08	     0.994475	     0.987535	     0.991071	     0.997652	     0.959257	     0.966910	     0.965498	     0.967185	     0.958926	     0.967575	     0.935466	     0.938342	
  1.66275e+08	     0.984587	     0.991217	     0.991900	      1.00052	     0.958005	     0.965050	     0.955048	     0.976845	     0.966086	     0.966388	     0.936120	     0.939604	
  1.66355e+08	     0.984836	     0.994241	     0.996410	     0.994755	     0.957674	     0.960709	     0.967889	     0.967743	     0.964810	     0.967974	     0.927538	     0.940459	
  1.66435e+08	     0.980367	     0.991076	     0.999066	     0.996984	     0.954959	     0.962390	     0.956011	     0.986979	     0.968519	     0.968856	     0.935081	     0.934122	
  1.66515e+08	     0.987828	     0.991191	     0.990280	     0.992501	     0.955097	     0.964870	     0.969074	     0.969695	     0.960074	     0.965198	     0.933028	     0.934404	
  1.66595e+08	     0.993808	     0.989881	     0.990402	     0.993502	     0.959247	     0.968360	     0.960415	     0.966498	     0.961056	     0.964614	     0.925066	     0.929167	
  1.66675e+08	     0.992879	     0.990882	     0.987207	     0.990277	     0.956104	     0.965341	     0.965802	     0.968268	     0.961682	     0.964097	     0.928115	     0.934631	
  1.66755e+08	     0.989489	     0.996561	     0.982801	     0.988631	     0.955393	     0.961696	     0.979728	     0.966914	     0.960915	     0.965544	     0.923319	     0.928021	
  1.66835e+08	     0.988052	     0.990044	     0.979976	     0.987472	     0.952534	     0.961487	     0.979268	     0.982496	     0.955513	     0.968180	     0.927008	     0.927543	
  1.66915e+08	     0.970871	     0.977986	     0.966527	     0.976254	     0.942266	     0.947509	     0.955703	     0.954655	     0.951631	     0.951059	     0.917899	     0.922732	
  1.66995e+08	      1.62142	      1.57554	      1.61877	      1.61893	      1.58172	      1.56632	      1.71359	      1.68765	      1.61484	      1.59086	      1.54867	      1.53908	
  1.67075e+08	      1.61813	      1.57208	      1.61469	      1.60940	      1.57391	      1.55896	      1.70839	      1.68146	      1.60614	      1.58461	      1.53745	      1.53361	
  1.67155e+08	     0.969507	     0.967466	     0.973245	     0.977251	     0.936646	     0.944853	     0.944887	     0.968021	     0.944496	     0.945935	     0.909986	     0.912802	
  1.67235e+08	     0.984105	     0.985773	     0.993751	     0.992938	     0.953681	     0.961783	     0.958738	     0.988103	     0.959406	     0.956500	     0.927981	     0.924926	
  1.67315e+08	     0.995131	     0.992714	     0.989157	     0.985615	     0.955581	     0.957674	     0.966952	     0.989361	     0.959513	     0.965755	     0.923710	     0.928223	
  1.67395e+08	     0.991637	     0.984785	     0.988708	     0.987612	     0.952805	     0.956841	     0.962008	     0.980487	     0.947293	     0.961774	     0.924164	     0.923951	
  1.67475e+08	     0.985526	     0.981989	     0.981042	     0.992302	     0.948569	     0.957455	     0.959097	     0.962165	     0.954694	     0.961507	     0.927879	     0.920935	
  1.67555e+08	     0.987344	     0.983198	     0.985366	     0.987584	     0.956280	     0.956872	     0.957875	     0.974022	     0.955458	     0.957190	     0.921561	     0.925274	
  1.67635e+08	     0.987950	     0.984363	     0.989206	     0.992229	     0.950763	     0.960467	     0.961210	     0.980372	     0.951744	     0.958464	     0.922284	     0.917405	
  1.67715e+08	     0.980501	     0.986405	     0.996753	     0.991235	     0.947882	     0.956501	     0.969270	     0.966445	     0.953557	     0.958015	     0.925731	     0.919092	
  1.67795e+08	     0.990701	     0.987724	     0.990460	     0.987135	     0.948772	     0.952244	     0.958396	     0.960903	     0.951468	     0.956583	     0.927765	     0.922892	
  1.67875e+08	     0.988032	     0.986727	     0.996631	     0.990551	     0.949505	     0.953075	     0.963211	     0.967424	     0.952773	     0.956657	     0.924666	     0.921260	
  1.67955e+08	     0.985076	     0.992188	     0.993627	     0.993017	     0.946052	     0.949985	     0.959286	     0.960734	     0.954148	     0.951584	     0.926509	     0.923214	
  1.68035e+08	     0.984495	     0.986744	     0.984426	     0.986501	     0.947188	     0.952487	     0.952063	     0.955068	     0.952637	     0.954003	     0.923495	     0.919857	
  1.68115e+08	     0.984407	     0.989535	     0.989768	     0.977752	     0.945605	     0.955761	     0.949050	     0.949271	     0.954162	     0.953407	     0.916593	     0.916471	
  1.68195e+08	     0.965835	     0.970214	     0.976634	     0.972958	     0.933915	     0.938489	     0.946706	     0.939416	     0.933980	     0.936361	     0.904724	     0.903954	
  1.68275e+08	      1.61690	      1.56921	      1.60754	      1.60035	      1.56859	      1.54690	      1.70678	      1.67090	      1.60000	      1.58363	      1.53197	      1.51657	
  1.68355e+08	      1.62016	      1.56907	      1.60722	      1.59933	      1.56491	      1.54489	      1.70486	      1.67080	      1.59412	      1.57342	      1.52636	      1.51081	
  1.68435e+08	     0.970724	     0.964724	     0.963912	     0.968156	     0.927362	     0.933023	     0.935811	     0.938493	     0.926445	     0.933156	     0.896931	     0.899288	
  1.68515e+08	     0.981324	     0.982881	     0.989758	     0.982414	     0.949289	     0.954996	     0.958123	     0.960359	     0.943617	     0.943063	     0.912554	     0.908342	
  1.68595e+08	     0.987870	     0.984679	     0.984494	     0.984142	     0.947676	     0.953893	     0.952789	     0.952228	     0.939992	     0.943402	     0.912814	     0.916533	
  1.68675e+08	     0.984698	     0.988903	     0.988884	     0.981472	     0.948916	     0.953367	     0.951070	     0.955224	     0.947034	     0.946258	     0.912401	     0.908798	
  1.68755e+08	     0.986933	     0.984442	     0.983320	     0.980359	     0.947804	     0.954291	     0.951524	     0.947082	     0.944158	     0.945378	     0.912823	     0.912104	
  1.68835e+08	     0.978057	     0.982695	     0.984718	     0.982267	     0.945588	     0.954659	     0.955854	     0.947855	     0.947592	     0.948258	     0.910335	     0.909275	
  1.68915e+08	     0.986158	     0.987301	     0.983433	     0.982438	     0.948926	     0.949677	     0.950168	     0.952169	     0.950044	     0.936584	     0.912845	     0.912217	
  1.68995e+08	     0.988016	     0.990421	     0.983010	     0.980613	     0.942325	     0.957455	     0.952117	     0.948548	     0.949601	     0.946190	     0.912806	     0.910094	
  1.69075e+08	     0.983202	     0.986129	     0.979513	     0.984578	     0.946562	     0.953675	     0.938398	     0.955333	     0.948249	     0.946088	     0.910282	     0.910485	
  1.69155e+08	     0.987234	     0.992247	     0.979839	     0.981200	     0.946203	     0.951255	     0.960995	     0.954118	     0.950923	     0.942472	     0.906356	     0.909828	
  1.69235e+08	     0.983042	     0.985339	     0.980832	     0.986469	     0.945430	     0.950207	     0.944186	     0.942959	     0.947088	     0.946875	     0.904878	     0.907719	
  1.69315e+08	     0.985248	     0.986980	     0.980801	     0.982014	     0.948776	     0.956909	     0.942078	     0.942688	     0.950879	     0.947701	     0.913171	     0.911853	
  1.69395e+08	     0.992484	     0.988835	     0.983109	     0.983371	     0.942163	     0.948775	     0.956264	     0.949815	     0.947501	     0.942661	     0.907888	     0.906845	
  1.69475e+08	     0.969749	     0.968658	     0.973562	     0.968665	     0.932861	     0.933886	     0.942390	     0.937200	     0.929985	     0.939892	     0.900370	     0.896134	
  1.69555e+08	      1.62047	      1.56883	      1.61291	      1.59924	      1.56328	      1.54192	      1.69842	      1.66769	      1.59909	      1.56999	      1.52235	      1.50441	
