  1.38915e+08	      1.56628	      1.52731	      1.50632	      1.47484	      1.54965	      1.52354	      1.56875	      1.56223	      1.57227	      1.56868	      1.63915	      1.63703	
  1.38995e+08	     0.983838	     0.978676	     0.940865	     0.931248	     0.974182	     0.966750	     0.955449	     0.949154	     0.966666	     0.970736	     0.996578	     0.987780	
  1.39075e+08	     0.996705	     0.994101	     0.958014	     0.947592	     0.992106	     0.980017	     0.967895	     0.966527	     0.980507	     0.985760	      1.01261	      1.01258	
  1.39155e+08	     0.997801	     0.992696	     0.953959	     0.945908	     0.981941	     0.982214	     0.967730	     0.970978	     0.988011	     0.979795	      1.01502	      1.00982	
  1.39235e+08	      1.00986	     0.997798	     0.956012	     0.946709	     0.981700	     0.976134	     0.968147	     0.962042	     0.977491	     0.978148	      1.01189	      1.01357	
  1.39315e+08	      1.00323	     0.999545	     0.953217	     0.945114	     0.982959	     0.976195	     0.976342	     0.955345	     0.981437	     0.978256	      1.01084	      1.00557	
  1.39395e+08	      1.00643	     0.996306	     0.953460	     0.948694	     0.983733	     0.975301	     0.974179	     0.957530	     0.976202	     0.974785	      1.00720	      1.00644	
  1.39475e+08	      1.01052	     0.999681	     0.952972	     0.942418	     0.982626	     0.972802	     0.966048	     0.957471	     0.973299	     0.979713	      1.00485	      1.00651	
  1.39555e+08	     0.999220	     0.991612	     0.948115	     0.941334	     0.975754	     0.972050	     0.965568	     0.953608	     0.975684	     0.969692	      1.00030	      1.00095	
  1.39635e+08	     0.999637	     0.989885	     0.943351	     0.945379	     0.980689	     0.974609	     0.952626	     0.962872	     0.969608	     0.969119	     0.998294	      1.00615	
  1.39715e+08	     0.995767	     0.992570	     0.946788	     0.941957	     0.980243	     0.974145	     0.953833	     0.958409	     0.974251	     0.970599	      1.01078	      1.00561	
  1.39795e+08	     0.995488	     0.994201	     0.951476	     0.937335	     0.978606	     0.974142	     0.964488	     0.962706	     0.976617	     0.971347	      1.00829	     0.999261	
  1.39875e+08	      1.00053	     0.989161	     0.950500	     0.939156	     0.981235	     0.973676	     0.971609	     0.961817	     0.973214	     0.974331	      1.00045	     0.999824	
  1.39955e+08	     0.994988	     0.985714	     0.946980	     0.933223	     0.980996	     0.971963	     0.963856	     0.957108	     0.974685	     0.975582	      1.00366	     0.998929	
  1.40035e+08	     0.980989	     0.973164	     0.934454	     0.924626	     0.965526	     0.966374	     0.940656	     0.945101	     0.967949	     0.962254	     0.994368	     0.987321	
  1.40115e+08	      1.55483	      1.51730	      1.50056	      1.46759	      1.54028	      1.51852	      1.55909	      1.54714	      1.56865	      1.56086	      1.63563	      1.62645	
  1.40195e+08	      1.54584	      1.50649	      1.49544	      1.46574	      1.53359	      1.51386	      1.55687	      1.54307	      1.56655	      1.55823	      1.62479	      1.61799	
  1.40275e+08	     0.972682	     0.964423	     0.931490	     0.922833	     0.964354	     0.964963	     0.945284	     0.951383	     0.956009	     0.956395	     0.990587	     0.986582	
  1.40355e+08	     0.988732	     0.980126	     0.942196	     0.937562	     0.973670	     0.975102	     0.971702	     0.964962	     0.977359	     0.974529	      1.01239	      1.00016	
  1.40435e+08	     0.990127	     0.980716	     0.952922	     0.942090	     0.976394	     0.974874	     0.967465	     0.971303	     0.971175	     0.973859	     0.999877	     0.999861	
  1.40515e+08	     0.990667	     0.970814	     0.955927	     0.940784	     0.973844	     0.976487	     0.966648	     0.965503	     0.969969	     0.974443	      1.00425	      1.00045	
  1.40595e+08	     0.989248	     0.977093	     0.953415	     0.940721	     0.977335	     0.974167	     0.976259	     0.958515	     0.967908	     0.970501	      1.00146	     0.996810	
  1.40675e+08	     0.984251	     0.982973	     0.947999	     0.941735	     0.978575	     0.972040	     0.967854	     0.966765	     0.971536	     0.970958	      1.00518	     0.999181	
  1.40755e+08	     0.985463	     0.980429	     0.947626	     0.938346	     0.977518	     0.977247	     0.969653	     0.964270	     0.964944	     0.972159	      1.00534	     0.994705	
  1.40835e+08	     0.973402	     0.979869	     0.944555	     0.935914	     0.976477	     0.977325	     0.965491	     0.957906	     0.962766	     0.969238	     0.993950	      1.00231	
  1.40915e+08	     0.981772	     0.978151	     0.946580	     0.937382	     0.971459	     0.971129	     0.963226	     0.956088	     0.970716	     0.969282	     0.998849	     0.987129	
  1.40995e+08	     0.982621	     0.973749	     0.948406	     0.943342	     0.976045	     0.971718	     0.956687	     0.954256	     0.975940	     0.967235	     0.996497	     0.994643	
  1.41075e+08	     0.985078	     0.979466	     0.952493	     0.936505	     0.970936	     0.970252	     0.945585	     0.947993	     0.973305	     0.972299	     0.996369	     0.994963	
  1.41155e+08	     0.982356	     0.969559	     0.950541	     0.939195	     0.971969	     0.969236	     0.960346	     0.951172	     0.971855	     0.968101	     0.995522	     0.994353	
  1.41235e+08	     0.980055	     0.972970	     0.953525	     0.938932	     0.973659	     0.971594	     0.965132	     0.952512	     0.968289	     0.967719	     0.999480	     0.999000	
  1.41315e+08	     0.969151	     0.959721	     0.941103	     0.933931	     0.958252	     0.959025	     0.948609	     0.944351	     0.954044	     0.960529	     0.988381	     0.984289	
  1.41395e+08	      1.53648	      1.49772	      1.49022	      1.46410	      1.52768	      1.50695	      1.55272	      1.53928	      1.56246	      1.55160	      1.61664	      1.61120	
  1.41475e+08	      1.53516	      1.49817	      1.49574	      1.46980	      1.53030	      1.51123	      1.55460	      1.54219	      1.56470	      1.55425	      1.61509	      1.61272	
  1.41555e+08	     0.961390	     0.957331	     0.935965	     0.925229	     0.958953	     0.959753	     0.949560	     0.942869	     0.960269	     0.960401	     0.988624	     0.984791	
  1.41635e+08	     0.977145	     0.973588	     0.949813	     0.939297	     0.972962	     0.974809	     0.962896	     0.952032	     0.976891	     0.973677	     0.999751	     0.995881	
  1.41715e+08	     0.980719	     0.974709	     0.951956	     0.930960	     0.974353	     0.976029	     0.975790	     0.967873	     0.973168	     0.967306	     0.998745	     0.997086	
  1.41795e+08	     0.985751	     0.972604	     0.947744	     0.942547	     0.978236	     0.975439	     0.958547	     0.951923	     0.973693	     0.973035	      1.00133	     0.993901	
  1.41875e+08	     0.982056	     0.968787	     0.948047	     0.939346	     0.974929	     0.973909	     0.954718	     0.951803	     0.977281	     0.972363	     0.993393	     0.997410	
  1.41955e+08	     0.977207	     0.969454	     0.950406	     0.937470	     0.977140	     0.972401	     0.963673	     0.962389	     0.977844	     0.971017	     0.994915	     0.997872	
  1.42035e+08	     0.982165	     0.968678	     0.948376	     0.943019	     0.979931	     0.972949	     0.952487	     0.954405	     0.975817	     0.974359	     0.994757	     0.995507	
  1.42115e+08	     0.979309	     0.959756	     0.949043	     0.938456	     0.976791	     0.969099	     0.949332	     0.955345	     0.973786	     0.972040	     0.994134	     0.996083	
  1.42195e+08	     0.974682	     0.973206	     0.952941	     0.943022	     0.980186	     0.972603	     0.956113	     0.954886	     0.973987	     0.963981	     0.995409	     0.996964	
  1.42275e+08	     0.973304	     0.970725	     0.952976	     0.940713	     0.977103	     0.969980	     0.955625	     0.959252	     0.978437	     0.964558	     0.998856	     0.997091	
  1.42355e+08	     0.975373	     0.966343	     0.950281	     0.944686	     0.975379	     0.973379	     0.954680	     0.953814	     0.970294	     0.969570	      1.00029	     0.992854	
  1.42435e+08	     0.979299	     0.968274	     0.949132	     0.941235	     0.973622	     0.968165	     0.957917	     0.961730	     0.971880	     0.968167	     0.996180	     0.992476	
  1.42515e+08	     0.977248	     0.971714	     0.952902	     0.935004	     0.972975	     0.970083	     0.959229	     0.953525	     0.976563	     0.976680	     0.999943	     0.994567	
  1.42595e+08	     0.965286	     0.949377	     0.935584	     0.932098	     0.963730	     0.957190	     0.957945	     0.949104	     0.962814	     0.958252	     0.985079	     0.989790	
  1.42675e+08	      1.53181	      1.49412	      1.49682	      1.46610	      1.53013	      1.51083	      1.55737	      1.54380	      1.56063	      1.55212	      1.61371	      1.61219	
  1.42755e+08	      1.53477	      1.49810	      1.50671	      1.47940	      1.53983	      1.52086	      1.56205	      1.55960	      1.56980	      1.55609	      1.61990	      1.61809	
  1.42835e+08	     0.965080	     0.959207	     0.937700	     0.932823	     0.962092	     0.956763	     0.952576	     0.951139	     0.963707	     0.963813	     0.991167	     0.984188	
  1.42915e+08	     0.985540	     0.979061	     0.961124	     0.947048	     0.978867	     0.975427	     0.974128	     0.970075	     0.979315	     0.975946	      1.00376	      1.00212	
  1.42995e+08	     0.982900	     0.974337	     0.956607	     0.950428	     0.982908	     0.976545	     0.964667	     0.967590	     0.977809	     0.973893	      1.00197	      1.00052	
  1.43075e+08	     0.982627	     0.976693	     0.964511	     0.947508	     0.985466	     0.973757	     0.971006	     0.968559	     0.983301	     0.979076	      1.00038	     0.997842	
  1.43155e+08	     0.982908	     0.977628	     0.961634	     0.948656	     0.983152	     0.975335	     0.976295	     0.967577	     0.979718	     0.977180	      1.00057	     0.999023	
  1.43235e+08	     0.984866	     0.975055	     0.957167	     0.946799	     0.984727	     0.976313	     0.977218	     0.977588	     0.985188	     0.983954	     0.998007	     0.998964	
  1.43315e+08	     0.984440	     0.979784	     0.960335	     0.955789	     0.981986	     0.981333	     0.970840	     0.969679	     0.980891	     0.984673	     0.999214	      1.00136	
  1.43395e+08	     0.989686	     0.973036	     0.961768	     0.954341	     0.981048	     0.977062	     0.964736	     0.966772	     0.981277	     0.977379	      1.00162	     0.999614	
  1.43475e+08	     0.984121	     0.973531	     0.959519	     0.945677	     0.982599	     0.975841	     0.974300	     0.968780	     0.976328	     0.985936	      1.00405	      1.00363	
  1.43555e+08	     0.984106	     0.972703	     0.964053	     0.957430	     0.985589	     0.981866	     0.966773	     0.958171	     0.987583	     0.982437	      1.00759	      1.00680	
  1.43635e+08	     0.986522	     0.975590	     0.962711	     0.952691	     0.986878	     0.979058	     0.968370	     0.961176	     0.984223	     0.981113	      1.00954	      1.00466	
  1.43715e+08	     0.985732	     0.978785	     0.965525	     0.956745	     0.987078	     0.979683	     0.969738	     0.968778	     0.983387	     0.983711	      1.00817	     0.998583	
  1.43795e+08	     0.981155	     0.975901	     0.964726	     0.957640	     0.987872	     0.979701	     0.974843	     0.969070	     0.992056	     0.984035	      1.01146	      1.00388	
  1.43875e+08	     0.971724	     0.959989	     0.952534	     0.944723	     0.974752	     0.966663	     0.960394	     0.951825	     0.976009	     0.975847	     0.991400	     0.994179	
  1.43955e+08	      1.53905	      1.49910	      1.51355	      1.48243	      1.54448	      1.52592	      1.56916	      1.56549	      1.57000	      1.55802	      1.62129	      1.62028	
  1.44035e+08	      1.55428	      1.51328	      1.52954	      1.50228	      1.56240	      1.53988	      1.58789	      1.58420	      1.59332	      1.57772	      1.64152	      1.63382	
  1.44115e+08	     0.971977	     0.961119	     0.950258	     0.944602	     0.976807	     0.972287	     0.971177	     0.960793	     0.975147	     0.971361	     0.994269	     0.994480	
  1.44195e+08	     0.989572	     0.981430	     0.967575	     0.959458	     0.991746	     0.992105	     0.980976	     0.988589	     0.990329	     0.987573	      1.01815	      1.01185	
  1.44275e+08	     0.992810	     0.986704	     0.971465	     0.964113	     0.994211	     0.987610	     0.981959	     0.984175	     0.987514	     0.985665	      1.01488	      1.01344	
  1.44355e+08	     0.997563	     0.981861	     0.973417	     0.964367	     0.996921	     0.989072	     0.986508	     0.981509	     0.992097	     0.989759	      1.01532	      1.00789	
  1.44435e+08	     0.996141	     0.990546	     0.965741	     0.960542	     0.996760	     0.991450	     0.979011	     0.989110	     0.992430	     0.984614	      1.01470	      1.01415	
  1.44515e+08	     0.995156	     0.990152	     0.974400	     0.965311	     0.996822	     0.995734	     0.987282	     0.979378	     0.992768	     0.989828	      1.02040	      1.01046	
  1.44595e+08	     0.997257	     0.987276	     0.978342	     0.969728	     0.995448	     0.990534	     0.984418	     0.991593	     0.998227	     0.989850	      1.02056	      1.01164	
  1.44675e+08	     0.997368	     0.989805	     0.971884	     0.968185	     0.998317	     0.995987	     0.989971	     0.988442	     0.996163	     0.997309	      1.02230	      1.01105	
  1.44755e+08	     0.991785	     0.987621	     0.979723	     0.970225	      1.00026	     0.991105	     0.996773	     0.991193	     0.993601	     0.998167	      1.02590	      1.01628	
  1.44835e+08	      1.00040	     0.992357	     0.980951	     0.973908	     0.998141	     0.994785	     0.990349	     0.991579	      1.00100	     0.996510	      1.02463	      1.01827	
  1.44915e+08	     0.998812	     0.990638	     0.978900	     0.968486	      1.00068	     0.994885	      1.00285	     0.987546	     0.998458	      1.00042	      1.02052	      1.02018	
  1.44995e+08	      1.00188	     0.988352	     0.977110	     0.974201	      1.00272	     0.995454	     0.994185	     0.989295	     0.999855	     0.995587	      1.02164	      1.01587	
  1.45075e+08	     0.994742	     0.989611	     0.979088	     0.973496	      1.00419	     0.995981	     0.990079	     0.991734	      1.00336	      1.00832	      1.02568	      1.01369	
  1.45155e+08	     0.985742	     0.981059	     0.965595	     0.964865	     0.991202	     0.991001	     0.996499	     0.982259	     0.998226	     0.995445	      1.01044	      1.00224	
  1.45235e+08	      1.56047	      1.52095	      1.54167	      1.51667	      1.57251	      1.54854	      1.59725	      1.60227	      1.60004	      1.58687	      1.65133	      1.63983	
  1.45315e+08	      1.57486	      1.53691	      1.56360	      1.53760	      1.59260	      1.56596	      1.62024	      1.62133	      1.62249	      1.60652	      1.66521	      1.65383	
  1.45395e+08	     0.986190	     0.978909	     0.978602	     0.969796	     0.998803	     0.995398	     0.985158	     0.972547	     0.997677	     0.996425	      1.01315	      1.00619	
  1.45475e+08	      1.00544	      1.00386	     0.991492	     0.983022	      1.01684	      1.00673	     0.975474	     0.992311	      1.01532	      1.00959	      1.03147	      1.02655	
  1.45555e+08	      1.00634	      1.00318	     0.990965	     0.981359	      1.02047	      1.01083	     0.995811	     0.998785	      1.01210	      1.00536	      1.03486	      1.02167	
  1.45635e+08	      1.00664	      1.00336	     0.995823	     0.984993	      1.01973	      1.01243	      1.00805	     0.998891	      1.01122	      1.01179	      1.03125	      1.02409	
  1.45715e+08	      1.01285	      1.00612	     0.990116	     0.985696	      1.01811	      1.01084	      1.00099	     0.998555	      1.00853	      1.01033	      1.03206	      1.03077	
  1.45795e+08	      1.00824	      1.00224	     0.993334	     0.985953	      1.01683	      1.01274	     0.996813	      1.00378	      1.01670	      1.01104	      1.03864	      1.02528	
  1.45875e+08	      1.00712	      1.00683	     0.995830	     0.989652	      1.02384	      1.00917	      1.01260	     0.998659	      1.01917	      1.00695	      1.03396	      1.02777	
  1.45955e+08	      1.00669	      1.01045	     0.998244	     0.992044	      1.02350	      1.00685	      1.01279	      1.02100	      1.01672	      1.00938	      1.03481	      1.02997	
  1.46035e+08	      1.01298	      1.00461	      1.00015	     0.995903	      1.02618	      1.01418	      1.01391	      1.01303	      1.01728	      1.00777	      1.03845	      1.02750	
  1.46115e+08	      1.01161	      1.01213	      1.00326	     0.999282	      1.02441	      1.01470	      1.01517	      1.02015	      1.02139	      1.01325	      1.03663	      1.03222	
  1.46195e+08	      1.00733	      1.00568	      1.00635	     0.997582	      1.02574	      1.01431	      1.01731	     0.999951	      1.01991	      1.01626	      1.03765	      1.03522	
  1.46275e+08	      1.01352	      1.00855	      1.01010	      1.00310	      1.02368	      1.01544	      1.01814	      1.01796	      1.01819	      1.01452	      1.03709	      1.02828	
  1.46355e+08	      1.01819	      1.01311	      1.00265	     0.992454	      1.01988	      1.02191	      1.01436	      1.02073	      1.01974	      1.01543	      1.03963	      1.03141	
  1.46435e+08	     0.998565	     0.993801	     0.994799	     0.988568	      1.01518	      1.00837	      1.00616	      1.00409	      1.01378	      1.00652	      1.02783	      1.02157	
  1.46515e+08	      1.58251	      1.54295	      1.57181	      1.54529	      1.60343	      1.57565	      1.63060	      1.63017	      1.63211	      1.60860	      1.67121	      1.66332	
  1.46595e+08	      1.59888	      1.56474	      1.59117	      1.56893	      1.62412	      1.59903	      1.64916	      1.63552	      1.65173	      1.62831	      1.68694	      1.68129	
  1.46675e+08	      1.00112	     0.998992	     0.992863	     0.988700	      1.01561	      1.01074	      1.00513	     0.995910	      1.01928	      1.01188	      1.02415	      1.02082	
  1.46755e+08	      1.01779	      1.02287	      1.01506	      1.01073	      1.03665	      1.02818	      1.02793	      1.01998	      1.03079	      1.02470	      1.04367	      1.04199	
  1.46835e+08	      1.02164	      1.02210	      1.01633	      1.00866	      1.03659	      1.03205	      1.02258	      1.01164	      1.02529	      1.03154	      1.04594	      1.03715	
  1.46915e+08	      1.02018	      1.02124	      1.01602	      1.01054	      1.03907	      1.02857	      1.02355	      1.00661	      1.03272	      1.02778	      1.04270	      1.04280	
  1.46995e+08	      1.01926	      1.02469	      1.01464	      1.00954	      1.04037	      1.03104	      1.03336	      1.02388	      1.04240	      1.03464	      1.04430	      1.04115	
  1.47075e+08	      1.02069	      1.01505	      1.01437	      1.00968	      1.03647	      1.02794	      1.02584	      1.01547	      1.03481	      1.03192	      1.04351	      1.04359	
  1.47155e+08	      1.01950	      1.02160	      1.01795	      1.01225	      1.03996	      1.02425	      1.02510	      1.02335	      1.03918	      1.03138	      1.05006	      1.04367	
  1.47235e+08	      1.02956	      1.02083	      1.01906	      1.01150	      1.03644	      1.03351	      1.02349	      1.01444	      1.03609	      1.02487	      1.04517	      1.04384	
  1.47315e+08	      1.02586	      1.02156	      1.01633	      1.01140	      1.04261	      1.03318	      1.03662	      1.01898	      1.03502	      1.02893	      1.04778	      1.04502	
  1.47395e+08	      1.02069	      1.02328	      1.02017	      1.01267	      1.04443	      1.03152	      1.03549	      1.01845	      1.03049	      1.02689	      1.04965	      1.04150	
  1.47475e+08	      1.02544	      1.02023	      1.01580	      1.01184	      1.03872	      1.03004	      1.02505	      1.02539	      1.02822	      1.02417	      1.05006	      1.04374	
  1.47555e+08	      1.01961	      1.02109	      1.01542	      1.02030	      1.04130	      1.03116	      1.03793	      1.02162	      1.03363	      1.02633	      1.04865	      1.04974	
  1.47635e+08	      1.02574	      1.02843	      1.01881	      1.01646	      1.04652	      1.03386	      1.03465	      1.01916	      1.03059	      1.02974	      1.04800	      1.04587	
  1.47715e+08	      1.01531	      1.00951	      1.00923	      1.00549	      1.03055	      1.02123	      1.01793	      1.01652	      1.02817	      1.01693	      1.03135	      1.03671	
  1.47795e+08	      1.60237	      1.57054	      1.59906	      1.57806	      1.63128	      1.60453	      1.65862	      1.63657	      1.65835	      1.64340	      1.68722	      1.68823	
  1.47875e+08	      1.60845	      1.57677	      1.61018	      1.59099	      1.63951	      1.61337	      1.66759	      1.64755	      1.66222	      1.64875	      1.69353	      1.69365	
  1.47955e+08	      1.01181	      1.00786	      1.01112	      1.00488	      1.03262	      1.02337	      1.01390	      1.01533	      1.03090	      1.02731	      1.04692	      1.03670	
  1.48035e+08	      1.03133	      1.02611	      1.02207	      1.02040	      1.04152	      1.04140	      1.03467	      1.02747	      1.04162	      1.04079	      1.05988	      1.04874	
  1.48115e+08	      1.02932	      1.02959	      1.02505	      1.02318	      1.04613	      1.03944	      1.03273	      1.03508	      1.04311	      1.03611	      1.05806	      1.05749	
  1.48195e+08	      1.02674	      1.02482	      1.02310	      1.01950	      1.05091	      1.04114	      1.03640	      1.03397	      1.04560	      1.03796	      1.06201	      1.05720	
  1.48275e+08	      1.03348	      1.02311	      1.02483	      1.02287	      1.04989	      1.03556	      1.04346	      1.04736	      1.04592	      1.03391	      1.05520	      1.05044	
  1.48355e+08	      1.03029	      1.02702	      1.02871	      1.02005	      1.04979	      1.03869	      1.04624	      1.03599	      1.04874	      1.03747	      1.05938	      1.05343	
  1.48435e+08	      1.03440	      1.02578	      1.03620	      1.02559	      1.04756	      1.03864	      1.02998	      1.04129	      1.03960	      1.03710	      1.05458	      1.05396	
  1.48515e+08	      1.02528	      1.03089	      1.02822	      1.03117	      1.04955	      1.04386	      1.04801	      1.03995	      1.04322	      1.03654	      1.05627	      1.04705	
  1.48595e+08	      1.03840	      1.02915	      1.02900	      1.02620	      1.04592	      1.04236	      1.03713	      1.04254	      1.04067	      1.03469	      1.05320	      1.04941	
  1.48675e+08	      1.03746	      1.03199	      1.03232	      1.02749	      1.04668	      1.04002	      1.03895	      1.03591	      1.03841	      1.03412	      1.05081	      1.05468	
  1.48755e+08	      1.02838	      1.03140	      1.03292	      1.02439	      1.04470	      1.03760	      1.04201	      1.03450	      1.04209	      1.03574	      1.05438	      1.05126	
  1.48835e+08	      1.03151	      1.02949	      1.03049	      1.02610	      1.04431	      1.03524	      1.03243	      1.04001	      1.03747	      1.03580	      1.05361	      1.05035	
  1.48915e+08	      1.03821	      1.02649	      1.03429	      1.02558	      1.04782	      1.03856	      1.04004	      1.03356	      1.04016	      1.03539	      1.05331	      1.04425	
  1.48995e+08	      1.02160	      1.01271	      1.01974	      1.01595	      1.03332	      1.02932	      1.02688	      1.03014	      1.03489	      1.02598	      1.04210	      1.03989	
  1.49075e+08	      1.60671	      1.57428	      1.61424	      1.59357	      1.63829	      1.61301	      1.66456	      1.64801	      1.66243	      1.64953	      1.69024	      1.69294	
  1.49155e+08	      1.60660	      1.57398	      1.61789	      1.59749	      1.63948	      1.61592	      1.67258	      1.64941	      1.66604	      1.65392	      1.68941	      1.69587	
  1.49235e+08	      1.01362	      1.01498	      1.01956	      1.01806	      1.03217	      1.02610	      1.02815	      1.01959	      1.02727	      1.02322	      1.03344	      1.03436	
  1.49315e+08	      1.03193	      1.02772	      1.03231	      1.03160	      1.05154	      1.04246	      1.03528	      1.03332	      1.04566	      1.03745	      1.05171	      1.04926	
  1.49395e+08	      1.03394	      1.02785	      1.03809	      1.03187	      1.04966	      1.04175	      1.05355	      1.03570	      1.03737	      1.03685	      1.05103	      1.05173	
  1.49475e+08	      1.02855	      1.02799	      1.03631	      1.03153	      1.05242	      1.04382	      1.05006	      1.03056	      1.04207	      1.03038	      1.05292	      1.05232	
  1.49555e+08	      1.02817	      1.03044	      1.03533	      1.02833	      1.05115	      1.03739	      1.03836	      1.03259	      1.04140	      1.03074	      1.05407	      1.05224	
  1.49635e+08	      1.03412	      1.02729	      1.03393	      1.02742	      1.04911	      1.04141	      1.03418	      1.03238	      1.03792	      1.03557	      1.04981	      1.05233	
  1.49715e+08	      1.02843	      1.02901	      1.03692	      1.02531	      1.04760	      1.03904	      1.03660	      1.03305	      1.04154	      1.03421	      1.04586	      1.05443	
  1.49795e+08	      1.02888	      1.02817	      1.03745	      1.01726	      1.04495	      1.04176	      1.03633	      1.02113	      1.03679	      1.02467	      1.04793	      1.04858	
  1.49875e+08	      1.02827	      1.02428	      1.02481	      1.02103	      1.04569	      1.03770	      1.03765	      1.02907	      1.03564	      1.03935	      1.04912	      1.05386	
  1.49955e+08	      1.03190	      1.01763	      1.03113	      1.01855	      1.04455	      1.03735	      1.02464	      1.02057	      1.04076	      1.03041	      1.04423	      1.05244	
  1.50035e+08	      1.03314	      1.02205	      1.02810	      1.01923	      1.03929	      1.04632	      1.02715	      1.02510	      1.03968	      1.03301	      1.05069	      1.04563	
  1.50115e+08	      1.02771	      1.02156	      1.02828	      1.02643	      1.04209	      1.04188	      1.03615	      1.02465	      1.04634	      1.03759	      1.04394	      1.04475	
  1.50195e+08	      1.02287	      1.02403	      1.03233	      1.02623	      1.04092	      1.04542	      1.02841	      1.02741	      1.04444	      1.03673	      1.03967	      1.05322	
  1.50275e+08	      1.01432	      1.00862	      1.01534	      1.01397	      1.03049	      1.02937	      1.01427	      1.01363	      1.02684	      1.03175	      1.03540	      1.03389	
  1.50355e+08	      1.59950	      1.56651	      1.61690	      1.59047	      1.63186	      1.60967	      1.67057	      1.64574	      1.65866	      1.64683	      1.68158	      1.68998	
  1.50435e+08	      1.59190	      1.55954	      1.61184	      1.58589	      1.62359	      1.60575	      1.66432	      1.63939	      1.65131	      1.64226	      1.67198	      1.68159	
  1.50515e+08	      1.00354	      1.00596	      1.01068	      1.00996	      1.02037	      1.02350	      1.02187	      1.00118	      1.02578	      1.02157	      1.03120	      1.02579	
  1.50595e+08	      1.02160	      1.02468	      1.02512	      1.02139	      1.03656	      1.03785	      1.03491	      1.03308	      1.03886	      1.04070	      1.03827	      1.04378	
  1.50675e+08	      1.02316	      1.01760	      1.02543	      1.02167	      1.03469	      1.03359	      1.03535	      1.03760	      1.03793	      1.03414	      1.04084	      1.04173	
  1.50755e+08	      1.02093	      1.01989	      1.02127	      1.02658	      1.03580	      1.04160	      1.03338	      1.02288	      1.04151	      1.03166	      1.04481	      1.04220	
  1.50835e+08	      1.01853	      1.02320	      1.02278	      1.02312	      1.03322	      1.03833	      1.03545	      1.03054	      1.04004	      1.03085	      1.04325	      1.04460	
  1.50915e+08	      1.01997	      1.01822	      1.02031	      1.02016	      1.03432	      1.03312	      1.03718	      1.03615	      1.03300	      1.03283	      1.04057	      1.04080	
  1.50995e+08	      1.02144	      1.01978	      1.02229	      1.02242	      1.03578	      1.03366	      1.02845	      1.02442	      1.03755	      1.03481	      1.03620	      1.03786	
  1.51075e+08	      1.01475	      1.01474	      1.02946	      1.02200	      1.02616	      1.03069	      1.02498	      1.03669	      1.03186	      1.02766	      1.03364	      1.03847	
  1.51155e+08	      1.01572	      1.01880	      1.02080	      1.02246	      1.03261	      1.03015	      1.02368	      1.03241	      1.03351	      1.03209	      1.03361	      1.03848	
  1.51235e+08	      1.01061	      1.01620	      1.02437	      1.01742	      1.03276	      1.03396	      1.02551	      1.02072	      1.03281	      1.03038	      1.04074	      1.04101	
  1.51315e+08	      1.01405	      1.01326	      1.02268	      1.02047	      1.03715	      1.03188	      1.02924	      1.03356	      1.02770	      1.02537	      1.03582	      1.03878	
  1.51395e+08	      1.00613	      1.01128	      1.02287	      1.02176	      1.03321	      1.03211	      1.02653	      1.03264	      1.02694	      1.02475	      1.03774	      1.03444	
  1.51475e+08	      1.00622	      1.01168	      1.02337	      1.02481	      1.02586	      1.02980	      1.02333	      1.02172	      1.02977	      1.02716	      1.02831	      1.03070	
  1.51555e+08	     0.995688	     0.997185	      1.01309	      1.00841	      1.01655	      1.01660	      1.01718	      1.01439	      1.01333	      1.01930	      1.01555	      1.01729	
  1.51635e+08	      1.58030	      1.55073	      1.60121	      1.57950	      1.61216	      1.59551	      1.65167	      1.62795	      1.63656	      1.63350	      1.65739	      1.67042	
  1.51715e+08	      1.57169	      1.54173	      1.58894	      1.57640	      1.60094	      1.58721	      1.63262	      1.61948	      1.63070	      1.61384	      1.64428	      1.65788	
  1.51795e+08	     0.992046	     0.995412	      1.00934	      1.00411	      1.00990	      1.01589	      1.00461	      1.00686	      1.01254	      1.01051	      1.01050	      1.00759	
  1.51875e+08	      1.01398	      1.01700	      1.02300	      1.01645	      1.02544	      1.02844	      1.02915	      1.02626	      1.03347	      1.02767	      1.02356	      1.02729	
  1.51955e+08	      1.01037	      1.01373	      1.01970	      1.01913	      1.02985	      1.02958	      1.02301	      1.02420	      1.02874	      1.02899	      1.01942	      1.02603	
  1.52035e+08	      1.01293	      1.01183	      1.01787	      1.01288	      1.02293	      1.02575	      1.01579	      1.01548	      1.02753	      1.02794	      1.01815	      1.02619	
  1.52115e+08	      1.01207	      1.01300	      1.01486	      1.01576	      1.02099	      1.02634	      1.01754	      1.01909	      1.02549	      1.02499	      1.01840	      1.02510	
  1.52195e+08	      1.01008	      1.00606	      1.01728	      1.01852	      1.02427	      1.02061	      1.01588	      1.02386	      1.02380	      1.02164	      1.01786	      1.02241	
  1.52275e+08	      1.00573	      1.01119	      1.01169	      1.01351	      1.02146	      1.01916	      1.01425	      1.01864	      1.01804	      1.02410	      1.01690	      1.02229	
  1.52355e+08	      1.00359	      1.00688	      1.00695	      1.00926	      1.01656	      1.02126	      1.01066	      1.01591	      1.02037	      1.01902	      1.01296	      1.02169	
  1.52435e+08	      1.00445	      1.00661	      1.01234	      1.01645	      1.01827	      1.01747	      1.01538	      1.01601	      1.01450	      1.01685	      1.01576	      1.02008	
  1.52515e+08	      1.00221	      1.00195	      1.01382	      1.01612	      1.01379	      1.01403	      1.01695	      1.02367	      1.01508	      1.01622	      1.01371	      1.01557	
  1.52595e+08	      1.00072	      1.00110	      1.01346	      1.01047	      1.01703	      1.01587	      1.01272	      1.02053	      1.01720	      1.01547	      1.01736	      1.02038	
  1.52675e+08	      1.00715	     0.999472	      1.01524	      1.01074	      1.01686	      1.01417	      1.00930	      1.01679	      1.01132	      1.02012	      1.00710	      1.01659	
  1.52755e+08	     0.999020	     0.997998	      1.01121	      1.01419	      1.01490	      1.01546	      1.00497	      1.03012	      1.01725	      1.01881	      1.00884	      1.01547	
  1.52835e+08	     0.985999	     0.986009	      1.00381	     0.998982	      1.00711	      1.00688	     0.988789	      1.00921	      1.00366	      1.00091	     0.997331	     0.999407	
  1.52915e+08	      1.56095	      1.53137	      1.57972	      1.56337	      1.58889	      1.57630	      1.62108	      1.61366	      1.61475	      1.61356	      1.63065	      1.64251	
  1.52995e+08	      1.55245	      1.52482	      1.57080	      1.55829	      1.57877	      1.56487	      1.60989	      1.60320	      1.60787	      1.60415	      1.62084	      1.63097	
  1.53075e+08	     0.977983	     0.980511	     0.994844	     0.992513	     0.997462	      1.00461	     0.993746	      1.00383	     0.998730	      1.00432	     0.995769	     0.994847	
  1.53155e+08	     0.992705	     0.993593	      1.00622	      1.01076	      1.01499	      1.01377	      1.01232	      1.02979	      1.01139	      1.01339	      1.00773	      1.01279	
  1.53235e+08	     0.993411	     0.994594	      1.00925	      1.00588	      1.01113	      1.01213	      1.01703	      1.01670	      1.01530	      1.01702	      1.01451	      1.00934	
  1.53315e+08	     0.997691	     0.991796	      1.00549	      1.01054	      1.00996	      1.01514	      1.00941	      1.01599	      1.01355	      1.01133	      1.01128	      1.00908	
  1.53395e+08	     0.994551	     0.991232	      1.00303	      1.00229	      1.00680	      1.01371	      1.00762	      1.01654	      1.01388	      1.01502	      1.00932	      1.00377	
  1.53475e+08	     0.995309	     0.992803	      1.00295	      1.00595	      1.00876	      1.01068	      1.00958	      1.00859	      1.01331	      1.01757	      1.00717	      1.00509	
  1.53555e+08	     0.993213	     0.993150	      1.00823	      1.00032	      1.00826	      1.01515	      1.00244	      1.01257	      1.01096	      1.00967	      1.00347	      1.00524	
  1.53635e+08	     0.993378	     0.995251	      1.00243	     0.994330	      1.00950	      1.01041	     0.997750	      1.00406	      1.01244	      1.01094	      1.00258	      1.00408	
  1.53715e+08	     0.993760	     0.992498	      1.00548	     0.997777	      1.00897	      1.01481	      1.00571	      1.00964	      1.01416	      1.01485	      1.00305	      1.00417	
  1.53795e+08	     0.995375	     0.994279	      1.00318	     0.998933	      1.00555	      1.01346	     0.998080	      1.00782	      1.01217	      1.01651	      1.00475	      1.00584	
  1.53875e+08	     0.993286	     0.994065	      1.00105	      1.00277	      1.00819	      1.01045	      1.00689	      1.00617	      1.01668	      1.01473	     0.999281	      1.00495	
  1.53955e+08	     0.994382	     0.989786	      1.00038	     0.998610	      1.00477	      1.00874	      1.00341	      1.00087	      1.01111	      1.01390	     0.995696	      1.00369	
  1.54035e+08	     0.991965	     0.990287	     0.999207	      1.00283	      1.00383	      1.01357	      1.00685	      1.00644	      1.00659	      1.00948	     0.998766	      1.00507	
  1.54115e+08	     0.979626	     0.978204	     0.988418	     0.993025	     0.992467	      1.00039	     0.986321	     0.995877	     0.999466	     0.999641	     0.988340	     0.987660	
  1.54195e+08	      1.54338	      1.51760	      1.56818	      1.55616	      1.57010	      1.55410	      1.60054	      1.59371	      1.60170	      1.59878	      1.60827	      1.62208	
  1.54275e+08	      1.54200	      1.51789	      1.56929	      1.55622	      1.56848	      1.54981	      1.60062	      1.58757	      1.59622	      1.59417	      1.60298	      1.61725	
  1.54355e+08	     0.970963	     0.971856	     0.991989	     0.986145	     0.984421	     0.989537	     0.990969	     0.982093	     0.995213	     0.997318	     0.983113	     0.986119	
  1.54435e+08	     0.992839	     0.990482	      1.00598	      1.00116	     0.999667	      1.00429	      1.00312	     0.999611	      1.00863	      1.01260	     0.999757	      1.00182	
  1.54515e+08	     0.993770	     0.994024	      1.00488	      1.00491	      1.00429	      1.00500	     0.999951	      1.00598	      1.00841	      1.00876	     0.995956	      1.00204	
  1.54595e+08	     0.996359	     0.995282	      1.00509	      1.00089	      1.00595	      1.00515	      1.01277	      1.00272	      1.01222	      1.00855	     0.997889	      1.00062	
  1.54675e+08	     0.990223	     0.994842	      1.00297	      1.00377	     0.999917	      1.00195	      1.01225	      1.00624	      1.00977	      1.01234	     0.998839	     0.997623	
  1.54755e+08	     0.997945	     0.992497	      1.00353	     0.998111	      1.00264	      1.00470	     0.999973	      1.01613	      1.00914	      1.01159	     0.991605	     0.997525	
  1.54835e+08	     0.991371	     0.989380	      1.00560	      1.00178	      1.00352	      1.00435	      1.00779	      1.00379	      1.01361	      1.00753	     0.997440	     0.998380	
  1.54915e+08	     0.986907	     0.988774	      1.00131	      1.00600	     0.999213	      1.00404	      1.01242	      1.00473	      1.00654	      1.00382	     0.994934	     0.996270	
  1.54995e+08	     0.991324	     0.990986	      1.00593	      1.00290	      1.00395	      1.00420	      1.00541	      1.00506	      1.00670	      1.00777	     0.994084	     0.997331	
  1.55075e+08	     0.989241	     0.991094	      1.00274	      1.00434	      1.00194	     0.999527	      1.00345	      1.00843	      1.00647	      1.00798	     0.996511	     0.992082	
  1.55155e+08	     0.991215	     0.985969	      1.00334	      1.00208	      1.00319	      1.00657	      1.00488	      1.00352	      1.00430	      1.00661	     0.999050	     0.998506	
  1.55235e+08	     0.989878	     0.986019	      1.00714	      1.00077	     0.997572	     0.999680	     0.989662	      1.00374	      1.00541	      1.00900	     0.995931	     0.995585	
  1.55315e+08	     0.987935	     0.982494	     0.997482	     0.994152	      1.00203	      1.00248	     0.999817	      1.00868	     0.997993	      1.00807	     0.995879	     0.993358	
  1.55395e+08	     0.974624	     0.971005	     0.988243	     0.987953	     0.987543	     0.986405	     0.988124	     0.990091	     0.992604	     0.994809	     0.977564	     0.979733	
  1.55475e+08	      1.53914	      1.51721	      1.56132	      1.55085	      1.56572	      1.55160	      1.59778	      1.58056	      1.59087	      1.59001	      1.59952	      1.61052	
  1.55555e+08	      1.54564	      1.52166	      1.56843	      1.55925	      1.56894	      1.55593	      1.60285	      1.58501	      1.59404	      1.59045	      1.60229	      1.61202	
  1.55635e+08	     0.969582	     0.970523	     0.980652	     0.981429	     0.978920	     0.990229	     0.985629	     0.981785	     0.987140	     0.987392	     0.979765	     0.977332	
  1.55715e+08	     0.989487	     0.989217	      1.00498	      1.00680	      1.00218	      1.00913	     0.995853	     0.996680	      1.00543	      1.00102	     0.993187	     0.992515	
  1.55795e+08	     0.988474	     0.992632	      1.00749	      1.00553	     0.997787	      1.00879	     0.999532	      1.00081	      1.00602	      1.00398	     0.994377	     0.989926	
  1.55875e+08	     0.991385	     0.992648	      1.01011	      1.00196	     0.998558	      1.00755	      1.00478	      1.01139	      1.00405	      1.00766	     0.990753	     0.996049	
  1.55955e+08	     0.985406	     0.994955	      1.00552	      1.00317	      1.00128	      1.00351	      1.00954	      1.00908	      1.00400	      1.00440	     0.996895	     0.995239	
  1.56035e+08	     0.988404	     0.991904	      1.00774	     0.998949	      1.00185	      1.00511	     0.998623	      1.00011	      1.00647	      1.00566	     0.996190	     0.994768	
  1.56115e+08	     0.990297	     0.997245	      1.00272	      1.00409	      1.00363	      1.00118	      1.00003	      1.00008	      1.00678	      1.00574	     0.988340	     0.998562	
  1.56195e+08	     0.995679	     0.998344	     0.995047	      1.00000	      1.00129	      1.00151	      1.00962	      1.01444	      1.00866	      1.00395	     0.992897	     0.995514	
  1.56275e+08	     0.991517	     0.995441	      1.00183	      1.00186	      1.00198	      1.00634	      1.00370	      1.01168	      1.01414	      1.00383	     0.997414	     0.993761	
  1.56355e+08	     0.996754	     0.996525	     0.997056	      1.00116	      1.00366	      1.00402	      1.00417	      1.01577	      1.01045	      1.00238	     0.992282	     0.994564	
  1.56435e+08	     0.988643	     0.993915	      1.00398	      1.01135	      1.00381	      1.00724	      1.00583	      1.00482	      1.01028	      1.00176	     0.990377	     0.995625	
  1.56515e+08	     0.992403	     0.991670	      1.00527	      1.00694	      1.00475	      1.00464	      1.00666	      1.01444	      1.00658	      1.00565	     0.990716	     0.994557	
  1.56595e+08	     0.987957	     0.994411	      1.00941	      1.00830	      1.00799	      1.00560	      1.00390	      1.01369	      1.00668	     0.997889	     0.995155	     0.999322	
  1.56675e+08	     0.980819	     0.975195	     0.998048	      1.00047	     0.992086	     0.989631	     0.991519	     0.995881	     0.998653	     0.997170	     0.980815	     0.982570	
  1.56755e+08	      1.54920	      1.52306	      1.57427	      1.56156	      1.56840	      1.55197	      1.59904	      1.59041	      1.60013	      1.59112	      1.59977	      1.61062	
  1.56835e+08	      1.55896	      1.53510	      1.58528	      1.57285	      1.57605	      1.56425	      1.60111	      1.59461	      1.60444	      1.59950	      1.60695	      1.61470	
  1.56915e+08	     0.980734	     0.981691	     0.996732	     0.999509	     0.989028	     0.991628	     0.993661	     0.994744	      1.00115	     0.990934	     0.983607	     0.983632	
  1.56995e+08	     0.998375	     0.996764	      1.01275	      1.01554	     0.999887	      1.00769	      1.01457	      1.01375	      1.01460	      1.00771	      1.00312	     0.999313	
  1.57075e+08	      1.00400	      1.00347	      1.01325	      1.01633	      1.00645	      1.00897	      1.01805	      1.02469	      1.01629	      1.01064	      1.00223	      1.00368	
  1.57155e+08	      1.00479	      1.00498	      1.01420	      1.02265	      1.00409	      1.00717	      1.01031	      1.01388	      1.00746	      1.00734	      1.00784	      1.00237	
  1.57235e+08	      1.00025	      1.00641	      1.01469	      1.01878	      1.00565	      1.01287	      1.01419	      1.02115	      1.01395	      1.00928	      1.00202	     0.998670	
  1.57315e+08	      1.00506	      1.00717	      1.01601	      1.02427	      1.00414	      1.00863	      1.01929	      1.02729	      1.01445	      1.01018	     0.999184	     0.996899	
  1.57395e+08	      1.00355	      1.01083	      1.01541	      1.02495	      1.00566	      1.01179	      1.02810	      1.02589	      1.01660	      1.01094	      1.00031	      1.00191	
  1.57475e+08	      1.00343	      1.00627	      1.02004	      1.02374	      1.00109	      1.01547	      1.02019	      1.01757	      1.01303	      1.01147	     0.995430	     0.996565	
  1.57555e+08	      1.00201	      1.00780	      1.01756	      1.02026	      1.00493	      1.00973	      1.02054	      1.02044	      1.01472	      1.01176	     0.997851	     0.994880	
  1.57635e+08	      1.00735	      1.00516	      1.01881	      1.02047	      1.00544	      1.01656	      1.01469	      1.01827	      1.01581	      1.01728	      1.00211	     0.995313	
  1.57715e+08	      1.00470	      1.00903	      1.01619	      1.01281	      1.00994	      1.01317	      1.02012	      1.02587	      1.01408	      1.01514	      1.00045	      1.00028	
  1.57795e+08	      1.00680	      1.00671	      1.02038	      1.02033	      1.00954	      1.01364	      1.01470	      1.01444	      1.01073	      1.00652	      1.00257	     0.995848	
  1.57875e+08	      1.00788	      1.00334	      1.01666	      1.02013	      1.00795	      1.01424	      1.01611	      1.01644	      1.01525	      1.01324	     0.998805	     0.999639	
  1.57955e+08	     0.994419	     0.993818	      1.00365	      1.00514	     0.999033	      1.00251	      1.00511	      1.00561	      1.00141	      1.00049	     0.990966	     0.987486	
  1.58035e+08	      1.56391	      1.54045	      1.58838	      1.57790	      1.57915	      1.57181	      1.61129	      1.59625	      1.60760	      1.60303	      1.60032	      1.61674	
  1.58115e+08	      1.57574	      1.55309	      1.60123	      1.59289	      1.58952	      1.58047	      1.61918	      1.60716	      1.61611	      1.61525	      1.60463	      1.62347	
  1.58195e+08	     0.992791	     0.993639	      1.01116	      1.01283	     0.993632	      1.00759	      1.00612	     0.999336	     0.996372	     0.998875	     0.986511	     0.986675	
  1.58275e+08	      1.00979	      1.01034	      1.03352	      1.02943	      1.01186	      1.02351	      1.03306	      1.02571	      1.01209	      1.01464	      1.00265	      1.00130	
  1.58355e+08	      1.01386	      1.01565	      1.03415	      1.02723	      1.01061	      1.01680	      1.02728	      1.01966	      1.01581	      1.01688	      1.00309	      1.00375	
  1.58435e+08	      1.01902	      1.01450	      1.03299	      1.02763	      1.01585	      1.01764	      1.01982	      1.01778	      1.01428	      1.01856	      1.00488	      1.01096	
  1.58515e+08	      1.01504	      1.01666	      1.03249	      1.02990	      1.00631	      1.01884	      1.01812	      1.01849	      1.01710	      1.01771	      1.00550	      1.00216	
  1.58595e+08	      1.01885	      1.01844	      1.03276	      1.02812	      1.01344	      1.01644	      1.02689	      1.02288	      1.01141	      1.01818	      1.00580	      1.00407	
  1.58675e+08	      1.01382	      1.01359	      1.03202	      1.03259	      1.01034	      1.01679	      1.02445	      1.01983	      1.01842	      1.01945	     0.998569	     0.997882	
  1.58755e+08	      1.01655	      1.02208	      1.02571	      1.03304	      1.01146	      1.01743	      1.02568	      1.02821	      1.01352	      1.01993	      1.00096	      1.00426	
  1.58835e+08	      1.02291	      1.01819	      1.03292	      1.03449	      1.01876	      1.02321	      1.02370	      1.02363	      1.01719	      1.01822	      1.00098	     0.997168	
  1.58915e+08	      1.01859	      1.02204	      1.03472	      1.03168	      1.02285	      1.01870	      1.02357	      1.01994	      1.02307	      1.01675	     0.996301	      1.00046	
  1.58995e+08	      1.01702	      1.01761	      1.03224	      1.03446	      1.01863	      1.02215	      1.02550	      1.02989	      1.01956	      1.02068	      1.00021	      1.00048	
  1.59075e+08	      1.01659	      1.01766	      1.03575	      1.03853	      1.02018	      1.02313	      1.02005	      1.02395	      1.02444	      1.02241	     0.999760	     0.998946	
  1.59155e+08	      1.02325	      1.02065	      1.03537	      1.03669	      1.01853	      1.02322	      1.01626	      1.02846	      1.02391	      1.01888	      1.00410	      1.00537	
  1.59235e+08	      1.00726	      1.00245	      1.02435	      1.02270	      1.00485	      1.01279	      1.00680	      1.01597	      1.00972	      1.00849	     0.991311	     0.993417	
  1.59315e+08	      1.58024	      1.55791	      1.60654	      1.59808	      1.59257	      1.58319	      1.62115	      1.60904	      1.61834	      1.61666	      1.61293	      1.62078	
  1.59395e+08	      1.59019	      1.56995	      1.61444	      1.60874	      1.59893	      1.58617	      1.62958	      1.62099	      1.62319	      1.62310	      1.61305	      1.62880	
  1.59475e+08	      1.00049	      1.00091	      1.00911	      1.01888	      1.00611	      1.01200	      1.01389	      1.00918	      1.00458	      1.00160	     0.992120	     0.990589	
  1.59555e+08	      1.02244	      1.02092	      1.03108	      1.03457	      1.02606	      1.02606	      1.02544	      1.02746	      1.01855	      1.02248	      1.00305	      1.00611	
  1.59635e+08	      1.02295	      1.02479	      1.02981	      1.03702	      1.02433	      1.02867	      1.03845	      1.03048	      1.01405	      1.02640	      1.00750	      1.00522	
  1.59715e+08	      1.02389	      1.02009	      1.03042	      1.03562	      1.02623	      1.02505	      1.02845	      1.02820	      1.01784	      1.02436	     0.998965	      1.00533	
  1.59795e+08	      1.02267	      1.02478	      1.03519	      1.03407	      1.01794	      1.03057	      1.03632	      1.02935	      1.01948	      1.02152	      1.00301	      1.00750	
  1.59875e+08	      1.02160	      1.02664	      1.03514	      1.03750	      1.01900	      1.02602	      1.03578	      1.02165	      1.02030	      1.02036	      1.00519	      1.00211	
  1.59955e+08	      1.02455	      1.02434	      1.03493	      1.03801	      1.02639	      1.02888	      1.02614	      1.02791	      1.02561	      1.03054	      1.00099	      1.00851	
  1.60035e+08	      1.02193	      1.02574	      1.03580	      1.04188	      1.02301	      1.01880	      1.03472	      1.01986	      1.01917	      1.02169	      1.00370	      1.00393	
  1.60115e+08	      1.02540	      1.02206	      1.03837	      1.03888	      1.02409	      1.02758	      1.02842	      1.02553	      1.01967	      1.02448	      1.00394	      1.00577	
  1.60195e+08	      1.02148	      1.02832	      1.03654	      1.04033	      1.01831	      1.03153	      1.02745	      1.02956	      1.02134	      1.02475	      1.00677	      1.00154	
  1.60275e+08	      1.02578	      1.02646	      1.03500	      1.03692	      1.02322	      1.02923	      1.03133	      1.02780	      1.01839	      1.02037	      1.00189	     0.994088	
  1.60355e+08	      1.02163	      1.02088	      1.03939	      1.03944	      1.01870	      1.02771	      1.03902	      1.03064	      1.02165	      1.02500	      1.00082	     0.994891	
  1.60435e+08	      1.02525	      1.02328	      1.03310	      1.03734	      1.01672	      1.02278	      1.02303	      1.02812	      1.02015	      1.02377	      1.00006	      1.00223	
  1.60515e+08	      1.00430	      1.00973	      1.02077	      1.02684	      1.00569	      1.01412	      1.00987	      1.01157	      1.00976	      1.01169	     0.987606	     0.981896	
  1.60595e+08	      1.59105	      1.57219	      1.61577	      1.61569	      1.59802	      1.58362	      1.62861	      1.62313	      1.62342	      1.62766	      1.60715	      1.62462	
  1.60675e+08	      1.59405	      1.57544	      1.61875	      1.61880	      1.59927	      1.58534	      1.62856	      1.62574	      1.61684	      1.62700	      1.60821	      1.62324	
  1.60755e+08	      1.00305	      1.00674	      1.02203	      1.02931	      1.00204	      1.00463	      1.00808	      1.01632	      1.00542	      1.00991	     0.985581	     0.982806	
  1.60835e+08	      1.02396	      1.02330	      1.04100	      1.03975	      1.02332	      1.02343	      1.04768	      1.03092	      1.02260	      1.02556	     0.999932	     0.998358	
  1.60915e+08	      1.02558	      1.02810	      1.03800	      1.04054	      1.01740	      1.02387	      1.02580	      1.03511	      1.01634	      1.02366	     0.998633	      1.00435	
  1.60995e+08	      1.02462	      1.02817	      1.03158	      1.04017	      1.01984	      1.02407	      1.02686	      1.03665	      1.02039	      1.02904	     0.995749	      1.00159	
  1.61075e+08	      1.02188	      1.02605	      1.03232	      1.04111	      1.02252	      1.02499	      1.02944	      1.02358	      1.01917	      1.02133	     0.997321	      1.00377	
  1.61155e+08	      1.02254	      1.02580	      1.03041	      1.03768	      1.02052	      1.02132	      1.02268	      1.03290	      1.01635	      1.02266	     0.993238	     0.994199	
  1.61235e+08	      1.02244	      1.02500	      1.02767	      1.04330	      1.02071	      1.02413	      1.01944	      1.02256	      1.01042	      1.01615	     0.995411	      1.00157	
  1.61315e+08	      1.02030	      1.02596	      1.02768	      1.03644	      1.02086	      1.02465	      1.02202	      1.04317	      1.01007	      1.02916	     0.985507	     0.994305	
  1.61395e+08	      1.02540	      1.02504	      1.02833	      1.03640	      1.01723	      1.02408	      1.02574	      1.03080	      1.01348	      1.01699	     0.997745	     0.997955	
  1.61475e+08	      1.02254	      1.02949	      1.03559	      1.03826	      1.01501	      1.02362	      1.02186	      1.02382	      1.00869	      1.01587	     0.990970	     0.993335	
  1.61555e+08	      1.01911	      1.03322	      1.03231	      1.03983	      1.00942	      1.02094	      1.02036	      1.03163	      1.00550	      1.01531	     0.991200	     0.992587	
  1.61635e+08	      1.02460	      1.02707	      1.03354	      1.03728	      1.01477	      1.02330	      1.02586	      1.02498	      1.01290	      1.01791	     0.986193	     0.992325	
  1.61715e+08	      1.02585	      1.02135	      1.03081	      1.03788	      1.01374	      1.01526	      1.01080	      1.01865	      1.00819	      1.01397	     0.988664	     0.991306	
  1.61795e+08	      1.00574	      1.00860	      1.01790	      1.02740	      1.00514	      1.00490	      1.00816	      1.00910	     0.999573	      1.00531	     0.973236	     0.977946	
  1.61875e+08	      1.58674	      1.57224	      1.61174	      1.61209	      1.59405	      1.58013	      1.62523	      1.62089	      1.61006	      1.61826	      1.59700	      1.61457	
  1.61955e+08	      1.58234	      1.57006	      1.60654	      1.60966	      1.58659	      1.57259	      1.61746	      1.61830	      1.60307	      1.60450	      1.57549	      1.60273	
  1.62035e+08	     0.999168	      1.00263	      1.01133	      1.02025	     0.993656	     0.999005	     0.999617	      1.00147	     0.992845	     0.996928	     0.962173	     0.974269	
  1.62115e+08	      1.01255	      1.01857	      1.03213	      1.03804	      1.00442	      1.01603	      1.02712	      1.03566	      1.01090	      1.01341	     0.983069	     0.992589	
  1.62195e+08	      1.01743	      1.02230	      1.03432	      1.03543	      1.01158	      1.01643	      1.03519	      1.03830	      1.00708	      1.01118	     0.981938	     0.985638	
  1.62275e+08	      1.01176	      1.02277	      1.03141	      1.03489	      1.01018	      1.01229	      1.01321	      1.03129	      1.00388	      1.00734	     0.981299	     0.988514	
  1.62355e+08	      1.01118	      1.02112	      1.03278	      1.03567	      1.00689	      1.00830	      1.02149	      1.02140	      1.01277	      1.01078	     0.984163	     0.989133	
  1.62435e+08	      1.01431	      1.02637	      1.02801	      1.02693	      1.00610	      1.01245	      1.01839	      1.02463	      1.00075	      1.01026	     0.982467	     0.983581	
  1.62515e+08	      1.01449	      1.02657	      1.02720	      1.02773	      1.00311	      1.00827	      1.01087	      1.02677	      1.01051	      1.00912	     0.981558	     0.986844	
  1.62595e+08	      1.01264	      1.02135	      1.02730	      1.03160	      1.00312	      1.00803	      1.00708	      1.02246	      1.00568	      1.00767	     0.982907	     0.979105	
  1.62675e+08	      1.01550	      1.01886	      1.02133	      1.02677	      1.00619	      1.00603	      1.01196	      1.02319	      1.00599	      1.01060	     0.979792	     0.983179	
  1.62755e+08	      1.01032	      1.02386	      1.01731	      1.02745	      1.00291	      1.00749	      1.01986	      1.02685	      1.00693	      1.00999	     0.977360	     0.982538	
  1.62835e+08	      1.01486	      1.02112	      1.01945	      1.02500	      1.00506	      1.00431	      1.01214	      1.02564	      1.00734	      1.00898	     0.972658	     0.979062	
  1.62915e+08	      1.01162	      1.01998	      1.01912	      1.02687	      1.00298	      1.00897	      1.01635	      1.01790	      1.00263	      1.00592	     0.977472	     0.981994	
  1.62995e+08	      1.01293	      1.02132	      1.02117	      1.02536	     0.997972	     0.999903	      1.00835	      1.01650	      1.00622	      1.00692	     0.972960	     0.977310	
  1.63075e+08	     0.997459	      1.00631	      1.01129	      1.01211	     0.984709	     0.989494	     0.996262	      1.00636	     0.987306	     0.995074	     0.954528	     0.962845	
  1.63155e+08	      1.57399	      1.56280	      1.59995	      1.60454	      1.57041	      1.56424	      1.60117	      1.61414	      1.58508	      1.60014	      1.56395	      1.58518	
  1.63235e+08	      1.56701	      1.55756	      1.58807	      1.59679	      1.55785	      1.54967	      1.59481	      1.60856	      1.57456	      1.58648	      1.55260	      1.57016	
  1.63315e+08	     0.991793	     0.997026	      1.00324	      1.00940	     0.983640	     0.988685	     0.998196	      1.00628	     0.984561	     0.992982	     0.950286	     0.953573	
  1.63395e+08	      1.00885	      1.01752	      1.01671	      1.02356	     0.995915	     0.998690	      1.01601	      1.01579	      1.00301	      1.00657	     0.965979	     0.972546	
  1.63475e+08	      1.00935	      1.01764	      1.01690	      1.01962	     0.995689	     0.998135	      1.00833	      1.01922	     0.992776	      1.00145	     0.967096	     0.970771	
  1.63555e+08	      1.00961	      1.01792	      1.01346	      1.02290	     0.988910	     0.998669	      1.00575	      1.02044	     0.992270	     0.998094	     0.962426	     0.972326	
  1.63635e+08	      1.00989	      1.01341	      1.01460	      1.02001	     0.982691	     0.990138	      1.00906	      1.01196	     0.993067	     0.996947	     0.963036	     0.969465	
  1.63715e+08	      1.00573	      1.01179	      1.01307	      1.01306	     0.986947	     0.989428	      1.00177	      1.01684	     0.990938	     0.997802	     0.961562	     0.964241	
  1.63795e+08	      1.00807	      1.01299	      1.01288	      1.01988	     0.983723	     0.991825	      1.00456	      1.01807	     0.984030	      1.00002	     0.955264	     0.960074	
  1.63875e+08	      1.00299	      1.00981	      1.01533	      1.02147	     0.986037	     0.990917	     0.995640	      1.00872	     0.991699	     0.987620	     0.942258	     0.962650	
  1.63955e+08	      1.00414	      1.00906	      1.01776	      1.01719	     0.986682	     0.989098	     0.999271	      1.00132	     0.990103	     0.991839	     0.949293	     0.963522	
  1.64035e+08	      1.00035	      1.01319	      1.01323	      1.01330	     0.985331	     0.993538	     0.999110	      1.00398	     0.985625	     0.992276	     0.949661	     0.957567	
  1.64115e+08	     0.994981	      1.00607	      1.01062	      1.01399	     0.983249	     0.982378	     0.997014	      1.01089	     0.983213	     0.990766	     0.957750	     0.962570	
  1.64195e+08	     0.992174	      1.00890	      1.00769	      1.00664	     0.975607	     0.981936	     0.995490	     0.999583	     0.986810	     0.990291	     0.950263	     0.956668	
  1.64275e+08	     0.995264	      1.00079	      1.00057	      1.00424	     0.975418	     0.984662	     0.983369	      1.00003	     0.981316	     0.984954	     0.948432	     0.959121	
  1.64355e+08	     0.977691	     0.988155	     0.993503	     0.995504	     0.963998	     0.971437	     0.973997	     0.980398	     0.970945	     0.977159	     0.937735	     0.940175	
  1.64435e+08	      1.55861	      1.54707	      1.57372	      1.58881	      1.54190	      1.53665	      1.58899	      1.58771	      1.55552	      1.57641	      1.53572	      1.55903	
  1.64515e+08	      1.54806	      1.53523	      1.55949	      1.56730	      1.52694	      1.52213	      1.57243	      1.57536	      1.54614	      1.55779	      1.51612	      1.54101	
  1.64595e+08	     0.974455	     0.977457	     0.983985	     0.991423	     0.950571	     0.961463	     0.971894	     0.977278	     0.957946	     0.964261	     0.931023	     0.936908	
  1.64675e+08	     0.990845	     0.999170	      1.00168	      1.00810	     0.967245	     0.976335	     0.988560	     0.993584	     0.973020	     0.981732	     0.940029	     0.953115	
  1.64755e+08	     0.992186	     0.998490	      1.00352	      1.00432	     0.963825	     0.977501	     0.991978	     0.995205	     0.975373	     0.977871	     0.941280	     0.947328	
  1.64835e+08	     0.990165	     0.996004	     0.998594	      1.00770	     0.967170	     0.980088	     0.992269	     0.984202	     0.972085	     0.975339	     0.940450	     0.949869	
  1.64915e+08	     0.991917	     0.993433	     0.996965	      1.00676	     0.960538	     0.977397	     0.981695	     0.996598	     0.969639	     0.976140	     0.940603	     0.943634	
  1.64995e+08	     0.990291	     0.998122	     0.992147	      1.00505	     0.959484	     0.971002	     0.981403	     0.983240	     0.966932	     0.974623	     0.937133	     0.944622	
  1.65075e+08	     0.988903	     0.998432	     0.984893	      1.00199	     0.961396	     0.968574	     0.975478	     0.977753	     0.963975	     0.972729	     0.939702	     0.941464	
  1.65155e+08	     0.983873	     0.995679	     0.987626	      1.00387	     0.958902	     0.967747	     0.979680	     0.979800	     0.961812	     0.965053	     0.929080	     0.936918	
  1.65235e+08	     0.985294	     0.997015	     0.993190	     0.998413	     0.951595	     0.965854	     0.985809	     0.984683	     0.965459	     0.972463	     0.930563	     0.936887	
  1.65315e+08	     0.984420	     0.995358	     0.989120	     0.997547	     0.954734	     0.966540	     0.977664	     0.981154	     0.961759	     0.970447	     0.933804	     0.937118	
  1.65395e+08	     0.986066	     0.991278	     0.991355	     0.998809	     0.956972	     0.963836	     0.976699	     0.976355	     0.962891	     0.962453	     0.937597	     0.934159	
  1.65475e+08	     0.984294	     0.993844	     0.989697	      1.00067	     0.951977	     0.966582	     0.976675	     0.979977	     0.960680	     0.960577	     0.936293	     0.944387	
  1.65555e+08	     0.979793	     0.989186	     0.988029	     0.999815	     0.952674	     0.965313	     0.971239	     0.975647	     0.956685	     0.961168	     0.930456	     0.938649	
  1.65635e+08	     0.962831	     0.980027	     0.974411	     0.983818	     0.937768	     0.952254	     0.961871	     0.958228	     0.938629	     0.947880	     0.919742	     0.922630	
  1.65715e+08	      1.54029	      1.52622	      1.55007	      1.56195	      1.50981	      1.50860	      1.55391	      1.56612	      1.53143	      1.54364	      1.49853	      1.52309	
  1.65795e+08	      1.53611	      1.52025	      1.54238	      1.55373	      1.49765	      1.49930	      1.53823	      1.55232	      1.52252	      1.53371	      1.47617	      1.51231	
  1.65875e+08	     0.961042	     0.967556	     0.965374	     0.978248	     0.930928	     0.945953	     0.942757	     0.959283	     0.946032	     0.944015	     0.910886	     0.916910	
  1.65955e+08	     0.978777	     0.982999	     0.975426	     0.992662	     0.949912	     0.961822	     0.958858	     0.983112	     0.958003	     0.967774	     0.930908	     0.930362	
  1.66035e+08	     0.982179	     0.984911	     0.979082	     0.988981	     0.949042	     0.959534	     0.969330	     0.980849	     0.962316	     0.966161	     0.924570	     0.928642	
  1.66115e+08	     0.979189	     0.984456	     0.980244	     0.996344	     0.950420	     0.953182	     0.969354	     0.977759	     0.959023	     0.963212	     0.919947	     0.924761	
  1.66195e+08	     0.980484	     0.987453	     0.980642	     0.991800	     0.942902	     0.956308	     0.966585	     0.974265	     0.955718	     0.960651	     0.920395	     0.927831	
  1.66275e+08	     0.975468	     0.988950	     0.980260	     0.989939	     0.945985	     0.951705	     0.956901	     0.969702	     0.950674	     0.963856	     0.914097	     0.924640	
  1.66355e+08	     0.975882	     0.985066	     0.983846	     0.990377	     0.944795	     0.957213	     0.974361	     0.975487	     0.954127	     0.955974	     0.916192	     0.923405	
  1.66435e+08	     0.974721	     0.982527	     0.980733	     0.990334	     0.942288	     0.954015	     0.966203	     0.973446	     0.957272	     0.951388	     0.915472	     0.919992	
  1.66515e+08	     0.976115	     0.985271	     0.979911	     0.981420	     0.942881	     0.953000	     0.972709	     0.973170	     0.947710	     0.958776	     0.908297	     0.919697	
  1.66595e+08	     0.975182	     0.984270	     0.977487	     0.982642	     0.942777	     0.950120	     0.963799	     0.971912	     0.950014	     0.953402	     0.912583	     0.923069	
  1.66675e+08	     0.974321	     0.986938	     0.972474	     0.984248	     0.940524	     0.948693	     0.969105	     0.967037	     0.947734	     0.955366	     0.909388	     0.921991	
  1.66755e+08	     0.975618	     0.982509	     0.975140	     0.985572	     0.938510	     0.951340	     0.965968	     0.984120	     0.948983	     0.958407	     0.915432	     0.923370	
  1.66835e+08	     0.972328	     0.983966	     0.973192	     0.983379	     0.939946	     0.951291	     0.958981	     0.976801	     0.947914	     0.952502	     0.910429	     0.917812	
  1.66915e+08	     0.956586	     0.965366	     0.960697	     0.971960	     0.927181	     0.936641	     0.955012	     0.954151	     0.938030	     0.946544	     0.894949	     0.905528	
  1.66995e+08	      1.53019	      1.51461	      1.53563	      1.54878	      1.49090	      1.48980	      1.54148	      1.54463	      1.50978	      1.51823	      1.46824	      1.50322	
  1.67075e+08	      1.53025	      1.51436	      1.53436	      1.54680	      1.48509	      1.48619	      1.53530	      1.53793	      1.50680	      1.51821	      1.46077	      1.49916	
  1.67155e+08	     0.957780	     0.955014	     0.965719	     0.970674	     0.923660	     0.931978	     0.944646	     0.952665	     0.929038	     0.937140	     0.892851	     0.903094	
  1.67235e+08	     0.977542	     0.974666	     0.981447	     0.980433	     0.939592	     0.950329	     0.961446	     0.962607	     0.946169	     0.954131	     0.910222	     0.909421	
  1.67315e+08	     0.973769	     0.977179	     0.979961	     0.983760	     0.937355	     0.953609	     0.951712	     0.956458	     0.945701	     0.946684	     0.907216	     0.913303	
  1.67395e+08	     0.972765	     0.978186	     0.977782	     0.981054	     0.937986	     0.950594	     0.948610	     0.967130	     0.944763	     0.951977	     0.907471	     0.911353	
  1.67475e+08	     0.976436	     0.976163	     0.975559	     0.982322	     0.934137	     0.951012	     0.957091	     0.966532	     0.939440	     0.946696	     0.907347	     0.909535	
  1.67555e+08	     0.974585	     0.977640	     0.974954	     0.979310	     0.932879	     0.951530	     0.943781	     0.953848	     0.940774	     0.952296	     0.906045	     0.905099	
  1.67635e+08	     0.969959	     0.978228	     0.974533	     0.978328	     0.933936	     0.944518	     0.945479	     0.965119	     0.944398	     0.948232	     0.910518	     0.913331	
  1.67715e+08	     0.972531	     0.974616	     0.972222	     0.978429	     0.930966	     0.946052	     0.949472	     0.958441	     0.941641	     0.947450	     0.905938	     0.905522	
  1.67795e+08	     0.973351	     0.980294	     0.973403	     0.983071	     0.934919	     0.943867	     0.949446	     0.959354	     0.943717	     0.952235	     0.903661	     0.906429	
  1.67875e+08	     0.971819	     0.980058	     0.975581	     0.976274	     0.935271	     0.945704	     0.955511	     0.959845	     0.948327	     0.946833	     0.902225	     0.903775	
  1.67955e+08	     0.970946	     0.980150	     0.983690	     0.976288	     0.933055	     0.943600	     0.952613	     0.964566	     0.942685	     0.951556	     0.900040	     0.904653	
  1.68035e+08	     0.975627	     0.982264	     0.982184	     0.979353	     0.932700	     0.941028	     0.950718	     0.956460	     0.946911	     0.950789	     0.895654	     0.907120	
  1.68115e+08	     0.977160	     0.980599	     0.973250	     0.978373	     0.928781	     0.944317	     0.958999	     0.948343	     0.940855	     0.948759	     0.907884	     0.906756	
  1.68195e+08	     0.959089	     0.965403	     0.962029	     0.961870	     0.918993	     0.928955	     0.945044	     0.932114	     0.929424	     0.930549	     0.891181	     0.895864	
  1.68275e+08	      1.52817	      1.51211	      1.52729	      1.54726	      1.47859	      1.47858	      1.53340	      1.53162	      1.49857	      1.50976	      1.45417	      1.48835	
  1.68355e+08	      1.53225	      1.51636	      1.53002	      1.54505	      1.47721	      1.47915	      1.52839	      1.53626	      1.49787	      1.51069	      1.45345	      1.48250	
  1.68435e+08	     0.955922	     0.961481	     0.956187	     0.960963	     0.911155	     0.926329	     0.931395	     0.935853	     0.924364	     0.931152	     0.885049	     0.893934	
  1.68515e+08	     0.968278	     0.982021	     0.973521	     0.977196	     0.926428	     0.944055	     0.954810	     0.970853	     0.940698	     0.948955	     0.899993	     0.908241	
  1.68595e+08	     0.973993	     0.979514	     0.972545	     0.978240	     0.927361	     0.946326	     0.955533	     0.956434	     0.941593	     0.943876	     0.905622	     0.909836	
  1.68675e+08	     0.979661	     0.982586	     0.974539	     0.982309	     0.928870	     0.946347	     0.958982	     0.956538	     0.940594	     0.945968	     0.903892	     0.907949	
  1.68755e+08	     0.977065	     0.978715	     0.977165	     0.979551	     0.928445	     0.944171	     0.956811	     0.955517	     0.935644	     0.944478	     0.901024	     0.906698	
  1.68835e+08	     0.973233	     0.980077	     0.980076	     0.976270	     0.930934	     0.942168	     0.961915	     0.966518	     0.942605	     0.943615	     0.898426	     0.907441	
  1.68915e+08	     0.970177	     0.980603	     0.978006	     0.975718	     0.927449	     0.940358	     0.949449	     0.954661	     0.941869	     0.945679	     0.897634	     0.904412	
  1.68995e+08	     0.966563	     0.981788	     0.972188	     0.975877	     0.925806	     0.940633	     0.954711	     0.959649	     0.936618	     0.947350	     0.901918	     0.902410	
  1.69075e+08	     0.976369	     0.983333	     0.977242	     0.978164	     0.926825	     0.940727	     0.966535	     0.953147	     0.943980	     0.946622	     0.902035	     0.904657	
  1.69155e+08	     0.973341	     0.984961	     0.973429	     0.976680	     0.925346	     0.944170	     0.958745	     0.963607	     0.940277	     0.944982	     0.903154	     0.908550	
  1.69235e+08	     0.975731	     0.983895	     0.971541	     0.980060	     0.929826	     0.942374	     0.949404	     0.952572	     0.939756	     0.943898	     0.895537	     0.908701	
  1.69315e+08	     0.975304	     0.983068	     0.980029	     0.980637	     0.926569	     0.941100	     0.944852	     0.961899	     0.936434	     0.940121	     0.903622	     0.904996	
  1.69395e+08	     0.974262	     0.983907	     0.982858	     0.979855	     0.929294	     0.946655	     0.953531	     0.951226	     0.941218	     0.943228	     0.891801	     0.903611	
  1.69475e+08	     0.959494	     0.972554	     0.968300	     0.969110	     0.913106	     0.932131	     0.943388	     0.951842	     0.917986	     0.932369	     0.885850	     0.889005	
  1.69555e+08	      1.53179	      1.51839	      1.53149	      1.54752	      1.47139	      1.47723	      1.52255	      1.53401	      1.48341	      1.50638	      1.45004	      1.47831	
