  1.38915e+08	      1.59790	      1.54778	      1.52444	      1.49911	      1.56640	      1.54647	      1.59799	      1.57491	      1.58308	      1.58068	      1.64902	      1.62036	
  1.38995e+08	     0.979657	     0.975928	     0.937524	     0.930517	     0.973225	     0.966578	     0.961118	     0.961521	     0.963079	     0.961784	     0.998488	     0.996173	
  1.39075e+08	      1.00116	     0.995704	     0.956356	     0.951278	     0.992747	     0.982008	     0.972137	     0.973707	     0.983712	     0.980224	      1.01759	      1.01441	
  1.39155e+08	      1.00531	     0.995557	     0.955701	     0.947475	     0.986428	     0.983462	     0.971610	     0.963577	     0.988316	     0.980849	      1.01200	      1.01190	
  1.39235e+08	      1.00544	     0.989888	     0.945007	     0.953745	     0.985409	     0.986690	     0.983055	     0.977154	     0.978851	     0.979488	      1.01909	      1.01319	
  1.39315e+08	      1.00185	     0.990084	     0.957153	     0.947276	     0.992315	     0.990133	     0.970592	     0.973380	     0.976878	     0.979892	      1.01579	      1.01655	
  1.39395e+08	      1.00383	     0.993357	     0.950904	     0.949774	     0.989783	     0.988361	     0.973779	     0.966801	     0.978129	     0.977955	      1.01479	      1.00101	
  1.39475e+08	      1.00113	     0.992083	     0.947671	     0.935011	     0.984048	     0.984059	     0.964209	     0.968175	     0.985210	     0.981935	      1.00672	      1.01460	
  1.39555e+08	     0.995471	     0.997774	     0.943970	     0.936183	     0.980285	     0.983282	     0.965427	     0.962300	     0.983041	     0.978385	      1.00759	      1.01517	
  1.39635e+08	      1.00031	     0.994898	     0.944764	     0.938757	     0.991648	     0.985377	     0.962766	     0.966625	     0.975339	     0.979823	      1.01841	      1.01377	
  1.39715e+08	     0.995982	     0.992810	     0.950997	     0.936099	     0.986149	     0.987296	     0.972868	     0.954529	     0.982159	     0.978698	      1.01502	      1.01643	
  1.39795e+08	     0.995153	     0.991903	     0.958002	     0.944030	     0.985757	     0.986072	     0.963803	     0.967683	     0.972427	     0.973819	      1.01142	      1.01387	
  1.39875e+08	     0.984866	     0.991851	     0.954263	     0.945550	     0.987945	     0.984199	     0.972078	     0.974362	     0.976494	     0.984692	      1.01234	      1.00770	
  1.39955e+08	     0.993202	     0.990896	     0.944025	     0.953490	     0.979572	     0.989504	     0.971888	     0.967121	     0.982396	     0.980479	      1.01903	      1.01023	
  1.40035e+08	     0.979744	     0.976640	     0.938355	     0.935055	     0.978836	     0.979911	     0.956159	     0.958068	     0.963617	     0.974423	     0.999662	      1.00234	
  1.40115e+08	      1.59175	      1.54156	      1.52261	      1.49481	      1.56170	      1.54433	      1.59234	      1.57349	      1.58103	      1.57256	      1.64438	      1.63005	
  1.40195e+08	      1.58726	      1.53653	      1.52357	      1.49732	      1.55940	      1.55184	      1.58080	      1.57364	      1.58226	      1.57066	      1.64021	      1.60704	
  1.40275e+08	     0.974144	     0.971725	     0.939238	     0.931052	     0.970926	     0.973787	     0.947233	     0.952852	     0.967205	     0.974430	      1.00057	     0.999816	
  1.40355e+08	     0.989890	     0.995966	     0.956138	     0.949216	     0.983814	     0.986627	     0.963723	     0.966365	     0.982462	     0.984747	      1.01470	      1.01157	
  1.40435e+08	     0.995275	     0.988680	     0.960491	     0.948240	     0.986681	     0.987382	     0.962612	     0.959588	     0.986050	     0.983721	      1.01705	      1.00546	
  1.40515e+08	     0.997872	     0.994287	     0.956883	     0.944139	     0.985608	     0.984420	     0.972682	     0.966871	     0.980266	     0.975186	      1.01925	      1.01237	
  1.40595e+08	     0.991719	     0.996555	     0.953335	     0.950845	     0.986875	     0.987098	     0.978465	     0.971231	     0.977767	     0.973597	      1.01889	      1.01320	
  1.40675e+08	     0.995723	     0.993245	     0.955681	     0.946335	     0.981112	     0.986431	     0.981617	     0.973978	     0.980765	     0.970671	      1.01638	      1.01330	
  1.40755e+08	     0.993233	     0.989908	     0.957052	     0.945184	     0.989130	     0.988994	     0.977082	     0.975305	     0.984051	     0.979842	      1.01365	      1.00645	
  1.40835e+08	     0.983535	     0.978042	     0.952879	     0.943338	     0.990032	     0.987279	     0.962196	     0.975238	     0.976218	     0.979718	      1.00882	      1.00631	
  1.40915e+08	     0.982048	     0.983514	     0.952374	     0.936824	     0.978787	     0.985170	     0.973626	     0.976549	     0.980350	     0.978263	      1.01086	     0.996762	
  1.40995e+08	     0.985797	     0.987018	     0.951084	     0.931777	     0.982413	     0.984832	     0.970455	     0.975166	     0.985994	     0.972530	      1.00945	      1.00324	
  1.41075e+08	     0.983255	     0.991470	     0.949646	     0.939758	     0.987541	     0.985602	     0.977073	     0.970370	     0.979976	     0.982221	      1.01706	      1.00148	
  1.41155e+08	     0.992482	     0.985093	     0.945915	     0.937468	     0.986468	     0.989644	     0.973780	     0.971014	     0.972686	     0.972909	      1.00391	      1.00410	
  1.41235e+08	     0.988339	     0.984172	     0.948198	     0.930953	     0.987590	     0.980395	     0.974162	     0.972433	     0.975417	     0.982093	      1.01023	      1.00600	
  1.41315e+08	     0.975369	     0.970197	     0.940631	     0.930758	     0.974946	     0.977651	     0.961051	     0.955575	     0.962971	     0.961588	     0.997077	     0.993145	
  1.41395e+08	      1.58056	      1.54786	      1.52169	      1.49895	      1.55472	      1.54713	      1.57797	      1.61932	      1.57692	      1.56624	      1.63523	      1.60152	
  1.41475e+08	      1.57978	      1.54171	      1.52594	      1.50045	      1.55833	      1.54675	      1.58001	      1.61381	      1.57752	      1.56999	      1.63478	      1.60335	
  1.41555e+08	     0.965484	     0.956281	     0.948308	     0.933379	     0.969530	     0.971294	     0.945971	     0.951432	     0.961967	     0.958742	     0.992090	     0.997545	
  1.41635e+08	     0.992957	     0.984257	     0.954699	     0.954855	     0.988446	     0.988680	     0.973052	     0.967210	     0.972756	     0.974278	      1.00749	      1.00727	
  1.41715e+08	     0.983212	     0.982202	     0.953575	     0.949111	     0.981003	     0.985818	     0.966914	     0.982782	     0.978323	     0.973577	      1.01599	      1.00906	
  1.41795e+08	     0.985189	     0.988271	     0.953080	     0.946586	     0.989340	     0.979858	     0.972560	     0.974367	     0.979903	     0.970428	      1.01183	      1.01041	
  1.41875e+08	     0.985559	     0.986134	     0.956870	     0.947528	     0.985532	     0.990201	     0.981629	     0.971091	     0.980126	     0.968410	      1.01750	      1.00586	
  1.41955e+08	     0.984254	     0.991069	     0.958299	     0.954211	     0.987999	     0.989383	     0.970819	     0.951320	     0.978429	     0.979150	      1.01613	      1.01503	
  1.42035e+08	     0.989187	     0.982198	     0.961680	     0.952818	     0.989107	     0.985672	     0.969102	     0.964798	     0.984247	     0.974863	      1.01438	      1.01220	
  1.42115e+08	     0.987994	     0.979328	     0.964050	     0.945279	     0.987910	     0.983111	     0.977526	     0.966094	     0.979609	     0.975985	      1.00355	      1.00754	
  1.42195e+08	     0.990485	     0.983179	     0.960121	     0.953902	     0.986885	     0.982495	     0.972380	     0.959341	     0.986608	     0.972673	      1.01229	      1.01007	
  1.42275e+08	     0.988143	     0.984043	     0.957202	     0.955417	     0.989041	     0.980622	     0.966532	     0.969624	     0.984297	     0.969953	      1.01289	      1.00732	
  1.42355e+08	     0.984061	     0.984692	     0.961699	     0.949739	     0.985370	     0.977515	     0.971240	     0.955797	     0.975255	     0.983587	      1.00988	      1.00908	
  1.42435e+08	     0.991408	     0.980512	     0.961450	     0.950123	     0.983208	     0.985452	     0.966198	     0.972423	     0.976854	     0.980360	      1.00710	      1.00775	
  1.42515e+08	     0.985330	     0.983119	     0.958915	     0.955520	     0.984053	     0.980264	     0.957936	     0.954375	     0.982615	     0.979556	      1.00255	      1.00694	
  1.42595e+08	     0.972561	     0.963141	     0.946078	     0.930393	     0.968198	     0.973238	     0.955471	     0.942667	     0.972922	     0.964537	     0.997733	     0.989855	
  1.42675e+08	      1.57540	      1.54257	      1.52393	      1.49774	      1.55748	      1.54747	      1.57552	      1.62190	      1.57499	      1.56760	      1.63164	      1.60093	
  1.42755e+08	      1.57919	      1.56123	      1.53405	      1.50589	      1.56243	      1.55250	      1.57929	      1.63085	      1.58037	      1.57683	      1.63266	      1.60891	
  1.42835e+08	     0.969253	     0.961437	     0.936560	     0.925421	     0.971645	     0.974146	     0.958417	     0.949381	     0.968501	     0.967860	     0.992930	     0.989659	
  1.42915e+08	     0.989781	     0.975833	     0.960830	     0.945539	     0.986497	     0.988059	     0.968666	     0.967501	     0.983996	     0.972996	      1.00818	      1.00505	
  1.42995e+08	     0.986359	     0.985569	     0.955351	     0.946557	     0.988034	     0.984522	     0.975618	     0.974027	     0.983089	     0.972755	      1.00603	      1.01077	
  1.43075e+08	     0.990930	     0.984843	     0.960490	     0.948551	     0.984578	     0.980478	     0.973874	     0.968019	     0.988293	     0.974289	      1.00635	      1.01559	
  1.43155e+08	     0.992173	     0.981530	     0.955413	     0.947286	     0.984766	     0.978915	     0.966493	     0.963860	     0.983135	     0.974281	      1.01122	      1.00760	
  1.43235e+08	     0.993019	     0.984133	     0.963421	     0.949984	     0.982897	     0.984162	     0.976781	     0.965866	     0.993090	     0.979458	      1.00768	      1.01278	
  1.43315e+08	     0.986650	     0.989887	     0.962695	     0.942338	     0.981792	     0.981746	     0.979929	     0.962497	     0.987568	     0.987143	      1.00654	      1.00835	
  1.43395e+08	     0.985865	     0.983358	     0.955830	     0.944411	     0.984183	     0.982837	     0.966450	     0.963551	     0.985738	     0.977883	      1.00522	     0.998600	
  1.43475e+08	     0.987799	     0.977100	     0.962688	     0.951941	     0.980146	     0.972796	     0.985535	     0.953169	     0.981277	     0.977807	      1.00959	      1.01280	
  1.43555e+08	     0.990184	     0.982781	     0.961732	     0.953503	     0.984076	     0.971634	     0.971182	     0.961606	     0.986732	     0.976964	      1.01258	      1.00581	
  1.43635e+08	     0.986056	     0.984541	     0.959817	     0.951241	     0.987415	     0.984720	     0.983288	     0.965621	     0.986363	     0.973000	      1.00880	      1.00324	
  1.43715e+08	     0.985536	     0.973903	     0.966035	     0.959031	     0.984494	     0.978877	     0.983567	     0.965727	     0.983173	     0.982901	      1.01041	      1.01164	
  1.43795e+08	     0.981951	     0.972177	     0.958114	     0.956951	     0.986163	     0.983238	     0.980245	     0.973489	     0.988473	     0.982337	      1.01185	      1.00885	
  1.43875e+08	     0.968962	     0.959447	     0.947704	     0.938649	     0.977240	     0.975010	     0.963505	     0.968524	     0.971810	     0.974905	      1.00278	     0.995850	
  1.43955e+08	      1.57874	      1.56023	      1.53768	      1.51059	      1.56282	      1.55328	      1.58050	      1.58347	      1.58145	      1.57567	      1.63431	      1.60633	
  1.44035e+08	      1.58792	      1.55429	      1.55180	      1.52234	      1.57352	      1.56415	      1.59374	      1.59767	      1.59372	      1.58808	      1.63934	      1.60999	
  1.44115e+08	     0.960809	     0.959399	     0.948116	     0.942693	     0.974414	     0.965858	     0.971829	     0.968552	     0.975956	     0.966024	      1.00117	     0.989424	
  1.44195e+08	     0.987225	     0.991275	     0.968103	     0.953025	     0.990265	     0.980606	     0.983616	     0.971391	     0.985953	     0.983318	      1.01714	      1.00650	
  1.44275e+08	     0.989780	     0.991516	     0.961650	     0.971933	     0.994538	     0.984827	     0.969236	     0.959780	     0.991393	     0.985440	      1.01111	      1.00242	
  1.44355e+08	     0.990181	     0.987342	     0.962613	     0.954694	     0.994887	     0.991027	     0.973948	     0.963136	     0.991069	     0.985874	      1.01403	      1.00227	
  1.44435e+08	     0.985638	     0.984375	     0.963352	     0.962117	     0.994709	     0.991478	     0.979291	     0.973750	     0.987729	     0.984002	      1.01540	      1.00962	
  1.44515e+08	     0.999532	     0.991226	     0.965875	     0.973709	     0.994557	     0.986177	     0.982573	     0.972354	     0.988406	     0.988804	      1.01481	      1.00453	
  1.44595e+08	     0.993309	     0.973543	     0.973320	     0.967174	     0.991043	     0.985371	     0.975884	     0.973277	     0.996650	     0.992457	      1.01695	      1.01563	
  1.44675e+08	     0.990928	     0.989042	     0.970693	     0.969824	     0.995164	     0.986559	     0.984224	     0.965641	     0.989036	     0.988145	      1.01755	      1.00679	
  1.44755e+08	     0.981590	     0.978123	     0.976672	     0.972028	     0.996399	     0.983269	     0.972685	     0.970922	     0.992400	     0.988424	      1.02000	      1.01526	
  1.44835e+08	     0.995093	     0.978494	     0.974094	     0.964793	     0.994040	     0.984792	     0.976696	     0.976430	     0.986947	      1.00347	      1.01916	      1.00944	
  1.44915e+08	     0.988173	     0.972344	     0.976393	     0.978164	      1.00051	     0.992292	     0.979401	     0.976663	     0.993620	     0.992678	      1.01944	      1.01646	
  1.44995e+08	     0.989686	     0.977093	     0.976719	     0.971431	     0.998214	     0.989173	     0.984841	     0.978827	     0.990742	     0.988334	      1.01806	      1.01131	
  1.45075e+08	     0.983515	     0.978099	     0.959217	     0.960195	     0.999014	     0.987279	     0.986661	     0.978566	     0.994149	     0.991214	      1.02631	      1.01498	
  1.45155e+08	     0.976211	     0.969930	     0.958749	     0.958270	     0.982527	     0.971096	     0.975610	     0.962450	     0.986839	     0.980542	      1.00884	      1.00308	
  1.45235e+08	      1.58903	      1.55641	      1.55634	      1.53373	      1.57880	      1.56813	      1.59974	      1.65116	      1.60081	      1.59568	      1.64499	      1.61248	
  1.45315e+08	      1.59537	      1.57657	      1.56879	      1.54813	      1.59425	      1.58067	      1.61034	      1.66315	      1.61178	      1.60582	      1.66051	      1.62705	
  1.45395e+08	     0.972925	     0.979164	     0.967145	     0.954254	     0.979306	     0.969668	     0.978026	     0.980963	     0.978104	     0.986022	      1.00934	     0.995481	
  1.45475e+08	      1.00023	     0.984801	     0.978526	     0.971520	     0.999039	     0.984966	     0.998999	      1.00014	      1.00165	     0.995189	      1.02013	      1.01477	
  1.45555e+08	     0.989747	     0.977754	     0.979905	     0.968313	      1.00085	     0.986260	      1.00578	     0.990162	      1.00252	      1.00063	      1.02657	      1.01354	
  1.45635e+08	     0.997988	     0.977646	     0.987579	     0.969717	      1.00602	     0.987368	      1.00221	     0.987133	      1.00374	      1.00520	      1.01716	      1.02209	
  1.45715e+08	     0.994259	     0.978747	     0.982927	     0.969289	      1.01398	     0.989171	      1.00228	     0.988224	      1.00593	      1.00761	      1.01693	      1.01025	
  1.45795e+08	     0.990039	     0.980426	     0.981920	     0.981011	      1.00495	     0.994465	      1.00608	     0.975889	      1.00981	      1.00734	      1.02128	      1.01714	
  1.45875e+08	     0.999623	     0.979897	     0.983798	     0.973325	      1.00580	     0.989450	     0.996706	     0.986468	      1.00437	      1.00101	      1.01536	      1.01361	
  1.45955e+08	      1.01199	     0.982887	     0.981567	     0.978542	      1.01237	     0.997355	     0.992235	     0.977856	      1.00295	     0.998399	      1.01795	      1.01161	
  1.46035e+08	     0.997602	     0.982815	     0.986016	     0.979738	      1.00974	     0.993972	     0.992054	     0.965593	      1.00951	      1.00421	      1.02376	      1.02064	
  1.46115e+08	     0.999913	     0.990535	     0.986297	     0.973663	      1.00833	      1.00228	     0.995453	     0.979368	      1.00782	      1.00199	      1.03069	      1.01747	
  1.46195e+08	      1.00115	     0.996697	     0.985765	     0.977370	      1.00876	     0.991319	     0.996660	     0.989075	      1.00897	     0.994587	      1.02970	      1.02488	
  1.46275e+08	     0.994419	     0.993582	     0.989229	     0.981130	      1.00642	     0.992801	     0.990899	     0.992203	      1.00693	      1.00134	      1.02655	      1.02096	
  1.46355e+08	     0.994457	      1.00353	     0.991657	     0.989110	      1.00722	      1.00939	     0.994737	     0.987278	      1.00585	     0.997571	      1.02642	      1.02182	
  1.46435e+08	     0.990542	     0.978088	     0.974818	     0.970858	      1.00307	     0.981987	     0.981896	     0.972305	     0.995056	     0.986058	      1.01904	      1.00655	
  1.46515e+08	      1.59766	      1.58507	      1.57532	      1.55029	      1.59952	      1.58768	      1.62462	      1.67273	      1.61618	      1.60944	      1.66994	      1.63265	
  1.46595e+08	      1.61051	      1.58126	      1.59264	      1.56653	      1.61382	      1.60251	      1.64205	      1.65343	      1.63084	      1.62338	      1.66284	      1.63763	
  1.46675e+08	     0.992032	     0.980255	     0.982375	     0.967115	     0.995231	     0.992662	     0.983884	     0.982843	     0.988718	      1.00178	      1.01141	      1.00662	
  1.46755e+08	      1.01018	      1.00176	     0.994270	     0.987553	      1.01308	      1.00167	     0.999928	     0.996029	      1.00846	      1.00920	      1.02740	      1.02047	
  1.46835e+08	      1.00014	      1.00326	     0.993373	     0.984331	      1.01308	      1.00365	      1.00474	     0.987368	      1.01437	      1.01056	      1.03308	      1.02495	
  1.46915e+08	      1.00659	     0.997706	     0.998734	     0.988023	      1.02125	      1.00247	      1.00156	     0.995810	      1.01287	      1.00071	      1.03030	      1.02319	
  1.46995e+08	      1.00352	     0.997269	     0.998620	     0.986954	      1.02192	      1.01122	      1.00154	      1.00321	      1.01576	      1.00681	      1.02924	      1.02290	
  1.47075e+08	      1.00615	     0.997694	     0.999840	     0.986567	      1.01743	      1.00727	      1.00693	      1.00539	      1.01579	      1.01313	      1.02977	      1.02151	
  1.47155e+08	      1.00404	     0.992389	      1.00342	     0.990969	      1.02024	      1.01156	      1.01167	      1.00374	      1.01876	      1.00560	      1.03475	      1.02235	
  1.47235e+08	     0.999255	     0.989192	     0.997094	     0.987984	      1.02204	      1.00872	      1.01874	      1.01117	      1.01350	      1.00369	      1.02748	      1.03415	
  1.47315e+08	      1.00057	     0.990493	      1.00500	     0.997896	      1.02390	      1.01168	      1.01937	      1.00676	      1.01246	      1.00830	      1.02563	      1.02609	
  1.47395e+08	      1.00300	     0.998366	     0.997290	     0.995752	      1.01982	      1.00853	      1.01394	      1.00631	      1.01317	      1.00387	      1.03970	      1.02991	
  1.47475e+08	      1.00441	     0.996877	      1.00810	     0.998886	      1.01845	      1.00750	      1.01780	      1.01966	      1.01096	      1.00321	      1.04231	      1.01812	
  1.47555e+08	      1.00324	     0.998916	      1.00218	     0.991564	      1.02458	      1.01077	      1.01461	      1.00619	      1.01605	      1.01101	      1.03403	      1.02434	
  1.47635e+08	      1.00300	      1.00608	      1.00664	     0.999202	      1.01976	      1.00365	      1.02414	      1.01691	      1.01545	      1.00376	      1.03380	      1.02453	
  1.47715e+08	     0.995787	     0.990494	     0.991534	     0.993637	      1.01507	      1.00279	      1.01077	      1.00936	      1.00336	      1.00019	      1.02014	      1.02529	
  1.47795e+08	      1.61349	      1.58480	      1.59576	      1.57506	      1.62000	      1.60627	      1.65025	      1.65489	      1.63502	      1.62443	      1.66160	      1.64903	
  1.47875e+08	      1.61726	      1.59269	      1.60999	      1.58870	      1.63064	      1.61735	      1.65875	      1.70738	      1.64810	      1.62813	      1.68281	      1.65245	
  1.47955e+08	     0.986199	     0.981509	     0.994630	     0.977921	      1.00969	     0.997696	      1.01295	     0.984792	      1.00704	      1.00529	      1.02329	      1.01664	
  1.48035e+08	      1.00854	      1.00043	      1.01408	     0.995209	      1.02906	      1.01121	      1.03634	      1.01243	      1.02423	      1.01257	      1.03708	      1.03316	
  1.48115e+08	      1.00392	      1.00036	      1.00720	     0.992771	      1.02494	      1.01672	      1.01494	      1.00454	      1.02970	      1.01395	      1.04229	      1.03358	
  1.48195e+08	      1.00764	      1.00889	      1.00596	     0.997848	      1.03361	      1.02722	      1.01316	     0.993892	      1.02774	      1.02106	      1.03727	      1.04580	
  1.48275e+08	      1.01065	      1.00341	      1.00168	     0.995673	      1.02487	      1.02228	      1.01127	      1.00301	      1.02511	      1.01624	      1.03962	      1.03931	
  1.48355e+08	      1.01086	      1.00827	      1.00376	     0.993376	      1.02920	      1.01883	      1.02276	      1.00145	      1.02528	      1.02247	      1.03869	      1.03866	
  1.48435e+08	      1.01340	      1.00679	      1.00582	     0.993726	      1.03197	      1.01680	      1.02101	      1.00167	      1.01777	      1.02296	      1.03742	      1.03461	
  1.48515e+08	      1.01578	      1.00311	      1.01104	      1.00071	      1.03079	      1.01793	      1.02148	      1.01519	      1.01209	      1.01163	      1.03121	      1.02912	
  1.48595e+08	      1.01483	      1.00629	      1.01222	      1.01173	      1.03262	      1.02595	      1.02618	      1.00559	      1.01885	      1.00774	      1.03491	      1.02513	
  1.48675e+08	      1.01181	      1.01102	      1.00996	      1.00691	      1.03289	      1.01740	      1.00951	      1.01963	      1.02670	      1.02513	      1.03683	      1.02768	
  1.48755e+08	      1.01383	      1.00804	      1.01442	      1.00649	      1.02814	      1.02174	      1.02292	      1.00245	      1.02255	      1.01400	      1.03057	      1.03337	
  1.48835e+08	      1.01667	      1.00959	      1.01962	      1.00814	      1.02925	      1.02332	      1.03304	      1.00947	      1.02822	      1.01563	      1.03489	      1.03197	
  1.48915e+08	      1.02523	      1.01685	      1.01404	      1.02070	      1.03230	      1.01758	      1.03005	      1.01045	      1.02402	      1.01268	      1.03610	      1.03201	
  1.48995e+08	      1.00331	     0.996126	      1.00605	      1.00501	      1.02744	      1.00709	      1.00835	     0.999324	      1.01151	      1.00490	      1.01869	      1.01245	
  1.49075e+08	      1.61682	      1.58777	      1.61364	      1.59277	      1.63255	      1.62065	      1.65527	      1.71134	      1.65432	      1.63198	      1.68284	      1.67954	
  1.49155e+08	      1.61714	      1.59268	      1.62108	      1.60140	      1.63440	      1.62670	      1.67057	      1.67544	      1.65487	      1.64684	      1.68566	      1.64857	
  1.49235e+08	      1.00849	     0.999494	     0.998655	     0.991745	      1.02177	      1.01569	      1.00094	     0.994334	      1.00723	      1.01031	      1.02734	      1.02164	
  1.49315e+08	      1.02296	      1.02124	      1.01654	      1.00855	      1.04191	      1.03209	      1.02386	      1.00247	      1.02360	      1.01680	      1.03281	      1.03716	
  1.49395e+08	      1.02783	      1.01575	      1.02249	      1.01275	      1.03973	      1.02698	      1.00919	      1.01067	      1.02991	      1.01747	      1.03391	      1.03160	
  1.49475e+08	      1.02650	      1.02043	      1.01832	      1.00684	      1.03782	      1.03129	      1.03447	      1.01613	      1.03038	      1.01776	      1.04194	      1.03934	
  1.49555e+08	      1.02651	      1.01222	      1.02176	      1.01164	      1.03584	      1.03461	      1.02444	      1.00623	      1.02873	      1.01366	      1.02989	      1.03131	
  1.49635e+08	      1.01548	      1.01160	      1.02406	      1.01678	      1.03559	      1.03067	      1.02981	      1.01503	      1.02754	      1.01437	      1.03603	      1.03385	
  1.49715e+08	      1.01261	      1.00799	      1.02420	      1.00999	      1.03178	      1.02437	      1.02725	      1.01919	      1.03297	      1.02280	      1.03644	      1.03631	
  1.49795e+08	      1.01152	      1.01095	      1.01607	      1.00898	      1.02886	      1.01893	      1.02886	      1.00719	      1.03630	      1.01362	      1.03382	      1.03292	
  1.49875e+08	      1.01262	      1.00641	      1.01092	      1.00851	      1.03332	      1.02309	      1.03045	      1.02304	      1.03212	      1.03120	      1.03557	      1.04284	
  1.49955e+08	      1.01002	      1.00753	      1.01221	      1.00748	      1.03004	      1.03464	      1.03074	      1.01084	      1.02685	      1.02407	      1.02832	      1.03141	
  1.50035e+08	      1.01476	      1.01009	      1.01350	      1.01101	      1.02880	      1.02043	      1.02725	      1.00970	      1.03246	      1.02098	      1.03789	      1.03411	
  1.50115e+08	      1.01103	      1.00375	      1.01804	      1.00128	      1.02891	      1.03398	      1.02764	      1.02287	      1.02816	      1.01936	      1.03695	      1.03456	
  1.50195e+08	      1.00663	      1.01025	      1.01634	      1.01498	      1.02847	      1.02752	      1.03794	      1.02085	      1.02932	      1.02484	      1.03572	      1.03037	
  1.50275e+08	     0.993460	     0.997041	      1.00194	     0.991502	      1.01412	      1.01562	      1.04108	      1.03243	      1.01805	      1.00712	      1.02148	      1.02963	
  1.50355e+08	      1.61305	      1.57645	      1.62125	      1.59766	      1.63146	      1.62438	      1.67253	      1.67490	      1.65098	      1.65398	      1.68081	      1.65116	
  1.50435e+08	      1.61113	      1.58939	      1.62304	      1.60046	      1.62975	      1.62495	      1.67679	      1.67456	      1.64374	      1.65447	      1.66204	      1.64683	
  1.50515e+08	      1.00287	     0.991326	      1.00785	     0.997436	      1.01860	      1.01205	      1.02327	      1.02220	      1.00959	      1.00789	      1.01574	      1.01875	
  1.50595e+08	      1.00404	      1.00313	      1.02040	      1.01231	      1.03691	      1.03828	      1.02915	      1.03136	      1.03128	      1.02268	      1.03340	      1.03346	
  1.50675e+08	      1.00440	      1.01375	      1.01850	      1.02153	      1.03349	      1.02753	      1.04147	      1.02261	      1.02613	      1.02228	      1.03193	      1.03557	
  1.50755e+08	      1.00767	      1.00158	      1.01829	      1.01345	      1.03160	      1.03022	      1.03397	      1.01796	      1.02645	      1.02607	      1.04051	      1.04654	
  1.50835e+08	      1.00661	      1.00221	      1.01915	      1.01468	      1.03221	      1.02204	      1.02453	      1.01871	      1.03205	      1.01929	      1.03669	      1.03393	
  1.50915e+08	      1.01888	      1.00800	      1.01727	      1.01105	      1.03055	      1.02101	      1.02013	      1.02641	      1.03354	      1.02497	      1.03127	      1.03098	
  1.50995e+08	      1.00716	      1.00157	      1.02247	      1.01564	      1.03209	      1.02009	      1.02297	      1.03837	      1.03134	      1.01980	      1.03700	      1.03510	
  1.51075e+08	      1.00192	      1.00155	      1.02691	      1.01564	      1.03346	      1.02585	      1.01757	      1.03780	      1.04215	      1.02774	      1.02468	      1.03040	
  1.51155e+08	      1.00420	      1.00154	      1.02145	      1.01262	      1.03757	      1.01903	      1.03161	      1.02262	      1.02889	      1.01853	      1.02894	      1.03071	
  1.51235e+08	      1.00689	      1.00157	      1.02274	      1.01074	      1.03503	      1.02431	      1.03780	      1.02327	      1.02774	      1.02660	      1.03195	      1.02594	
  1.51315e+08	      1.00846	     0.998152	      1.01955	      1.01167	      1.02914	      1.02551	      1.02985	      1.01424	      1.02978	      1.01672	      1.02623	      1.03031	
  1.51395e+08	      1.01191	      1.00168	      1.01726	      1.01941	      1.02942	      1.02442	      1.02160	      1.01704	      1.02489	      1.01430	      1.02891	      1.02133	
  1.51475e+08	      1.01461	      1.00709	      1.01473	      1.00722	      1.02665	      1.02016	      1.03322	      1.02269	      1.02907	      1.03626	      1.02905	      1.03284	
  1.51555e+08	     0.997012	     0.998831	      1.00530	     0.996697	      1.01698	      1.00954	      1.01385	      1.02252	      1.01554	      1.02020	      1.02071	      1.02024	
  1.51635e+08	      1.60503	      1.58395	      1.61580	      1.59951	      1.62363	      1.61951	      1.66972	      1.67620	      1.63788	      1.64765	      1.64757	      1.67172	
  1.51715e+08	      1.60118	      1.58606	      1.61439	      1.59748	      1.61855	      1.61524	      1.65797	      1.71221	      1.63227	      1.63637	      1.64056	      1.66359	
  1.51795e+08	     0.981044	     0.989828	      1.01123	     0.999970	      1.01500	      1.01033	      1.01371	      1.01862	      1.00486	      1.01121	      1.01110	      1.00624	
  1.51875e+08	      1.00696	      1.01025	      1.02284	      1.01730	      1.02776	      1.02384	      1.02712	      1.03991	      1.02927	      1.02872	      1.02927	      1.02675	
  1.51955e+08	      1.00391	      1.01050	      1.02820	      1.00826	      1.02644	      1.02572	      1.01851	      1.02536	      1.02581	      1.02262	      1.02321	      1.02347	
  1.52035e+08	      1.00571	      1.00978	      1.02206	      1.01207	      1.02983	      1.02485	      1.02785	      1.02268	      1.02611	      1.01343	      1.02427	      1.02425	
  1.52115e+08	      1.00729	      1.01132	      1.02189	      1.00737	      1.02199	      1.02641	      1.02792	      1.02303	      1.02549	      1.02017	      1.02187	      1.01773	
  1.52195e+08	      1.00566	      1.00300	      1.02058	      1.00587	      1.02455	      1.02198	      1.02464	      1.02917	      1.01887	      1.02827	      1.01754	      1.01878	
  1.52275e+08	      1.00608	      1.00359	      1.01972	      1.00403	      1.02108	      1.01900	      1.02749	      1.02816	      1.02606	      1.02637	      1.02781	      1.02507	
  1.52355e+08	      1.00270	      1.00868	      1.01527	      1.01574	      1.01878	      1.01937	      1.00509	      1.01643	      1.01793	      1.01615	      1.02628	      1.02366	
  1.52435e+08	      1.01394	      1.01221	      1.01744	      1.01002	      1.02038	      1.02034	      1.02187	      1.03377	      1.02606	      1.02407	      1.02588	      1.02393	
  1.52515e+08	      1.00866	      1.01270	      1.01828	      1.01429	      1.02124	      1.02156	      1.01587	      1.01872	      1.01781	      1.01811	      1.02220	      1.03026	
  1.52595e+08	      1.00414	     0.994681	      1.02137	      1.01399	      1.01715	      1.01738	      1.01587	      1.01199	      1.02408	      1.01983	      1.02166	      1.02199	
  1.52675e+08	      1.00111	     0.998910	      1.01616	      1.01113	      1.02320	      1.01809	      1.01557	      1.02024	      1.02342	      1.01981	      1.01730	      1.01387	
  1.52755e+08	     0.998552	     0.984064	      1.01642	      1.01307	      1.02446	      1.01664	      1.01850	      1.01674	      1.01799	      1.01986	      1.01945	      1.01012	
  1.52835e+08	     0.977376	     0.973666	      1.00905	      1.00192	      1.01546	      1.00765	     0.987822	      1.00245	      1.00530	      1.00897	      1.00865	      1.00412	
  1.52915e+08	      1.59343	      1.57299	      1.60857	      1.59134	      1.61022	      1.60782	      1.64968	      1.70509	      1.62477	      1.63993	      1.63327	      1.65277	
  1.52995e+08	      1.58919	      1.55883	      1.60342	      1.59015	      1.60365	      1.59851	      1.65710	      1.69847	      1.62357	      1.62609	      1.62728	      1.60599	
  1.53075e+08	     0.988957	     0.988692	     0.992527	     0.994994	      1.00838	      1.00571	      1.01727	      1.00285	     0.995819	     0.994645	      1.00788	      1.00643	
  1.53155e+08	      1.00015	     0.998698	      1.01412	      1.01438	      1.01986	      1.02124	      1.02129	      1.02741	      1.02007	      1.01221	      1.02597	      1.02172	
  1.53235e+08	     0.993858	      1.00087	      1.01943	      1.01201	      1.01813	      1.02416	      1.02795	      1.02313	      1.01995	      1.00874	      1.03031	      1.01990	
  1.53315e+08	     0.996178	      1.00253	      1.00396	      1.01194	      1.02300	      1.02614	      1.01936	      1.01614	      1.01603	      1.00920	      1.02819	      1.01794	
  1.53395e+08	      1.00739	      1.00410	      1.01030	      1.00960	      1.01797	      1.02317	      1.02458	      1.02528	      1.01049	      1.01471	      1.01903	      1.01905	
  1.53475e+08	     0.995827	     0.994620	      1.01156	      1.00841	      1.02465	      1.01910	      1.02943	      1.01966	      1.01584	      1.01405	      1.01821	      1.01452	
  1.53555e+08	     0.995397	     0.996714	      1.01251	      1.01092	      1.01288	      1.01534	      1.04074	      1.02379	      1.01176	      1.02141	      1.02236	      1.01475	
  1.53635e+08	     0.997291	     0.993056	      1.00679	      1.01016	      1.01024	      1.01605	      1.01363	      1.01631	      1.00829	      1.01402	      1.00706	      1.01330	
  1.53715e+08	      1.00052	     0.995048	      1.00979	      1.00698	      1.01056	      1.01599	      1.02783	      1.01918	      1.01642	      1.01521	      1.01593	      1.01072	
  1.53795e+08	     0.996919	     0.999902	      1.00589	      1.00344	      1.01111	      1.02334	      1.01329	      1.02358	      1.01679	      1.01213	      1.00814	     0.997941	
  1.53875e+08	      1.00321	      1.00441	      1.01101	      1.00628	      1.02201	      1.01406	      1.00975	      1.03006	      1.00829	      1.00620	      1.00881	      1.00856	
  1.53955e+08	     0.996291	      1.00146	      1.00562	      1.00301	      1.02117	      1.02376	      1.01562	      1.01856	      1.01592	      1.01763	      1.01286	      1.00843	
  1.54035e+08	     0.995902	     0.997592	      1.00718	      1.01070	      1.01464	      1.00852	      1.01067	      1.01579	      1.01985	      1.01381	      1.01274	      1.00684	
  1.54115e+08	     0.982983	     0.982313	     0.992144	     0.995049	     0.997940	     0.997389	      1.00691	      1.00487	      1.00331	     0.998092	      1.00258	     0.998352	
  1.54195e+08	      1.58213	      1.56603	      1.60007	      1.58400	      1.59533	      1.59064	      1.65072	      1.63580	      1.61100	      1.61545	      1.61538	      1.63457	
  1.54275e+08	      1.58033	      1.56451	      1.60047	      1.58134	      1.59242	      1.58766	      1.63521	      1.63077	      1.60499	      1.60981	      1.60919	      1.62758	
  1.54355e+08	     0.975014	     0.988630	     0.990112	     0.986214	     0.995805	     0.999176	     0.995908	     0.999938	     0.994557	     0.993888	     0.988341	     0.993594	
  1.54435e+08	     0.995674	     0.996659	      1.00728	      1.00016	      1.01156	      1.00942	      1.01723	      1.02458	      1.01745	      1.01234	      1.00988	      1.01642	
  1.54515e+08	     0.993653	     0.994874	      1.00352	      1.00141	      1.01104	      1.01061	      1.00246	      1.00968	      1.01635	      1.00928	      1.00548	      1.00498	
  1.54595e+08	     0.993034	     0.993837	      1.00249	      1.00520	      1.01339	      1.01674	      1.01413	      1.00604	      1.01416	      1.01623	      1.00573	      1.00168	
  1.54675e+08	     0.998362	     0.990771	      1.00405	      1.00665	      1.00486	      1.00202	      1.00248	      1.01626	      1.01505	      1.00876	      1.00611	      1.01374	
  1.54755e+08	     0.994378	      1.00049	     0.999798	      1.00713	      1.00777	      1.00752	      1.01219	      1.00965	      1.00943	      1.01563	      1.00605	      1.00779	
  1.54835e+08	     0.996804	     0.996572	      1.00674	      1.00684	      1.01026	      1.00513	      1.00304	      1.00223	      1.00725	      1.00158	      1.01548	      1.00081	
  1.54915e+08	      1.00216	     0.994821	      1.00220	      1.01717	      1.00950	      1.00789	     0.988645	     0.995330	      1.00185	     0.997336	      1.00632	      1.00688	
  1.54995e+08	     0.996502	      1.00214	      1.00613	      1.00841	      1.00842	      1.00249	      1.00351	     0.999871	      1.00768	      1.00879	      1.00974	      1.00790	
  1.55075e+08	     0.996968	     0.997553	      1.01329	      1.00927	      1.01114	     0.999259	     0.997824	      1.00221	      1.00797	      1.00879	      1.01714	      1.01226	
  1.55155e+08	     0.990073	     0.989559	      1.00841	      1.01203	      1.01030	      1.00517	      1.00703	      1.00338	      1.01166	      1.01014	      1.00456	      1.00402	
  1.55235e+08	     0.996176	     0.984597	      1.01102	      1.00522	      1.01048	      1.01282	      1.00628	      1.00361	      1.00364	      1.01018	     0.999959	      1.00232	
  1.55315e+08	     0.987280	     0.994230	      1.01459	      1.00582	      1.01157	      1.00899	      1.00061	      1.00558	      1.00997	      1.01047	     0.998751	     0.997643	
  1.55395e+08	     0.973511	     0.972822	     0.996252	      1.00094	     0.999286	      1.00211	      1.00305	     0.995994	      1.00123	     0.993515	     0.989676	     0.986008	
  1.55475e+08	      1.57597	      1.55872	      1.59377	      1.57567	      1.58761	      1.58056	      1.62919	      1.62304	      1.60006	      1.60636	      1.58937	      1.62283	
  1.55555e+08	      1.57916	      1.55949	      1.59501	      1.57735	      1.58682	      1.57377	      1.62676	      1.62199	      1.59899	      1.59977	      1.59982	      1.62352	
  1.55635e+08	     0.975542	     0.979687	     0.998120	     0.989396	     0.992735	      1.00271	     0.986839	     0.995651	     0.987689	     0.994970	     0.980758	     0.987526	
  1.55715e+08	     0.994481	     0.986734	      1.01335	      1.00985	      1.01109	      1.01363	      1.01201	      1.00606	      1.00868	      1.00692	      1.00189	      1.00584	
  1.55795e+08	     0.998327	     0.990434	      1.01152	      1.00749	      1.00835	      1.01308	      1.00873	      1.00882	      1.00468	      1.00961	     0.998085	      1.00178	
  1.55875e+08	     0.994036	     0.984397	      1.01287	      1.00947	      1.00977	      1.01243	      1.01535	      1.01336	      1.00430	      1.00717	     0.999901	      1.00390	
  1.55955e+08	     0.991186	     0.989927	      1.01498	      1.01355	      1.00791	      1.01099	      1.00896	     0.999051	      1.00577	      1.00351	     0.995549	      1.00199	
  1.56035e+08	     0.992824	     0.991913	      1.01577	      1.00882	      1.00091	      1.01099	      1.00747	     0.999109	      1.00423	     0.998103	     0.995197	      1.00216	
  1.56115e+08	     0.992522	     0.985080	      1.00954	      1.00493	      1.00303	      1.01021	      1.01097	      1.01121	      1.00974	      1.00388	     0.992708	     0.996122	
  1.56195e+08	     0.986256	     0.986494	      1.00960	      1.00681	      1.01553	      1.00894	      1.00307	     0.996185	      1.00264	      1.00164	     0.983838	     0.997484	
  1.56275e+08	     0.988122	     0.990698	      1.00506	      1.00457	      1.00205	      1.00663	      1.01026	      1.01260	      1.00701	      1.00819	     0.991360	     0.999395	
  1.56355e+08	     0.994975	     0.985108	      1.01088	      1.00821	      1.00332	      1.00533	      1.00956	      1.00401	      1.00582	      1.00625	     0.992359	     0.994150	
  1.56435e+08	     0.995505	     0.986746	      1.01007	      1.01702	      1.00178	      1.00175	      1.00893	      1.00446	      1.00208	      1.00490	     0.999567	      1.00043	
  1.56515e+08	     0.995494	     0.998608	      1.01266	      1.01101	      1.00307	      1.00241	      1.00937	      1.01451	      1.00644	     0.997092	     0.997426	     0.994900	
  1.56595e+08	     0.993108	     0.990190	      1.01815	      1.01099	     0.997523	      1.00157	      1.01112	      1.00153	      1.00150	     0.998884	     0.996895	     0.995365	
  1.56675e+08	     0.981996	     0.981288	      1.00138	     0.998605	     0.988919	     0.992696	     0.990707	     0.995465	     0.992611	     0.992366	     0.985643	     0.982164	
  1.56755e+08	      1.57890	      1.55687	      1.59704	      1.57638	      1.58225	      1.56644	      1.63670	      1.62220	      1.59777	      1.59514	      1.58143	      1.61567	
  1.56835e+08	      1.58473	      1.56068	      1.60179	      1.57943	      1.58369	      1.57274	      1.63716	      1.62405	      1.59534	      1.59597	      1.59173	      1.60894	
  1.56915e+08	     0.982048	     0.976160	      1.00071	     0.997330	     0.992162	     0.989648	     0.999465	      1.00201	     0.993971	     0.997618	     0.984269	     0.987503	
  1.56995e+08	     0.997983	     0.986264	      1.01907	      1.01443	     0.998624	      1.01047	      1.00780	      1.00510	      1.00931	      1.00923	     0.996235	     0.998809	
  1.57075e+08	     0.997968	     0.993351	      1.01793	      1.01385	     0.996398	      1.00676	      1.01445	      1.00204	      1.01357	      1.01390	     0.996016	     0.997146	
  1.57155e+08	     0.996373	     0.991141	      1.01027	      1.00898	     0.997038	      1.00376	      1.00611	      1.01013	      1.01714	      1.01070	     0.996735	      1.00088	
  1.57235e+08	     0.999511	     0.996604	      1.01387	      1.01062	     0.997518	     0.999475	      1.00291	      1.02090	      1.01180	      1.01103	     0.988939	     0.997403	
  1.57315e+08	     0.998188	      1.00047	      1.00944	      1.01409	     0.999212	     0.994768	      1.00492	      1.01558	      1.01356	      1.01066	     0.983845	     0.991930	
  1.57395e+08	     0.995775	     0.996094	      1.01242	      1.00715	      1.00120	      1.00532	      1.01162	      1.01025	      1.01329	      1.01026	     0.990021	     0.994442	
  1.57475e+08	     0.995423	     0.994406	      1.01570	     0.998929	     0.998396	     0.998172	      1.01509	     0.999959	      1.00742	      1.00443	     0.986896	     0.987969	
  1.57555e+08	     0.990856	     0.995883	      1.01768	      1.00809	      1.00325	      1.00551	      1.01360	      1.01240	      1.00778	      1.01240	     0.993427	     0.992955	
  1.57635e+08	     0.994021	     0.995618	      1.01667	      1.01338	      1.00276	      1.00672	      1.00337	      1.01030	      1.00735	      1.00978	     0.997118	     0.996722	
  1.57715e+08	     0.999949	     0.996055	      1.01214	      1.01342	      1.00277	      1.00604	      1.02423	      1.01348	      1.01121	      1.00828	     0.996342	     0.995446	
  1.57795e+08	      1.00335	     0.988914	      1.00526	      1.00932	      1.00283	      1.00384	      1.01536	      1.00687	      1.00709	      1.00269	     0.993234	      1.00218	
  1.57875e+08	      1.00058	     0.992465	      1.01007	      1.01097	      1.00153	      1.00743	      1.02171	      1.00982	      1.01423	      1.00539	     0.996554	     0.987703	
  1.57955e+08	     0.990241	     0.980860	     0.994488	     0.991600	     0.993872	     0.999121	      1.00632	     0.996582	      1.00334	     0.999843	     0.984553	     0.980503	
  1.58035e+08	      1.58356	      1.54893	      1.59627	      1.58205	      1.58214	      1.57207	      1.63301	      1.62060	      1.59614	      1.59367	      1.58686	      1.60715	
  1.58115e+08	      1.59142	      1.58680	      1.60096	      1.58876	      1.58589	      1.57178	      1.63146	      1.62697	      1.59836	      1.59785	      1.58662	      1.60535	
  1.58195e+08	     0.987699	     0.984117	     0.999549	      1.00029	     0.987894	     0.999509	     0.997842	     0.985082	     0.997428	     0.997451	     0.981836	     0.980205	
  1.58275e+08	      1.00612	      1.00048	      1.02026	      1.01720	      1.00809	      1.01314	      1.02007	      1.01455	      1.01462	      1.01007	      1.00019	      1.00128	
  1.58355e+08	      1.00922	      1.00338	      1.02134	      1.01975	      1.00312	      1.00691	      1.00990	      1.01307	      1.01551	      1.01768	      1.00058	     0.997897	
  1.58435e+08	      1.01019	      1.00154	      1.01971	      1.01302	      1.00335	      1.01025	      1.01164	      1.01492	      1.01818	      1.01664	     0.997324	     0.996839	
  1.58515e+08	      1.00931	      1.00365	      1.02707	      1.02324	      1.00796	      1.00956	      1.00810	      1.02514	      1.01230	      1.01498	     0.999820	     0.997404	
  1.58595e+08	      1.00317	      1.00117	      1.02067	      1.02282	      1.00875	      1.01059	      1.01841	      1.01808	      1.01059	      1.01134	      1.00552	     0.997303	
  1.58675e+08	      1.00351	      1.00781	      1.02283	      1.02441	      1.00853	      1.01887	      1.00523	      1.01152	      1.01139	      1.01893	      1.00178	     0.996007	
  1.58755e+08	     0.998465	      1.00856	      1.02000	      1.02580	      1.00674	      1.01629	      1.01214	      1.00190	      1.00457	      1.01525	      1.00716	     0.990257	
  1.58835e+08	      1.00305	      1.00663	      1.01826	      1.02313	      1.01035	      1.01321	      1.01156	      1.01145	      1.00877	      1.01266	      1.00354	      1.00251	
  1.58915e+08	      1.00308	      1.00941	      1.02216	      1.02262	      1.00818	      1.01214	      1.00941	      1.00720	      1.01294	      1.00898	      1.00016	     0.987686	
  1.58995e+08	      1.00210	      1.00659	      1.01472	      1.01899	      1.01312	      1.01501	      1.01026	      1.01587	      1.01760	      1.01414	     0.991563	     0.997732	
  1.59075e+08	     0.998689	      1.00884	      1.02317	      1.01956	      1.00424	      1.01357	      1.00920	      1.01355	      1.01571	      1.01750	     0.993324	     0.998664	
  1.59155e+08	      1.00461	      1.00689	      1.01725	      1.01584	      1.00656	      1.01247	      1.01603	      1.01241	      1.01635	      1.01469	     0.997558	     0.997035	
  1.59235e+08	     0.993229	     0.993407	      1.00383	      1.00068	     0.994263	      1.00538	      1.00587	      1.01199	     0.995536	     0.996435	     0.977914	     0.980491	
  1.59315e+08	      1.59106	      1.56324	      1.60377	      1.59479	      1.58537	      1.56890	      1.62796	      1.62638	      1.59834	      1.60101	      1.58059	      1.58256	
  1.59395e+08	      1.59753	      1.59407	      1.61128	      1.60169	      1.58957	      1.56913	      1.64034	      1.63347	      1.59919	      1.60527	      1.57959	      1.57560	
  1.59475e+08	     0.986105	     0.991135	     0.999734	      1.00130	     0.990740	      1.00260	      1.01369	     0.999910	     0.990497	     0.998602	     0.977495	     0.985096	
  1.59555e+08	      1.00440	      1.00750	      1.01686	      1.02565	      1.00819	      1.01107	      1.02492	      1.02420	      1.01067	      1.01099	     0.993975	      1.00263	
  1.59635e+08	      1.01369	      1.00513	      1.01730	      1.02146	      1.00637	      1.01163	      1.02277	      1.02265	      1.00597	      1.01283	     0.995522	     0.999792	
  1.59715e+08	      1.01104	      1.00211	      1.02286	      1.02516	      1.01035	      1.01246	      1.02220	      1.00775	      1.00128	      1.01576	     0.995163	     0.993328	
  1.59795e+08	      1.00575	      1.01291	      1.02004	      1.02553	      1.01081	      1.00975	      1.01704	      1.02756	      1.00391	      1.01137	     0.995867	      1.00288	
  1.59875e+08	      1.01278	      1.01621	      1.01903	      1.02652	      1.00319	      1.01123	      1.02949	      1.01524	      1.00836	      1.01780	     0.989456	     0.997639	
  1.59955e+08	      1.01386	      1.01686	      1.01992	      1.02129	      1.00861	      1.01233	      1.02139	      1.01745	      1.01282	      1.01561	     0.995246	     0.994866	
  1.60035e+08	      1.00926	      1.01495	      1.01756	      1.02185	      1.00788	      1.01535	      1.02155	      1.00439	      1.01775	      1.00763	     0.995102	     0.994638	
  1.60115e+08	      1.01376	      1.01567	      1.01988	      1.02121	      1.00503	      1.01571	      1.01286	      1.02778	      1.01609	      1.01259	     0.997285	     0.994145	
  1.60195e+08	      1.00796	      1.01951	      1.01926	      1.02411	      1.00240	      1.00992	      1.01662	      1.03137	      1.01682	      1.01360	     0.994500	     0.993371	
  1.60275e+08	      1.01337	      1.01042	      1.02141	      1.02526	      1.00726	      1.01271	      1.02268	      1.00919	      1.01561	      1.02132	     0.995857	     0.990539	
  1.60355e+08	      1.01281	      1.01270	      1.02292	      1.02524	      1.00463	      1.01189	      1.01254	      1.02817	      1.01834	      1.01950	     0.991791	     0.990286	
  1.60435e+08	      1.01319	      1.01446	      1.01969	      1.02712	      1.00251	      1.00926	      1.02187	      1.02057	      1.01789	      1.01674	     0.988040	     0.987422	
  1.60515e+08	      1.00126	      1.00390	      1.01004	      1.01620	     0.992095	     0.993840	     0.995189	      1.00536	      1.01033	      1.00547	     0.978172	     0.980904	
  1.60595e+08	      1.59709	      1.56038	      1.61221	      1.60338	      1.58782	      1.57280	      1.63955	      1.63522	      1.59569	      1.60394	      1.58280	      1.59830	
  1.60675e+08	      1.60331	      1.57035	      1.61608	      1.60730	      1.59051	      1.57490	      1.64412	      1.64169	      1.59664	      1.60944	      1.58567	      1.59532	
  1.60755e+08	     0.992497	      1.00239	      1.01187	      1.01559	     0.996243	     0.992985	      1.00222	      1.01000	     0.998868	      1.00257	     0.973904	     0.977097	
  1.60835e+08	      1.01639	      1.01565	      1.02360	      1.04143	      1.00980	      1.01092	      1.00256	      1.02204	      1.00885	      1.01833	     0.987194	     0.991488	
  1.60915e+08	      1.01089	      1.01880	      1.02863	      1.03725	      1.01482	      1.01344	      1.01718	      1.03582	      1.01883	      1.01423	     0.982023	     0.993707	
  1.60995e+08	      1.01672	      1.01515	      1.02969	      1.03050	      1.01632	      1.01639	      1.00591	      1.02503	      1.00912	      1.01122	     0.994373	     0.992957	
  1.61075e+08	      1.01415	      1.01279	      1.02461	      1.02523	      1.01311	      1.00996	      1.00827	      1.02127	      1.00876	      1.00522	     0.988953	     0.991077	
  1.61155e+08	      1.01148	      1.02083	      1.02230	      1.03464	      1.01332	      1.01209	      1.01870	      1.01382	      1.00745	      1.01303	     0.987253	     0.999729	
  1.61235e+08	      1.00724	      1.02159	      1.02043	      1.03405	      1.01416	      1.01587	      1.01575	      1.01369	      1.00375	      1.01049	     0.988517	     0.983829	
  1.61315e+08	      1.01901	      1.02631	      1.02969	      1.02919	     0.995763	      1.00779	      1.01370	      1.01016	     0.999253	      1.00766	     0.990297	     0.995527	
  1.61395e+08	      1.01277	      1.03023	      1.02928	      1.02960	      1.00360	      1.00868	      1.01472	      1.01704	      1.00670	      1.01399	     0.989317	     0.992365	
  1.61475e+08	      1.01511	      1.02439	      1.02728	      1.03670	      1.00172	      1.01188	      1.02332	      1.01290	      1.01252	      1.01431	     0.994586	     0.992457	
  1.61555e+08	      1.01806	      1.01853	      1.02861	      1.03071	      1.00684	      1.01129	      1.01436	      1.02717	      1.01115	      1.02033	     0.994193	     0.989064	
  1.61635e+08	      1.01244	      1.01902	      1.02183	      1.03067	      1.00451	      1.01633	      1.02638	      1.02263	      1.00952	      1.01369	     0.992242	     0.988944	
  1.61715e+08	      1.01206	      1.01799	      1.02711	      1.02888	      1.00721	      1.01620	      1.03012	      1.02102	      1.00431	      1.02017	     0.984630	     0.989238	
  1.61795e+08	     0.999465	      1.00236	      1.00971	      1.01994	     0.992488	      1.00138	     0.995698	      1.01802	     0.991969	      1.00379	     0.976376	     0.962878	
  1.61875e+08	      1.59697	      1.56303	      1.60938	      1.60635	      1.58803	      1.57306	      1.64467	      1.63913	      1.58959	      1.60279	      1.57459	      1.59631	
  1.61955e+08	      1.59744	      1.57116	      1.60969	      1.60918	      1.58539	      1.56482	      1.63813	      1.62834	      1.58777	      1.59867	      1.56332	      1.58923	
  1.62035e+08	     0.997088	      1.00626	      1.00862	      1.01216	     0.996615	     0.998629	     0.995823	      1.01095	     0.993787	     0.996705	     0.965520	     0.975362	
  1.62115e+08	      1.01133	      1.01876	      1.03079	      1.03102	      1.01947	      1.01553	      1.01317	      1.03787	      1.01778	      1.00973	     0.974788	     0.983985	
  1.62195e+08	      1.01267	      1.02143	      1.03358	      1.03322	      1.01103	      1.01081	      1.02095	      1.02844	      1.00761	      1.02123	     0.980363	     0.980738	
  1.62275e+08	      1.01229	      1.01831	      1.02461	      1.02693	      1.00795	      1.01285	      1.02718	      1.02044	      1.01388	      1.02054	     0.976073	     0.978758	
  1.62355e+08	      1.01551	      1.02437	      1.02749	      1.03195	      1.00797	      1.01982	      1.00843	      1.01549	      1.00689	      1.00108	     0.982788	     0.981736	
  1.62435e+08	      1.01402	      1.02185	      1.02254	      1.03056	      1.00682	      1.01372	      1.01702	      1.00476	      1.00686	      1.01350	     0.980192	     0.985274	
  1.62515e+08	      1.00751	      1.02407	      1.01951	      1.02395	      1.00744	      1.00853	      1.02503	      1.01510	      1.01093	      1.00898	     0.980592	     0.984835	
  1.62595e+08	      1.01176	      1.02785	      1.02501	      1.02934	      1.00390	      1.01148	      1.01028	      1.00533	      1.00901	      1.00845	     0.976008	     0.983224	
  1.62675e+08	      1.01469	      1.02048	      1.02054	      1.02405	      1.00696	      1.00999	     0.993401	      1.01377	      1.00624	      1.00901	     0.982866	     0.978222	
  1.62755e+08	      1.01353	      1.02579	      1.01363	      1.03553	      1.00578	      1.00844	      1.00453	      1.01839	      1.01256	      1.01481	     0.974207	     0.982328	
  1.62835e+08	      1.01179	      1.02421	      1.01625	      1.02433	      1.00909	      1.01263	      1.01608	      1.00558	      1.01014	      1.01135	     0.977643	     0.986873	
  1.62915e+08	      1.01060	      1.02083	      1.01870	      1.02315	      1.00848	      1.01134	      1.00245	      1.01647	      1.01237	      1.00883	     0.982372	     0.986073	
  1.62995e+08	      1.01087	      1.01125	      1.01879	      1.02389	      1.00772	      1.01237	      1.00992	     0.994564	      1.00417	      1.00820	     0.977158	     0.988043	
  1.63075e+08	     0.998394	      1.01219	      1.00288	      1.01018	     0.987744	     0.998977	      1.00029	     0.988790	     0.991707	     0.996908	     0.958380	     0.970888	
  1.63155e+08	      1.59137	      1.56182	      1.61067	      1.60716	      1.57837	      1.56112	      1.61378	      1.62044	      1.58228	      1.59650	      1.55364	      1.53235	
  1.63235e+08	      1.59100	      1.55920	      1.60828	      1.60555	      1.57311	      1.55461	      1.61091	      1.62120	      1.57924	      1.58686	      1.54585	      1.52600	
  1.63315e+08	     0.984591	      1.00230	      1.00669	      1.00699	     0.986488	     0.993153	     0.995941	      1.00534	     0.987838	     0.999089	     0.957341	     0.968138	
  1.63395e+08	      1.00801	      1.02609	      1.01835	      1.02484	      1.00735	      1.01701	      1.01325	      1.01313	      1.00630	      1.01347	     0.971548	     0.977531	
  1.63475e+08	      1.01129	      1.01930	      1.02227	      1.02179	      1.00516	      1.01546	      1.01011	      1.00681	      1.00209	      1.01040	     0.963714	     0.985917	
  1.63555e+08	      1.01304	      1.02244	      1.01327	      1.01529	     0.999267	      1.01028	      1.01548	      1.00699	     0.997057	      1.00621	     0.980105	     0.981398	
  1.63635e+08	      1.01358	      1.02418	      1.02603	      1.02286	      1.00033	      1.01177	     0.997853	      1.01423	      1.00232	      1.00963	     0.963438	     0.970198	
  1.63715e+08	      1.01505	      1.02263	      1.01938	      1.01516	     0.997774	      1.00119	      1.02008	      1.02906	      1.00162	      1.01327	     0.965054	     0.976763	
  1.63795e+08	      1.01165	      1.02241	      1.02419	      1.01832	      1.00123	      1.00333	      1.02742	      1.00479	     0.999218	     0.999795	     0.959941	     0.970904	
  1.63875e+08	      1.00781	      1.02153	      1.01162	      1.00606	     0.998820	     0.992452	      1.02971	      1.02648	     0.998675	     0.988757	     0.959245	     0.968855	
  1.63955e+08	      1.00652	      1.02385	      1.02030	      1.01561	     0.995377	     0.996296	      1.01205	      1.01135	      1.00332	     0.992535	     0.956720	     0.968379	
  1.64035e+08	      1.00918	      1.02561	      1.01685	      1.01758	     0.991511	     0.996564	      1.01629	      1.01940	      1.00170	      1.01283	     0.960845	     0.971420	
  1.64115e+08	      1.00468	      1.02377	      1.01181	      1.01060	     0.993389	     0.988962	      1.01338	      1.01733	     0.999805	      1.00511	     0.957216	     0.965953	
  1.64195e+08	      1.00488	      1.02117	      1.01405	      1.00874	     0.993749	     0.996249	      1.00205	      1.02080	      1.00300	      1.01118	     0.961612	     0.968681	
  1.64275e+08	      1.01210	      1.01584	      1.01220	      1.02602	     0.995657	      1.00230	      1.01758	      1.01262	     0.992862	      1.00741	     0.961062	     0.956516	
  1.64355e+08	     0.997876	      1.00261	     0.993570	      1.00178	     0.974737	     0.981750	      1.00259	     0.999773	     0.981215	     0.993014	     0.948904	     0.956733	
  1.64435e+08	      1.58655	      1.55336	      1.59570	      1.59870	      1.56184	      1.54047	      1.62704	      1.61269	      1.56014	      1.57536	      1.53718	      1.55343	
  1.64515e+08	      1.58203	      1.54597	      1.58840	      1.58691	      1.54868	      1.52775	      1.61620	      1.60666	      1.55407	      1.56145	      1.51463	      1.54400	
  1.64595e+08	     0.988338	      1.00133	     0.991922	      1.01157	     0.970507	     0.983769	     0.986682	     0.982850	     0.968762	     0.986802	     0.943728	     0.959066	
  1.64675e+08	      1.00577	      1.01566	      1.01614	      1.02918	     0.983980	     0.990622	      1.01150	      1.00508	     0.991664	      1.00327	     0.965691	     0.978608	
  1.64755e+08	      1.01291	      1.01637	      1.00607	      1.01614	     0.988299	     0.987424	     0.999020	     0.993883	     0.993645	     0.998837	     0.959039	     0.971732	
  1.64835e+08	     0.999975	      1.01304	      1.01616	      1.01601	     0.983622	     0.996273	     0.996685	      1.00391	     0.986295	      1.00111	     0.953174	     0.968066	
  1.64915e+08	      1.00319	      1.01316	      1.00785	      1.02530	     0.981758	     0.998724	      1.00189	      1.00524	     0.989354	     0.984079	     0.957254	     0.962946	
  1.64995e+08	      1.00694	      1.01359	      1.01424	      1.02574	     0.979923	     0.994961	     0.993050	      1.00319	     0.990382	     0.998459	     0.961613	     0.966268	
  1.65075e+08	      1.00636	      1.01199	      1.00569	      1.02519	     0.976529	     0.987686	     0.999327	     0.995470	     0.987678	     0.999087	     0.956961	     0.967999	
  1.65155e+08	      1.00746	      1.01344	     0.997755	      1.01953	     0.969460	     0.983702	     0.990595	     0.995941	     0.980104	     0.984442	     0.951534	     0.957135	
  1.65235e+08	      1.00584	      1.01694	      1.00287	      1.01630	     0.972055	     0.978604	     0.993644	     0.990863	     0.977266	     0.984619	     0.950351	     0.963390	
  1.65315e+08	      1.00920	      1.01753	     0.991780	      1.01019	     0.974728	     0.971015	     0.989095	     0.997773	     0.976210	     0.984763	     0.944581	     0.961199	
  1.65395e+08	      1.00540	      1.01118	      1.00482	      1.01832	     0.968424	     0.982763	     0.986286	      1.00137	     0.979505	     0.979792	     0.942144	     0.951690	
  1.65475e+08	     0.997220	      1.01709	      1.00157	      1.01950	     0.963776	     0.984554	     0.989934	      1.00316	     0.977922	     0.980452	     0.944000	     0.955707	
  1.65555e+08	      1.00478	      1.01091	      1.00511	      1.01998	     0.972288	     0.973866	     0.983112	     0.998281	     0.981566	     0.978133	     0.945046	     0.951781	
  1.65635e+08	     0.983760	     0.996002	     0.989142	      1.00252	     0.946653	     0.960887	     0.977455	     0.998477	     0.967570	     0.977002	     0.934394	     0.934470	
  1.65715e+08	      1.57604	      1.53961	      1.57967	      1.57533	      1.53743	      1.51915	      1.59497	      1.59052	      1.54296	      1.54969	      1.50337	      1.52985	
  1.65795e+08	      1.57493	      1.53408	      1.57294	      1.56919	      1.52602	      1.50931	      1.57902	      1.57616	      1.53347	      1.54000	      1.49265	      1.51900	
  1.65875e+08	     0.986752	     0.993480	     0.986749	      1.00329	     0.952783	     0.969465	     0.978996	     0.987071	     0.962391	     0.966482	     0.928502	     0.933676	
  1.65955e+08	      1.00688	     0.998784	     0.996797	      1.01822	     0.966599	     0.969243	     0.996159	      1.00514	     0.980022	     0.980952	     0.945259	     0.954618	
  1.66035e+08	      1.00603	      1.01683	     0.995178	      1.01443	     0.972535	     0.971846	     0.996277	      1.01522	     0.974923	     0.982846	     0.946886	     0.955302	
  1.66115e+08	      1.00309	      1.01761	     0.995187	      1.01751	     0.966994	     0.974575	     0.994905	      1.02132	     0.975260	     0.989544	     0.949317	     0.951928	
  1.66195e+08	      1.00251	      1.01497	      1.00741	      1.01775	     0.970284	     0.971669	     0.981241	      1.00677	     0.981359	     0.989660	     0.935332	     0.950716	
  1.66275e+08	      1.00152	      1.01170	      1.00828	      1.01363	     0.961956	     0.972998	     0.992711	      1.01258	     0.979571	     0.992857	     0.930525	     0.946567	
  1.66355e+08	     0.996103	      1.01007	      1.00667	      1.01813	     0.965855	     0.978658	     0.986306	      1.01719	     0.977988	     0.990591	     0.935732	     0.927426	
  1.66435e+08	     0.988994	      1.01231	      1.00422	      1.01783	     0.959257	     0.967388	     0.975262	     0.989491	     0.968924	     0.987453	     0.926494	     0.945241	
  1.66515e+08	     0.996578	      1.01761	      1.00241	      1.01464	     0.958698	     0.972612	     0.992445	     0.998209	     0.975756	     0.982242	     0.929589	     0.938998	
  1.66595e+08	      1.00554	      1.01248	     0.996647	      1.01429	     0.962467	     0.974389	     0.978990	     0.978422	     0.971082	     0.983932	     0.926955	     0.944402	
  1.66675e+08	      1.00129	      1.01244	      1.00105	     0.997797	     0.959911	     0.966627	     0.988127	     0.995010	     0.977667	     0.981048	     0.931436	     0.934128	
  1.66755e+08	     0.997658	      1.00226	     0.999560	      1.01253	     0.958928	     0.957040	     0.988144	     0.993400	     0.966723	     0.976707	     0.923793	     0.939008	
  1.66835e+08	     0.996659	      1.00891	     0.998020	      1.01253	     0.955178	     0.979611	     0.987419	      1.00055	     0.968438	     0.982758	     0.915303	     0.934569	
  1.66915e+08	     0.980740	     0.982183	     0.987850	      1.00702	     0.948035	     0.953838	     0.959636	     0.972862	     0.954295	     0.967639	     0.910810	     0.926205	
  1.66995e+08	      1.56845	      1.52800	      1.56748	      1.56382	      1.51516	      1.49801	      1.57583	      1.56834	      1.52167	      1.52866	      1.48192	      1.50640	
  1.67075e+08	      1.56717	      1.52406	      1.56444	      1.56018	      1.50686	      1.49178	      1.58264	      1.55860	      1.51630	      1.51901	      1.47412	      1.49666	
  1.67155e+08	     0.980968	     0.996715	     0.986828	     0.997459	     0.932240	     0.961597	     0.965510	     0.979210	     0.953494	     0.963209	     0.902614	     0.920887	
  1.67235e+08	      1.00240	      1.01267	      1.00635	     0.990980	     0.956011	     0.979350	     0.986265	      1.00178	     0.972525	     0.969445	     0.923579	     0.923932	
  1.67315e+08	     0.996665	      1.01239	      1.00245	      1.02144	     0.956431	     0.960190	     0.965987	     0.999591	     0.965594	     0.976841	     0.924592	     0.937208	
  1.67395e+08	     0.997804	     0.987927	     0.990022	      1.01658	     0.955434	     0.972587	     0.981242	     0.996574	     0.967528	     0.973370	     0.931845	     0.925070	
  1.67475e+08	     0.994840	      1.01235	     0.997908	      1.01364	     0.952278	     0.974048	     0.980739	     0.999589	     0.960885	     0.969668	     0.927388	     0.935869	
  1.67555e+08	     0.996000	      1.01389	     0.994994	      1.01059	     0.952307	     0.970251	     0.965724	     0.989393	     0.957320	     0.976207	     0.922035	     0.937572	
  1.67635e+08	     0.994674	      1.00952	     0.993057	      1.00810	     0.953106	     0.967930	     0.968085	     0.972872	     0.957100	     0.954736	     0.929375	     0.929695	
  1.67715e+08	     0.995992	      1.00070	     0.993894	      1.00497	     0.948494	     0.978647	     0.958493	     0.981637	     0.960499	     0.966418	     0.919994	     0.931047	
  1.67795e+08	     0.996505	      1.00908	     0.997742	     0.994917	     0.950567	     0.976243	     0.963264	     0.979640	     0.961335	     0.956490	     0.920041	     0.931864	
  1.67875e+08	     0.994910	     0.994470	     0.997896	     0.993376	     0.950497	     0.956638	     0.965515	     0.978559	     0.963387	     0.956506	     0.918287	     0.914530	
  1.67955e+08	     0.993981	     0.981734	     0.997810	     0.992440	     0.946002	     0.960405	     0.971316	     0.983281	     0.961190	     0.953500	     0.915127	     0.934674	
  1.68035e+08	     0.986934	      1.01493	     0.992629	     0.986610	     0.949632	     0.964134	     0.976945	     0.992343	     0.951532	     0.972508	     0.916890	     0.928779	
  1.68115e+08	     0.979830	      1.01155	     0.987355	     0.980428	     0.947909	     0.972300	     0.967468	     0.987392	     0.953405	     0.965789	     0.920772	     0.929744	
  1.68195e+08	     0.977879	     0.994298	     0.974030	     0.980001	     0.943446	     0.960956	     0.949220	     0.974329	     0.943049	     0.945630	     0.909666	     0.916118	
  1.68275e+08	      1.56225	      1.51832	      1.55436	      1.55237	      1.49772	      1.48410	      1.57646	      1.54154	      1.50418	      1.50934	      1.46771	      1.48302	
  1.68355e+08	      1.56050	      1.53255	      1.55143	      1.54825	      1.49234	      1.47692	      1.55807	      1.54092	      1.49776	      1.50334	      1.46253	      1.47430	
  1.68435e+08	     0.979876	     0.985600	     0.968037	     0.979145	     0.930836	     0.959799	     0.952021	     0.956300	     0.940798	     0.958847	     0.893630	     0.903029	
  1.68515e+08	     0.997705	     0.986715	     0.991781	      1.00683	     0.941464	     0.972336	     0.968617	     0.973451	     0.961046	     0.973387	     0.909745	     0.926814	
  1.68595e+08	     0.993842	      1.00796	     0.990382	      1.00064	     0.947344	     0.974538	     0.962418	     0.969600	     0.952990	     0.974805	     0.915463	     0.924279	
  1.68675e+08	     0.995838	      1.01005	     0.992957	     0.999140	     0.949787	     0.973708	     0.972846	     0.965488	     0.955049	     0.972309	     0.917566	     0.914454	
  1.68755e+08	     0.998027	     0.987427	     0.995004	      1.00979	     0.946945	     0.966901	     0.967784	     0.964863	     0.957239	     0.965739	     0.909246	     0.930735	
  1.68835e+08	     0.997287	      1.00253	     0.995558	      1.00518	     0.947821	     0.968186	     0.978201	     0.971295	     0.950926	     0.972588	     0.908384	     0.929111	
  1.68915e+08	     0.997297	      1.00649	     0.988659	     0.991531	     0.950429	     0.973718	     0.960138	     0.965055	     0.952105	     0.970154	     0.911839	     0.926451	
  1.68995e+08	     0.991215	      1.00701	     0.993054	      1.00990	     0.946904	     0.971555	     0.969137	     0.984642	     0.950500	     0.962755	     0.903005	     0.924879	
  1.69075e+08	     0.984655	     0.981693	     0.985632	      1.00209	     0.950303	     0.966166	     0.949365	     0.961926	     0.951674	     0.957603	     0.910341	     0.920752	
  1.69155e+08	     0.992374	      1.01069	     0.987674	     0.997300	     0.947884	     0.970439	     0.960578	     0.959321	     0.948985	     0.953323	     0.914693	     0.928582	
  1.69235e+08	     0.996591	      1.00936	     0.985307	      1.01404	     0.944434	     0.962045	     0.954204	     0.971531	     0.946360	     0.961773	     0.909816	     0.924792	
  1.69315e+08	      1.00028	     0.989309	     0.987341	     0.996234	     0.948126	     0.967239	     0.951082	     0.967139	     0.952659	     0.966176	     0.905159	     0.909067	
  1.69395e+08	     0.993816	     0.979944	     0.992162	     0.992167	     0.946158	     0.966102	     0.952121	     0.965674	     0.954279	     0.965606	     0.900465	     0.927934	
  1.69475e+08	     0.982043	     0.964328	     0.982253	     0.987082	     0.933646	     0.927032	     0.943209	     0.954564	     0.939126	     0.951874	     0.890720	     0.903556	
  1.69555e+08	      1.55589	      1.51740	      1.55317	      1.55133	      1.48513	      1.47323	      1.56134	      1.53767	      1.48982	      1.49838	      1.45497	      1.46618	
