1.389950e+08 0.992833 0.993107 0.954384 0.952755 0.989028 0.984971 0.974934 0.967766 0.990020 0.988267 1.020441 1.020076
1.390750e+08 0.992778 0.992971 0.954354 0.952736 0.988843 0.984993 0.974750 0.967749 0.989921 0.988281 1.020101 1.019727
1.391550e+08 0.992712 0.992825 0.954322 0.952715 0.988654 0.985007 0.974565 0.967726 0.989818 0.988288 1.019759 1.019376
1.392350e+08 0.992635 0.992669 0.954289 0.952695 0.988461 0.985014 0.974382 0.967699 0.989713 0.988288 1.019418 1.019024
1.393150e+08 0.992547 0.992504 0.954255 0.952675 0.988266 0.985015 0.974200 0.967668 0.989605 0.988282 1.019076 1.018672
1.393950e+08 0.992449 0.992330 0.954220 0.952656 0.988068 0.985009 0.974020 0.967634 0.989495 0.988269 1.018736 1.018320
1.394750e+08 0.992342 0.992148 0.954186 0.952639 0.987870 0.984998 0.973842 0.967597 0.989383 0.988251 1.018397 1.017969
1.395550e+08 0.992225 0.991958 0.954152 0.952623 0.987670 0.984981 0.973667 0.967557 0.989271 0.988228 1.018060 1.017619
1.396350e+08 0.992099 0.991760 0.954119 0.952609 0.987471 0.984960 0.973496 0.967515 0.989158 0.988200 1.017726 1.017271
1.397150e+08 0.991966 0.991555 0.954088 0.952598 0.987272 0.984934 0.973329 0.967472 0.989045 0.988169 1.017394 1.016924
1.397950e+08 0.991825 0.991344 0.954059 0.952591 0.987074 0.984905 0.973167 0.967428 0.988933 0.988134 1.017067 1.016581
1.398750e+08 0.991677 0.991128 0.954032 0.952587 0.986878 0.984873 0.973010 0.967384 0.988823 0.988097 1.016743 1.016241
1.399550e+08 0.991522 0.990906 0.954009 0.952587 0.986685 0.984838 0.972859 0.967340 0.988715 0.988057 1.016425 1.015905
1.400350e+08 0.991362 0.990680 0.953990 0.952593 0.986496 0.984801 0.972714 0.967298 0.988609 0.988016 1.016111 1.015573
1.401150e+08 0.991197 0.990449 0.953974 0.952603 0.986310 0.984764 0.972577 0.967256 0.988506 0.987974 1.015804 1.015246
1.401950e+08 0.991026 0.990215 0.953964 0.952619 0.986129 0.984725 0.972447 0.967217 0.988407 0.987931 1.015503 1.014924
1.402750e+08 0.990852 0.989979 0.953960 0.952642 0.985954 0.984686 0.972325 0.967181 0.988313 0.987889 1.015209 1.014609
1.403550e+08 0.990674 0.989740 0.953961 0.952671 0.985784 0.984647 0.972213 0.967147 0.988223 0.987847 1.014923 1.014300
1.404350e+08 0.990494 0.989500 0.953969 0.952707 0.985622 0.984610 0.972109 0.967118 0.988139 0.987807 1.014645 1.013998
1.405150e+08 0.990311 0.989259 0.953983 0.952751 0.985467 0.984574 0.972016 0.967093 0.988061 0.987769 1.014376 1.013703
1.405950e+08 0.990127 0.989017 0.954006 0.952803 0.985320 0.984540 0.971933 0.967073 0.987990 0.987734 1.014116 1.013417
1.406750e+08 0.989942 0.988776 0.954037 0.952864 0.985181 0.984510 0.971861 0.967059 0.987926 0.987702 1.013865 1.013140
1.407550e+08 0.989757 0.988536 0.954076 0.952934 0.985052 0.984482 0.971801 0.967051 0.987869 0.987673 1.013625 1.012871
1.408350e+08 0.989572 0.988298 0.954124 0.953014 0.984933 0.984459 0.971753 0.967050 0.987821 0.987649 1.013395 1.012612
1.409150e+08 0.989388 0.988062 0.954182 0.953104 0.984825 0.984440 0.971717 0.967057 0.987782 0.987630 1.013177 1.012364
1.409950e+08 0.989205 0.987829 0.954251 0.953204 0.984728 0.984427 0.971694 0.967072 0.987752 0.987617 1.012970 1.012126
1.410750e+08 0.989025 0.987600 0.954330 0.953316 0.984642 0.984419 0.971685 0.967095 0.987731 0.987609 1.012776 1.011899
1.411550e+08 0.988847 0.987374 0.954420 0.953439 0.984569 0.984417 0.971690 0.967127 0.987721 0.987609 1.012593 1.011683
1.412350e+08 0.988674 0.987154 0.954522 0.953574 0.984509 0.984423 0.971710 0.967169 0.987722 0.987615 1.012424 1.011480
1.413150e+08 0.988504 0.986940 0.954636 0.953721 0.984463 0.984436 0.971744 0.967221 0.987735 0.987629 1.012268 1.011289
1.413950e+08 0.988339 0.986731 0.954763 0.953880 0.984430 0.984457 0.971794 0.967285 0.987759 0.987652 1.012126 1.011111
1.414750e+08 0.988179 0.986529 0.954903 0.954053 0.984412 0.984487 0.971859 0.967359 0.987795 0.987683 1.011998 1.010946
1.415550e+08 0.988025 0.986335 0.955056 0.954240 0.984409 0.984525 0.971940 0.967445 0.987844 0.987724 1.011884 1.010794
1.416350e+08 0.987877 0.986149 0.955223 0.954440 0.984421 0.984574 0.972038 0.967544 0.987905 0.987775 1.011785 1.010657
1.417150e+08 0.987737 0.985971 0.955404 0.954654 0.984450 0.984632 0.972153 0.967655 0.987980 0.987836 1.011702 1.010534
1.417950e+08 0.987604 0.985802 0.955600 0.954883 0.984495 0.984701 0.972285 0.967780 0.988069 0.987907 1.011633 1.010426
1.418750e+08 0.987479 0.985643 0.955810 0.955127 0.984556 0.984782 0.972435 0.967919 0.988172 0.987990 1.011580 1.010332
1.419550e+08 0.987363 0.985495 0.956037 0.955386 0.984634 0.984873 0.972602 0.968071 0.988290 0.988084 1.011544 1.010255
1.420350e+08 0.987256 0.985357 0.956278 0.955660 0.984730 0.984977 0.972787 0.968239 0.988422 0.988191 1.011523 1.010192
1.421150e+08 0.987158 0.985230 0.956536 0.955950 0.984844 0.985093 0.972990 0.968421 0.988569 0.988310 1.011519 1.010146
1.421950e+08 0.987071 0.985116 0.956810 0.956255 0.984976 0.985222 0.973212 0.968618 0.988731 0.988441 1.011531 1.010115
1.422750e+08 0.986994 0.985013 0.957100 0.956577 0.985126 0.985364 0.973453 0.968831 0.988909 0.988586 1.011560 1.010101
1.423550e+08 0.986929 0.984923 0.957407 0.956915 0.985295 0.985520 0.973712 0.969061 0.989103 0.988744 1.011605 1.010104
1.424350e+08 0.986874 0.984847 0.957730 0.957270 0.985483 0.985689 0.973990 0.969306 0.989313 0.988916 1.011668 1.010123
1.425150e+08 0.986832 0.984784 0.958071 0.957641 0.985689 0.985873 0.974288 0.969568 0.989538 0.989102 1.011748 1.010159
1.425950e+08 0.986802 0.984735 0.958429 0.958029 0.985915 0.986071 0.974604 0.969848 0.989780 0.989302 1.011845 1.010211
1.426750e+08 0.986784 0.984700 0.958805 0.958434 0.986160 0.986284 0.974940 0.970144 0.990039 0.989517 1.011959 1.010281
1.427550e+08 0.986779 0.984681 0.959198 0.958856 0.986425 0.986512 0.975295 0.970457 0.990313 0.989747 1.012090 1.010368
1.428350e+08 0.986788 0.984676 0.959609 0.959295 0.986709 0.986756 0.975669 0.970789 0.990605 0.989991 1.012238 1.010472
1.429150e+08 0.986810 0.984687 0.960037 0.959751 0.987013 0.987014 0.976062 0.971137 0.990913 0.990251 1.012403 1.010594
1.429950e+08 0.986845 0.984713 0.960483 0.960225 0.987336 0.987289 0.976475 0.971504 0.991237 0.990526 1.012586 1.010733
1.430750e+08 0.986895 0.984755 0.960947 0.960715 0.987679 0.987579 0.976907 0.971889 0.991578 0.990816 1.012785 1.010888
1.431550e+08 0.986959 0.984814 0.961429 0.961223 0.988041 0.987885 0.977358 0.972291 0.991936 0.991122 1.013002 1.011062
1.432350e+08 0.987038 0.984889 0.961928 0.961747 0.988423 0.988207 0.977828 0.972712 0.992310 0.991443 1.013235 1.011252
1.433150e+08 0.987131 0.984980 0.962445 0.962289 0.988824 0.988546 0.978316 0.973151 0.992701 0.991780 1.013484 1.011459
1.433950e+08 0.987238 0.985088 0.962980 0.962847 0.989245 0.988900 0.978823 0.973608 0.993108 0.992132 1.013750 1.011683
1.434750e+08 0.987361 0.985213 0.963532 0.963422 0.989684 0.989271 0.979349 0.974083 0.993531 0.992500 1.014032 1.011924
1.435550e+08 0.987499 0.985355 0.964102 0.964014 0.990143 0.989657 0.979893 0.974577 0.993971 0.992883 1.014331 1.012181
1.436350e+08 0.987651 0.985514 0.964689 0.964622 0.990620 0.990060 0.980455 0.975088 0.994426 0.993282 1.014644 1.012455
1.437150e+08 0.987819 0.985689 0.965293 0.965247 0.991115 0.990479 0.981035 0.975617 0.994897 0.993696 1.014974 1.012745
1.437950e+08 0.988001 0.985882 0.965914 0.965888 0.991629 0.990914 0.981632 0.976164 0.995383 0.994125 1.015318 1.013051
1.438750e+08 0.988199 0.986092 0.966552 0.966544 0.992160 0.991365 0.982246 0.976729 0.995884 0.994569 1.015677 1.013373
1.439550e+08 0.988412 0.986319 0.967206 0.967216 0.992709 0.991831 0.982876 0.977311 0.996401 0.995029 1.016051 1.013710
1.440350e+08 0.988639 0.986563 0.967876 0.967904 0.993275 0.992313 0.983523 0.977911 0.996932 0.995503 1.016439 1.014062
1.441150e+08 0.988882 0.986823 0.968562 0.968606 0.993858 0.992811 0.984186 0.978527 0.997477 0.995991 1.016840 1.014429
1.441950e+08 0.989139 0.987100 0.969264 0.969323 0.994457 0.993323 0.984865 0.979160 0.998036 0.996494 1.017255 1.014811
1.442750e+08 0.989411 0.987394 0.969980 0.970054 0.995072 0.993851 0.985559 0.979809 0.998608 0.997010 1.017682 1.015206
1.443550e+08 0.989697 0.987704 0.970712 0.970799 0.995702 0.994393 0.986267 0.980475 0.999194 0.997541 1.018122 1.015616
1.444350e+08 0.989997 0.988030 0.971458 0.971558 0.996347 0.994949 0.986989 0.981156 0.999792 0.998084 1.018574 1.016038
1.445150e+08 0.990311 0.988372 0.972218 0.972330 0.997007 0.995519 0.987725 0.981853 1.000402 0.998641 1.019037 1.016473
1.445950e+08 0.990639 0.988730 0.972992 0.973114 0.997681 0.996103 0.988474 0.982565 1.001025 0.999210 1.019511 1.016921
1.446750e+08 0.990980 0.989103 0.973778 0.973911 0.998368 0.996700 0.989235 0.983291 1.001658 0.999791 1.019995 1.017380
1.447550e+08 0.991335 0.989491 0.974578 0.974720 0.999067 0.997310 0.990009 0.984032 1.002303 1.000384 1.020489 1.017851
1.448350e+08 0.991702 0.989893 0.975389 0.975539 0.999779 0.997933 0.990794 0.984786 1.002957 1.000989 1.020993 1.018332
1.449150e+08 0.992082 0.990310 0.976212 0.976370 1.000502 0.998567 0.991589 0.985554 1.003622 1.001604 1.021505 1.018824
1.449950e+08 0.992473 0.990741 0.977047 0.977211 1.001236 0.999213 0.992395 0.986334 1.004295 1.002230 1.022025 1.019326
1.450750e+08 0.992877 0.991185 0.977892 0.978061 1.001980 0.999870 0.993210 0.987126 1.004977 1.002865 1.022552 1.019837
1.451550e+08 0.993291 0.991642 0.978746 0.978921 1.002734 1.000538 0.994034 0.987930 1.005667 1.003510 1.023087 1.020356
1.452350e+08 0.993717 0.992112 0.979611 0.979789 1.003496 1.001215 0.994866 0.988744 1.006365 1.004164 1.023627 1.020883
1.453150e+08 0.994153 0.992594 0.980484 0.980665 1.004266 1.001902 0.995705 0.989569 1.007069 1.004826 1.024173 1.021418
1.453950e+08 0.994598 0.993087 0.981365 0.981548 1.005044 1.002598 0.996551 0.990404 1.007779 1.005496 1.024724 1.021959
1.454750e+08 0.995053 0.993592 0.982253 0.982438 1.005828 1.003302 0.997404 0.991248 1.008495 1.006173 1.025279 1.022507
1.455550e+08 0.995517 0.994106 0.983149 0.983334 1.006618 1.004014 0.998261 0.992101 1.009216 1.006857 1.025837 1.023060
1.456350e+08 0.995990 0.994631 0.984051 0.984236 1.007413 1.004733 0.999123 0.992962 1.009940 1.007546 1.026398 1.023618
1.457150e+08 0.996470 0.995165 0.984958 0.985142 1.008212 1.005458 0.999989 0.993829 1.010668 1.008241 1.026962 1.024180
1.457950e+08 0.996957 0.995708 0.985871 0.986053 1.009014 1.006189 1.000858 0.994703 1.011399 1.008940 1.027527 1.024745
1.458750e+08 0.997452 0.996259 0.986787 0.986967 1.009819 1.006925 1.001729 0.995583 1.012132 1.009643 1.028092 1.025313
1.459550e+08 0.997952 0.996817 0.987707 0.987884 1.010626 1.007666 1.002602 0.996468 1.012867 1.010349 1.028658 1.025883
1.460350e+08 0.998457 0.997382 0.988630 0.988803 1.011434 1.008410 1.003476 0.997357 1.013601 1.011058 1.029222 1.026454
1.461150e+08 0.998968 0.997953 0.989555 0.989723 1.012242 1.009158 1.004349 0.998250 1.014336 1.011769 1.029785 1.027026
1.461950e+08 0.999483 0.998530 0.990481 0.990644 1.013049 1.009907 1.005222 0.999146 1.015070 1.012481 1.030347 1.027598
1.462750e+08 1.000001 0.999112 0.991408 0.991565 1.013855 1.010658 1.006093 1.000043 1.015803 1.013194 1.030905 1.028169
1.463550e+08 1.000523 0.999697 0.992335 0.992485 1.014658 1.011411 1.006962 1.000942 1.016533 1.013906 1.031459 1.028739
1.464350e+08 1.001047 1.000286 0.993261 0.993404 1.015459 1.012163 1.007828 1.001842 1.017260 1.014618 1.032009 1.029306
1.465150e+08 1.001572 1.000878 0.994186 0.994321 1.016255 1.012915 1.008690 1.002741 1.017984 1.015328 1.032555 1.029871
1.465950e+08 1.002099 1.001471 0.995108 0.995235 1.017046 1.013665 1.009547 1.003639 1.018703 1.016035 1.033094 1.030432
1.466750e+08 1.002626 1.002066 0.996027 0.996146 1.017832 1.014414 1.010399 1.004535 1.019417 1.016740 1.033627 1.030988
1.467550e+08 1.003152 1.002662 0.996942 0.997052 1.018611 1.015159 1.011244 1.005429 1.020125 1.017441 1.034153 1.031539
1.468350e+08 1.003678 1.003257 0.997853 0.997954 1.019383 1.015901 1.012083 1.006319 1.020826 1.018137 1.034670 1.032084
1.469150e+08 1.004202 1.003851 0.998759 0.998849 1.020147 1.016639 1.012914 1.007205 1.021521 1.018828 1.035180 1.032623
1.469950e+08 1.004724 1.004444 0.999659 0.999739 1.020901 1.017372 1.013736 1.008087 1.022207 1.019513 1.035680 1.033155
1.470750e+08 1.005243 1.005034 1.000552 1.000621 1.021646 1.018099 1.014549 1.008962 1.022884 1.020192 1.036170 1.033678
1.471550e+08 1.005758 1.005621 1.001437 1.001496 1.022381 1.018819 1.015352 1.009831 1.023552 1.020863 1.036649 1.034193
1.472350e+08 1.006269 1.006204 1.002315 1.002362 1.023104 1.019533 1.016145 1.010692 1.024210 1.021526 1.037118 1.034699
1.473150e+08 1.006775 1.006782 1.003184 1.003220 1.023815 1.020238 1.016926 1.011546 1.024857 1.022181 1.037574 1.035194
1.473950e+08 1.007276 1.007356 1.004043 1.004067 1.024513 1.020935 1.017695 1.012391 1.025493 1.022826 1.038018 1.035679
1.474750e+08 1.007770 1.007923 1.004892 1.004904 1.025198 1.021622 1.018451 1.013226 1.026116 1.023461 1.038449 1.036153
1.475550e+08 1.008258 1.008484 1.005731 1.005731 1.025869 1.022299 1.019194 1.014051 1.026727 1.024085 1.038866 1.036615
1.476350e+08 1.008738 1.009037 1.006558 1.006546 1.026525 1.022966 1.019922 1.014865 1.027325 1.024698 1.039269 1.037064
1.477150e+08 1.009210 1.009582 1.007373 1.007348 1.027165 1.023621 1.020636 1.015667 1.027909 1.025299 1.039657 1.037500
1.477950e+08 1.009673 1.010119 1.008175 1.008138 1.027788 1.024264 1.021335 1.016457 1.028478 1.025887 1.040030 1.037923
1.478750e+08 1.010127 1.010646 1.008964 1.008914 1.028395 1.024894 1.022017 1.017233 1.029032 1.026462 1.040386 1.038331
1.479550e+08 1.010572 1.011163 1.009739 1.009677 1.028985 1.025511 1.022683 1.017996 1.029570 1.027023 1.040727 1.038724
1.480350e+08 1.011006 1.011669 1.010499 1.010425 1.029556 1.026114 1.023332 1.018744 1.030093 1.027570 1.041050 1.039102
1.481150e+08 1.011429 1.012164 1.011244 1.011158 1.030108 1.026702 1.023964 1.019478 1.030598 1.028101 1.041356 1.039464
1.481950e+08 1.011840 1.012648 1.011974 1.011875 1.030642 1.027275 1.024577 1.020195 1.031087 1.028618 1.041644 1.039809
1.482750e+08 1.012240 1.013119 1.012687 1.012577 1.031155 1.027832 1.025171 1.020897 1.031557 1.029118 1.041914 1.040137
1.483550e+08 1.012627 1.013576 1.013384 1.013262 1.031648 1.028373 1.025747 1.021581 1.032010 1.029602 1.042166 1.040448
1.484350e+08 1.013001 1.014021 1.014064 1.013930 1.032121 1.028898 1.026303 1.022248 1.032444 1.030068 1.042398 1.040741
1.485150e+08 1.013362 1.014451 1.014726 1.014580 1.032572 1.029405 1.026838 1.022897 1.032859 1.030517 1.042611 1.041016
1.485950e+08 1.013709 1.014867 1.015370 1.015213 1.033001 1.029894 1.027354 1.023527 1.033255 1.030949 1.042804 1.041272
1.486750e+08 1.014042 1.015267 1.015995 1.015828 1.033409 1.030365 1.027849 1.024139 1.033631 1.031362 1.042977 1.041509
1.487550e+08 1.014360 1.015652 1.016602 1.016424 1.033794 1.030817 1.028322 1.024731 1.033987 1.031756 1.043129 1.041727
1.488350e+08 1.014664 1.016022 1.017189 1.017002 1.034157 1.031250 1.028774 1.025303 1.034323 1.032131 1.043261 1.041925
1.489150e+08 1.014952 1.016375 1.017757 1.017560 1.034496 1.031663 1.029204 1.025855 1.034638 1.032486 1.043373 1.042103
1.489950e+08 1.015224 1.016711 1.018305 1.018099 1.034812 1.032057 1.029613 1.026386 1.034932 1.032822 1.043463 1.042260
1.490750e+08 1.015480 1.017030 1.018833 1.018617 1.035105 1.032430 1.029999 1.026896 1.035204 1.033138 1.043532 1.042397
1.491550e+08 1.015720 1.017332 1.019340 1.019116 1.035373 1.032783 1.030362 1.027384 1.035456 1.033433 1.043579 1.042513
1.492350e+08 1.015944 1.017616 1.019827 1.019595 1.035618 1.033116 1.030703 1.027851 1.035686 1.033708 1.043605 1.042608
1.493150e+08 1.016151 1.017882 1.020293 1.020053 1.035839 1.033427 1.031021 1.028296 1.035894 1.033962 1.043609 1.042682
1.493950e+08 1.016341 1.018130 1.020737 1.020491 1.036036 1.033716 1.031317 1.028718 1.036081 1.034195 1.043592 1.042734
1.494750e+08 1.016514 1.018359 1.021160 1.020908 1.036208 1.033985 1.031589 1.029118 1.036245 1.034407 1.043553 1.042765
1.495550e+08 1.016669 1.018570 1.021562 1.021305 1.036356 1.034231 1.031838 1.029495 1.036387 1.034598 1.043491 1.042774
1.496350e+08 1.016808 1.018762 1.021942 1.021680 1.036479 1.034456 1.032063 1.029850 1.036508 1.034767 1.043409 1.042761
1.497150e+08 1.016929 1.018935 1.022301 1.022034 1.036578 1.034659 1.032266 1.030181 1.036606 1.034915 1.043304 1.042727
1.497950e+08 1.017032 1.019089 1.022638 1.022367 1.036653 1.034840 1.032445 1.030489 1.036682 1.035041 1.043178 1.042671
1.498750e+08 1.017118 1.019224 1.022953 1.022680 1.036703 1.034999 1.032602 1.030774 1.036736 1.035146 1.043029 1.042593
1.499550e+08 1.017186 1.019340 1.023247 1.022971 1.036729 1.035135 1.032735 1.031036 1.036768 1.035229 1.042860 1.042493
1.500350e+08 1.017237 1.019436 1.023519 1.023241 1.036731 1.035250 1.032845 1.031275 1.036779 1.035291 1.042669 1.042372
1.501150e+08 1.017271 1.019514 1.023769 1.023491 1.036709 1.035342 1.032933 1.031490 1.036767 1.035331 1.042456 1.042229
1.501950e+08 1.017287 1.019572 1.023997 1.023719 1.036664 1.035413 1.032997 1.031682 1.036734 1.035350 1.042223 1.042064
1.502750e+08 1.017286 1.019611 1.024204 1.023927 1.036595 1.035461 1.033040 1.031851 1.036679 1.035347 1.041969 1.041879
1.503550e+08 1.017267 1.019631 1.024390 1.024115 1.036503 1.035488 1.033060 1.031996 1.036603 1.035324 1.041694 1.041672
1.504350e+08 1.017232 1.019633 1.024555 1.024282 1.036387 1.035493 1.033058 1.032119 1.036506 1.035279 1.041398 1.041443
1.505150e+08 1.017179 1.019616 1.024699 1.024429 1.036250 1.035476 1.033034 1.032219 1.036389 1.035214 1.041083 1.041195
1.505950e+08 1.017110 1.019580 1.024822 1.024556 1.036090 1.035438 1.032989 1.032297 1.036250 1.035128 1.040747 1.040925
1.506750e+08 1.017025 1.019526 1.024924 1.024663 1.035908 1.035380 1.032923 1.032352 1.036092 1.035022 1.040393 1.040635
1.507550e+08 1.016924 1.019455 1.025006 1.024751 1.035704 1.035300 1.032835 1.032385 1.035913 1.034896 1.040019 1.040325
1.508350e+08 1.016806 1.019365 1.025069 1.024819 1.035480 1.035199 1.032728 1.032396 1.035715 1.034750 1.039626 1.039996
1.509150e+08 1.016673 1.019258 1.025111 1.024869 1.035234 1.035079 1.032600 1.032385 1.035498 1.034585 1.039215 1.039647
1.509950e+08 1.016525 1.019134 1.025135 1.024901 1.034969 1.034938 1.032453 1.032353 1.035262 1.034401 1.038786 1.039279
1.510750e+08 1.016362 1.018993 1.025139 1.024914 1.034684 1.034778 1.032287 1.032301 1.035007 1.034198 1.038339 1.038892
1.511550e+08 1.016185 1.018836 1.025125 1.024910 1.034380 1.034599 1.032102 1.032228 1.034735 1.033977 1.037876 1.038487
1.512350e+08 1.015993 1.018662 1.025093 1.024889 1.034057 1.034401 1.031899 1.032135 1.034445 1.033739 1.037395 1.038064
1.513150e+08 1.015788 1.018474 1.025043 1.024850 1.033716 1.034185 1.031678 1.032022 1.034138 1.033482 1.036899 1.037623
1.513950e+08 1.015569 1.018270 1.024976 1.024795 1.033358 1.033951 1.031440 1.031890 1.033815 1.033209 1.036387 1.037166
1.514750e+08 1.015338 1.018051 1.024892 1.024725 1.032983 1.033699 1.031185 1.031739 1.033475 1.032920 1.035860 1.036692
1.515550e+08 1.015094 1.017818 1.024792 1.024639 1.032592 1.033430 1.030914 1.031571 1.033120 1.032614 1.035319 1.036202
1.516350e+08 1.014839 1.017572 1.024676 1.024537 1.032185 1.033145 1.030628 1.031384 1.032750 1.032293 1.034763 1.035697
1.517150e+08 1.014572 1.017313 1.024545 1.024422 1.031764 1.032845 1.030327 1.031180 1.032366 1.031957 1.034194 1.035176
1.517950e+08 1.014295 1.017041 1.024399 1.024292 1.031328 1.032528 1.030012 1.030960 1.031968 1.031607 1.033613 1.034642
1.518750e+08 1.014007 1.016757 1.024239 1.024149 1.030879 1.032198 1.029683 1.030724 1.031557 1.031243 1.033019 1.034093
1.519550e+08 1.013710 1.016461 1.024066 1.023994 1.030417 1.031852 1.029341 1.030472 1.031134 1.030866 1.032413 1.033531
1.520350e+08 1.013403 1.016155 1.023880 1.023826 1.029943 1.031494 1.028986 1.030205 1.030698 1.030476 1.031796 1.032956
1.521150e+08 1.013089 1.015839 1.023681 1.023647 1.029458 1.031122 1.028621 1.029925 1.030251 1.030074 1.031170 1.032369
1.521950e+08 1.012766 1.015513 1.023471 1.023456 1.028962 1.030739 1.028244 1.029630 1.029794 1.029661 1.030533 1.031771
1.522750e+08 1.012436 1.015179 1.023249 1.023255 1.028457 1.030343 1.027857 1.029323 1.029326 1.029237 1.029887 1.031161
1.523550e+08 1.012099 1.014836 1.023017 1.023045 1.027943 1.029937 1.027460 1.029004 1.028849 1.028803 1.029233 1.030541
1.524350e+08 1.011757 1.014485 1.022776 1.022825 1.027420 1.029520 1.027055 1.028673 1.028364 1.028360 1.028571 1.029912
1.525150e+08 1.011409 1.014128 1.022525 1.022597 1.026890 1.029093 1.026641 1.028332 1.027870 1.027908 1.027902 1.029274
1.525950e+08 1.011056 1.013764 1.022266 1.022361 1.026353 1.028658 1.026220 1.027980 1.027369 1.027448 1.027226 1.028627
1.526750e+08 1.010700 1.013395 1.021999 1.022117 1.025811 1.028214 1.025792 1.027619 1.026862 1.026981 1.026545 1.027972
1.527550e+08 1.010340 1.013021 1.021725 1.021867 1.025264 1.027763 1.025359 1.027250 1.026348 1.026507 1.025858 1.027311
1.528350e+08 1.009977 1.012643 1.021445 1.021612 1.024712 1.027304 1.024920 1.026873 1.025830 1.026026 1.025167 1.026643
1.529150e+08 1.009612 1.012262 1.021159 1.021351 1.024157 1.026840 1.024476 1.026488 1.025307 1.025541 1.024472 1.025969
1.529950e+08 1.009246 1.011878 1.020868 1.021085 1.023599 1.026370 1.024029 1.026097 1.024780 1.025051 1.023774 1.025290
1.530750e+08 1.008879 1.011492 1.020573 1.020816 1.023039 1.025895 1.023579 1.025700 1.024250 1.024557 1.023074 1.024606
1.531550e+08 1.008512 1.011105 1.020274 1.020543 1.022479 1.025417 1.023127 1.025299 1.023717 1.024060 1.022372 1.023919
1.532350e+08 1.008146 1.010717 1.019972 1.020267 1.021918 1.024935 1.022673 1.024893 1.023183 1.023560 1.021669 1.023229
1.533150e+08 1.007780 1.010330 1.019668 1.019990 1.021357 1.024450 1.022218 1.024484 1.022647 1.023058 1.020965 1.022536
1.533950e+08 1.007417 1.009943 1.019362 1.019711 1.020798 1.023964 1.021763 1.024072 1.022111 1.022555 1.020261 1.021842
1.534750e+08 1.007056 1.009558 1.019056 1.019432 1.020241 1.023476 1.021309 1.023658 1.021576 1.022052 1.019558 1.021146
1.535550e+08 1.006699 1.009175 1.018749 1.019153 1.019687 1.022987 1.020856 1.023243 1.021041 1.021548 1.018857 1.020450
1.536350e+08 1.006345 1.008795 1.018443 1.018875 1.019136 1.022499 1.020405 1.022827 1.020508 1.021046 1.018157 1.019753
1.537150e+08 1.005996 1.008419 1.018138 1.018597 1.018589 1.022012 1.019957 1.022412 1.019978 1.020545 1.017460 1.019058
1.537950e+08 1.005652 1.008047 1.017836 1.018322 1.018048 1.021526 1.019512 1.021998 1.019450 1.020046 1.016767 1.018364
1.538750e+08 1.005313 1.007680 1.017535 1.018049 1.017512 1.021042 1.019071 1.021585 1.018926 1.019550 1.016077 1.017672
1.539550e+08 1.004981 1.007319 1.017238 1.017779 1.016982 1.020562 1.018635 1.021175 1.018405 1.019057 1.015392 1.016982
1.540350e+08 1.004656 1.006964 1.016944 1.017513 1.016460 1.020084 1.018204 1.020767 1.017890 1.018568 1.014712 1.016296
1.541150e+08 1.004338 1.006616 1.016655 1.017251 1.015945 1.019611 1.017779 1.020364 1.017380 1.018084 1.014037 1.015613
1.541950e+08 1.004028 1.006276 1.016371 1.016994 1.015439 1.019143 1.017360 1.019965 1.016876 1.017605 1.013368 1.014935
1.542750e+08 1.003726 1.005943 1.016093 1.016743 1.014942 1.018679 1.016949 1.019570 1.016378 1.017132 1.012706 1.014261
1.543550e+08 1.003434 1.005619 1.015820 1.016497 1.014454 1.018222 1.016546 1.019182 1.015887 1.016665 1.012051 1.013593
1.544350e+08 1.003151 1.005305 1.015555 1.016258 1.013976 1.017771 1.016151 1.018800 1.015404 1.016205 1.011403 1.012930
1.545150e+08 1.002878 1.005000 1.015296 1.016025 1.013509 1.017327 1.015764 1.018425 1.014929 1.015752 1.010764 1.012274
1.545950e+08 1.002616 1.004706 1.015046 1.015801 1.013053 1.016891 1.015387 1.018057 1.014463 1.015307 1.010132 1.011625
1.546750e+08 1.002364 1.004422 1.014804 1.015584 1.012609 1.016463 1.015020 1.017697 1.014005 1.014871 1.009510 1.010983
1.547550e+08 1.002124 1.004149 1.014571 1.015375 1.012177 1.016043 1.014663 1.017346 1.013557 1.014443 1.008897 1.010349
1.548350e+08 1.001896 1.003889 1.014346 1.015175 1.011758 1.015632 1.014317 1.017004 1.013119 1.014025 1.008294 1.009723
1.549150e+08 1.001680 1.003640 1.014132 1.014984 1.011351 1.015231 1.013982 1.016671 1.012691 1.013616 1.007700 1.009105
1.549950e+08 1.001476 1.003404 1.013928 1.014803 1.010959 1.014839 1.013659 1.016349 1.012274 1.013217 1.007117 1.008497
1.550750e+08 1.001285 1.003181 1.013734 1.014632 1.010580 1.014458 1.013347 1.016037 1.011868 1.012829 1.006545 1.007898
1.551550e+08 1.001108 1.002971 1.013552 1.014470 1.010215 1.014087 1.013048 1.015736 1.011473 1.012452 1.005983 1.007308
1.552350e+08 1.000943 1.002775 1.013381 1.014320 1.009865 1.013728 1.012762 1.015446 1.011090 1.012085 1.005433 1.006729
1.553150e+08 1.000793 1.002593 1.013221 1.014180 1.009530 1.013379 1.012489 1.015168 1.010719 1.011731 1.004895 1.006160
1.553950e+08 1.000656 1.002425 1.013073 1.014052 1.009209 1.013043 1.012229 1.014903 1.010361 1.011387 1.004368 1.005601
1.554750e+08 1.000534 1.002272 1.012938 1.013935 1.008904 1.012718 1.011982 1.014650 1.010014 1.011056 1.003852 1.005054
1.555550e+08 1.000426 1.002133 1.012815 1.013829 1.008615 1.012405 1.011750 1.014409 1.009681 1.010737 1.003349 1.004517
1.556350e+08 1.000332 1.002009 1.012705 1.013735 1.008341 1.012105 1.011531 1.014181 1.009360 1.010431 1.002859 1.003992
1.557150e+08 1.000253 1.001900 1.012608 1.013654 1.008083 1.011818 1.011327 1.013967 1.009053 1.010137 1.002380 1.003478
1.557950e+08 1.000189 1.001807 1.012524 1.013584 1.007841 1.011543 1.011136 1.013766 1.008759 1.009855 1.001914 1.002975
1.558750e+08 1.000140 1.001729 1.012454 1.013527 1.007615 1.011281 1.010961 1.013579 1.008478 1.009587 1.001461 1.002485
1.559550e+08 1.000105 1.001666 1.012396 1.013482 1.007406 1.011032 1.010799 1.013406 1.008210 1.009331 1.001020 1.002006
1.560350e+08 1.000086 1.001619 1.012353 1.013449 1.007212 1.010796 1.010653 1.013247 1.007956 1.009089 1.000592 1.001539
1.561150e+08 1.000081 1.001587 1.012323 1.013429 1.007034 1.010573 1.010521 1.013102 1.007716 1.008859 1.000176 1.001084
1.561950e+08 1.000091 1.001571 1.012307 1.013422 1.006872 1.010363 1.010403 1.012971 1.007489 1.008643 0.999773 1.000641
1.562750e+08 1.000116 1.001570 1.012305 1.013427 1.006726 1.010167 1.010300 1.012854 1.007275 1.008440 0.999382 1.000211
1.563550e+08 1.000156 1.001585 1.012316 1.013444 1.006597 1.009983 1.010212 1.012752 1.007075 1.008249 0.999004 0.999792
1.564350e+08 1.000211 1.001615 1.012341 1.013474 1.006482 1.009813 1.010139 1.012663 1.006889 1.008072 0.998638 0.999385
1.565150e+08 1.000280 1.001660 1.012380 1.013517 1.006384 1.009656 1.010079 1.012589 1.006715 1.007907 0.998285 0.998990
1.565950e+08 1.000363 1.001720 1.012432 1.013571 1.006300 1.009511 1.010034 1.012529 1.006555 1.007756 0.997943 0.998607
1.566750e+08 1.000460 1.001795 1.012498 1.013638 1.006232 1.009380 1.010003 1.012483 1.006408 1.007616 0.997613 0.998235
1.567550e+08 1.000572 1.001885 1.012578 1.013716 1.006179 1.009260 1.009986 1.012451 1.006274 1.007490 0.997296 0.997875
1.568350e+08 1.000697 1.001989 1.012670 1.013807 1.006140 1.009154 1.009983 1.012433 1.006152 1.007375 0.996989 0.997527
1.569150e+08 1.000835 1.002108 1.012776 1.013909 1.006116 1.009059 1.009993 1.012428 1.006043 1.007272 0.996694 0.997190
1.569950e+08 1.000987 1.002240 1.012894 1.014022 1.006105 1.008977 1.010017 1.012437 1.005946 1.007181 0.996410 0.996863
1.570750e+08 1.001151 1.002386 1.013025 1.014147 1.006108 1.008906 1.010053 1.012459 1.005861 1.007102 0.996136 0.996548
1.571550e+08 1.001328 1.002546 1.013168 1.014282 1.006124 1.008846 1.010102 1.012493 1.005787 1.007034 0.995873 0.996243
1.572350e+08 1.001518 1.002718 1.013323 1.014428 1.006153 1.008798 1.010164 1.012541 1.005725 1.006976 0.995620 0.995948
1.573150e+08 1.001719 1.002903 1.013490 1.014584 1.006195 1.008760 1.010237 1.012600 1.005674 1.006930 0.995377 0.995663
1.573950e+08 1.001931 1.003100 1.013668 1.014750 1.006248 1.008733 1.010322 1.012672 1.005633 1.006893 0.995143 0.995387
1.574750e+08 1.002154 1.003308 1.013858 1.014925 1.006312 1.008715 1.010418 1.012754 1.005602 1.006866 0.994917 0.995121
1.575550e+08 1.002388 1.003528 1.014058 1.015110 1.006388 1.008707 1.010525 1.012849 1.005582 1.006848 0.994701 0.994864
1.576350e+08 1.002632 1.003759 1.014268 1.015303 1.006473 1.008708 1.010642 1.012953 1.005570 1.006840 0.994492 0.994615
1.577150e+08 1.002885 1.004000 1.014488 1.015505 1.006569 1.008718 1.010769 1.013069 1.005568 1.006839 0.994291 0.994375
1.577950e+08 1.003148 1.004250 1.014718 1.015714 1.006673 1.008736 1.010905 1.013194 1.005574 1.006847 0.994098 0.994142
1.578750e+08 1.003419 1.004510 1.014956 1.015931 1.006786 1.008762 1.011050 1.013328 1.005588 1.006862 0.993911 0.993916
1.579550e+08 1.003698 1.004779 1.015203 1.016155 1.006907 1.008795 1.011203 1.013471 1.005609 1.006884 0.993730 0.993698
1.580350e+08 1.003984 1.005055 1.015458 1.016386 1.007036 1.008834 1.011364 1.013623 1.005638 1.006913 0.993555 0.993485
1.581150e+08 1.004278 1.005340 1.015721 1.016622 1.007171 1.008880 1.011533 1.013782 1.005673 1.006948 0.993385 0.993279
1.581950e+08 1.004577 1.005631 1.015990 1.016864 1.007312 1.008931 1.011707 1.013949 1.005713 1.006988 0.993220 0.993078
1.582750e+08 1.004883 1.005928 1.016266 1.017111 1.007458 1.008987 1.011888 1.014122 1.005759 1.007032 0.993059 0.992882
1.583550e+08 1.005193 1.006231 1.016547 1.017362 1.007609 1.009047 1.012074 1.014302 1.005810 1.007082 0.992901 0.992690
1.584350e+08 1.005509 1.006540 1.016834 1.017617 1.007764 1.009112 1.012265 1.014487 1.005865 1.007134 0.992747 0.992502
1.585150e+08 1.005828 1.006852 1.017126 1.017875 1.007922 1.009179 1.012461 1.014676 1.005924 1.007190 0.992594 0.992317
1.585950e+08 1.006150 1.007169 1.017421 1.018136 1.008083 1.009249 1.012659 1.014870 1.005985 1.007248 0.992444 0.992135
1.586750e+08 1.006475 1.007488 1.017720 1.018399 1.008245 1.009321 1.012861 1.015068 1.006049 1.007308 0.992295 0.991955
1.587550e+08 1.006803 1.007810 1.018022 1.018663 1.008409 1.009394 1.013065 1.015269 1.006115 1.007370 0.992147 0.991777
1.588350e+08 1.007131 1.008134 1.018326 1.018928 1.008573 1.009468 1.013270 1.015471 1.006181 1.007431 0.991998 0.991600
1.589150e+08 1.007461 1.008459 1.018632 1.019194 1.008736 1.009542 1.013476 1.015676 1.006249 1.007493 0.991849 0.991423
1.589950e+08 1.007790 1.008784 1.018938 1.019459 1.008898 1.009615 1.013683 1.015881 1.006316 1.007554 0.991699 0.991246
1.590750e+08 1.008119 1.009108 1.019245 1.019724 1.009057 1.009686 1.013888 1.016086 1.006382 1.007614 0.991547 0.991069
1.591550e+08 1.008447 1.009432 1.019551 1.019987 1.009215 1.009756 1.014093 1.016292 1.006447 1.007671 0.991393 0.990890
1.592350e+08 1.008773 1.009754 1.019856 1.020247 1.009368 1.009823 1.014296 1.016495 1.006510 1.007726 0.991236 0.990709
1.593150e+08 1.009096 1.010074 1.020160 1.020505 1.009517 1.009886 1.014496 1.016697 1.006570 1.007778 0.991075 0.990526
1.593950e+08 1.009416 1.010391 1.020461 1.020760 1.009662 1.009946 1.014693 1.016897 1.006626 1.007825 0.990910 0.990339
1.594750e+08 1.009733 1.010704 1.020759 1.021010 1.009800 1.010001 1.014886 1.017093 1.006679 1.007868 0.990740 0.990149
1.595550e+08 1.010045 1.011012 1.021054 1.021256 1.009932 1.010051 1.015075 1.017285 1.006727 1.007906 0.990565 0.989954
1.596350e+08 1.010352 1.011315 1.021344 1.021496 1.010056 1.010094 1.015258 1.017473 1.006770 1.007937 0.990383 0.989755
1.597150e+08 1.010654 1.011613 1.021629 1.021731 1.010173 1.010131 1.015435 1.017655 1.006806 1.007962 0.990195 0.989550
1.597950e+08 1.010949 1.011904 1.021909 1.021959 1.010281 1.010161 1.015606 1.017831 1.006837 1.007980 0.990000 0.989339
1.598750e+08 1.011237 1.012188 1.022182 1.022180 1.010379 1.010182 1.015769 1.018000 1.006859 1.007990 0.989797 0.989122
1.599550e+08 1.011518 1.012465 1.022448 1.022394 1.010467 1.010196 1.015924 1.018162 1.006875 1.007992 0.989585 0.988897
1.600350e+08 1.011791 1.012733 1.022706 1.022599 1.010544 1.010199 1.016070 1.018316 1.006881 1.007985 0.989364 0.988664
1.601150e+08 1.012055 1.012992 1.022957 1.022795 1.010610 1.010194 1.016207 1.018461 1.006879 1.007968 0.989134 0.988424
1.601950e+08 1.012310 1.013241 1.023198 1.022982 1.010663 1.010177 1.016335 1.018596 1.006867 1.007940 0.988894 0.988174
1.602750e+08 1.012556 1.013481 1.023430 1.023159 1.010704 1.010150 1.016451 1.018722 1.006845 1.007902 0.988644 0.987914
1.603550e+08 1.012791 1.013710 1.023651 1.023325 1.010731 1.010111 1.016557 1.018837 1.006812 1.007852 0.988382 0.987645
1.604350e+08 1.013015 1.013927 1.023863 1.023481 1.010743 1.010060 1.016651 1.018940 1.006768 1.007791 0.988108 0.987366
1.605150e+08 1.013228 1.014133 1.024062 1.023625 1.010741 1.009997 1.016732 1.019032 1.006712 1.007717 0.987823 0.987075
1.605950e+08 1.013430 1.014327 1.024250 1.023757 1.010724 1.009920 1.016800 1.019111 1.006643 1.007630 0.987525 0.986773
1.606750e+08 1.013619 1.014507 1.024426 1.023876 1.010691 1.009830 1.016855 1.019176 1.006562 1.007530 0.987213 0.986459
1.607550e+08 1.013796 1.014675 1.024589 1.023982 1.010641 1.009725 1.016896 1.019228 1.006468 1.007415 0.986889 0.986132
1.608350e+08 1.013960 1.014829 1.024738 1.024075 1.010574 1.009606 1.016923 1.019266 1.006359 1.007286 0.986550 0.985793
1.609150e+08 1.014110 1.014968 1.024873 1.024154 1.010490 1.009471 1.016934 1.019290 1.006236 1.007143 0.986197 0.985440
1.609950e+08 1.014246 1.015093 1.024994 1.024219 1.010388 1.009321 1.016930 1.019297 1.006099 1.006983 0.985829 0.985074
1.610750e+08 1.014369 1.015204 1.025100 1.024269 1.010267 1.009155 1.016911 1.019290 1.005946 1.006809 0.985446 0.984694
1.611550e+08 1.014477 1.015299 1.025191 1.024304 1.010128 1.008973 1.016874 1.019266 1.005778 1.006618 0.985048 0.984299
1.612350e+08 1.014570 1.015378 1.025266 1.024323 1.009969 1.008774 1.016821 1.019225 1.005594 1.006410 0.984633 0.983889
1.613150e+08 1.014648 1.015441 1.025325 1.024327 1.009791 1.008558 1.016751 1.019167 1.005394 1.006186 0.984203 0.983465
1.613950e+08 1.014711 1.015488 1.025367 1.024315 1.009592 1.008325 1.016663 1.019092 1.005177 1.005945 0.983756 0.983025
1.614750e+08 1.014759 1.015519 1.025392 1.024286 1.009374 1.008074 1.016557 1.018999 1.004943 1.005686 0.983293 0.982569
1.615550e+08 1.014790 1.015533 1.025400 1.024241 1.009134 1.007805 1.016433 1.018888 1.004692 1.005410 0.982812 0.982097
1.616350e+08 1.014806 1.015530 1.025391 1.024179 1.008874 1.007518 1.016291 1.018759 1.004423 1.005115 0.982315 0.981609
1.617150e+08 1.014806 1.015510 1.025364 1.024099 1.008593 1.007212 1.016129 1.018610 1.004137 1.004803 0.981800 0.981104
1.617950e+08 1.014789 1.015473 1.025318 1.024003 1.008290 1.006888 1.015949 1.018443 1.003833 1.004472 0.981267 0.980582
1.618750e+08 1.014757 1.015419 1.025255 1.023889 1.007966 1.006546 1.015749 1.018256 1.003510 1.004123 0.980717 0.980044
1.619550e+08 1.014707 1.015347 1.025172 1.023757 1.007621 1.006184 1.015530 1.018050 1.003170 1.003755 0.980149 0.979489
1.620350e+08 1.014642 1.015258 1.025071 1.023608 1.007253 1.005804 1.015291 1.017824 1.002811 1.003368 0.979563 0.978916
1.621150e+08 1.014560 1.015151 1.024951 1.023441 1.006864 1.005404 1.015033 1.017579 1.002433 1.002962 0.978958 0.978327
1.621950e+08 1.014462 1.015027 1.024812 1.023255 1.006453 1.004985 1.014755 1.017313 1.002037 1.002537 0.978336 0.977720
1.622750e+08 1.014347 1.014885 1.024654 1.023052 1.006020 1.004547 1.014456 1.017027 1.001622 1.002094 0.977696 0.977095
1.623550e+08 1.014216 1.014726 1.024477 1.022831 1.005565 1.004090 1.014138 1.016721 1.001188 1.001631 0.977037 0.976453
1.624350e+08 1.014069 1.014549 1.024280 1.022592 1.005088 1.003614 1.013800 1.016395 1.000736 1.001149 0.976361 0.975793
1.625150e+08 1.013906 1.014355 1.024064 1.022335 1.004589 1.003119 1.013441 1.016049 1.000265 1.000649 0.975666 0.975116
1.625950e+08 1.013727 1.014145 1.023829 1.022061 1.004068 1.002605 1.013063 1.015683 0.999775 1.000129 0.974953 0.974422
1.626750e+08 1.013532 1.013917 1.023574 1.021768 1.003526 1.002072 1.012665 1.015296 0.999267 0.999591 0.974223 0.973710
1.627550e+08 1.013321 1.013673 1.023300 1.021458 1.002962 1.001521 1.012247 1.014889 0.998740 0.999034 0.973474 0.972981
1.628350e+08 1.013096 1.013412 1.023007 1.021130 1.002377 1.000950 1.011809 1.014463 0.998195 0.998459 0.972708 0.972235
1.629150e+08 1.012855 1.013135 1.022695 1.020785 1.001771 1.000362 1.011351 1.014017 0.997631 0.997865 0.971924 0.971471
1.629950e+08 1.012599 1.012842 1.022364 1.020423 1.001145 0.999755 1.010874 1.013550 0.997049 0.997253 0.971123 0.970691
1.630750e+08 1.012328 1.012534 1.022014 1.020043 1.000497 0.999131 1.010378 1.013065 0.996450 0.996623 0.970305 0.969894
1.631550e+08 1.012044 1.012210 1.021645 1.019647 0.999830 0.998489 1.009862 1.012560 0.995833 0.995976 0.969470 0.969081
1.632350e+08 1.011745 1.011872 1.021259 1.019235 0.999142 0.997830 1.009328 1.012036 0.995198 0.995311 0.968619 0.968251
1.633150e+08 1.011433 1.011519 1.020854 1.018806 0.998435 0.997153 1.008776 1.011494 0.994547 0.994630 0.967751 0.967405
1.633950e+08 1.011108 1.011152 1.020431 1.018362 0.997709 0.996461 1.008205 1.010933 0.993878 0.993931 0.966866 0.966543
1.634750e+08 1.010771 1.010771 1.019990 1.017902 0.996964 0.995751 1.007616 1.010354 0.993193 0.993216 0.965967 0.965666
1.635550e+08 1.010421 1.010377 1.019533 1.017427 0.996201 0.995027 1.007010 1.009757 0.992492 0.992485 0.965052 0.964774
1.636350e+08 1.010059 1.009970 1.019058 1.016937 0.995420 0.994286 1.006387 1.009143 0.991775 0.991739 0.964121 0.963867
1.637150e+08 1.009686 1.009552 1.018567 1.016433 0.994621 0.993531 1.005747 1.008512 0.991043 0.990977 0.963177 0.962946
1.637950e+08 1.009302 1.009121 1.018060 1.015915 0.993806 0.992761 1.005091 1.007865 0.990296 0.990200 0.962218 0.962011
1.638750e+08 1.008908 1.008680 1.017537 1.015383 0.992975 0.991978 1.004419 1.007202 0.989534 0.989410 0.961245 0.961062
1.639550e+08 1.008503 1.008228 1.016999 1.014839 0.992127 0.991181 1.003731 1.006522 0.988758 0.988605 0.960259 0.960100
1.640350e+08 1.008090 1.007766 1.016446 1.014282 0.991265 0.990371 1.003029 1.005828 0.987969 0.987787 0.959260 0.959125
1.641150e+08 1.007668 1.007295 1.015879 1.013713 0.990388 0.989548 1.002313 1.005120 0.987166 0.986957 0.958248 0.958138
1.641950e+08 1.007238 1.006815 1.015298 1.013133 0.989497 0.988714 1.001582 1.004397 0.986351 0.986114 0.957225 0.957139
1.642750e+08 1.006800 1.006327 1.014703 1.012541 0.988593 0.987869 1.000839 1.003661 0.985524 0.985259 0.956191 0.956129
1.643550e+08 1.006356 1.005832 1.014096 1.011940 0.987677 0.987013 1.000082 1.002913 0.984685 0.984394 0.955145 0.955108
1.644350e+08 1.005905 1.005329 1.013477 1.011328 0.986748 0.986147 0.999314 1.002152 0.983835 0.983517 0.954090 0.954077
1.645150e+08 1.005448 1.004821 1.012846 1.010708 0.985808 0.985271 0.998535 1.001379 0.982975 0.982631 0.953024 0.953036
1.645950e+08 1.004987 1.004308 1.012204 1.010079 0.984858 0.984387 0.997744 1.000596 0.982106 0.981736 0.951950 0.951986
1.646750e+08 1.004521 1.003789 1.011552 1.009442 0.983898 0.983495 0.996944 0.999802 0.981227 0.980832 0.950867 0.950927
1.647550e+08 1.004051 1.003267 1.010890 1.008798 0.982929 0.982596 0.996134 0.998999 0.980339 0.979920 0.949776 0.949861
1.648350e+08 1.003578 1.002742 1.010219 1.008148 0.981952 0.981689 0.995315 0.998188 0.979444 0.979000 0.948678 0.948787
1.649150e+08 1.003103 1.002214 1.009539 1.007491 0.980967 0.980777 0.994488 0.997368 0.978542 0.978074 0.947573 0.947706
1.649950e+08 1.002626 1.001684 1.008852 1.006830 0.979976 0.979860 0.993654 0.996540 0.977633 0.977142 0.946462 0.946620
1.650750e+08 1.002148 1.001154 1.008158 1.006163 0.978978 0.978938 0.992813 0.995706 0.976718 0.976204 0.945346 0.945528
1.651550e+08 1.001670 1.000623 1.007457 1.005493 0.977976 0.978012 0.991967 0.994866 0.975798 0.975262 0.944225 0.944431
1.652350e+08 1.001192 1.000092 1.006751 1.004820 0.976969 0.977083 0.991115 0.994021 0.974873 0.974315 0.943100 0.943330
1.653150e+08 1.000715 0.999563 1.006040 1.004145 0.975958 0.976152 0.990259 0.993172 0.973945 0.973366 0.941971 0.942225
1.653950e+08 1.000239 0.999035 1.005324 1.003468 0.974945 0.975219 0.989399 0.992318 0.973014 0.972413 0.940840 0.941118
1.654750e+08 0.999766 0.998511 1.004606 1.002790 0.973930 0.974286 0.988536 0.991463 0.972080 0.971459 0.939707 0.940009
1.655550e+08 0.999296 0.997989 1.003884 1.002112 0.972914 0.973352 0.987672 0.990605 0.971145 0.970504 0.938572 0.938898
1.656350e+08 0.998829 0.997472 1.003161 1.001434 0.971898 0.972418 0.986806 0.989746 0.970208 0.969548 0.937436 0.937786
1.657150e+08 0.998367 0.996960 1.002436 1.000758 0.970882 0.971486 0.985939 0.988886 0.969272 0.968593 0.936301 0.936675
1.657950e+08 0.997909 0.996453 1.001711 1.000083 0.969867 0.970556 0.985073 0.988027 0.968336 0.967638 0.935166 0.935563
1.658750e+08 0.997458 0.995953 1.000986 0.999412 0.968855 0.969629 0.984208 0.987169 0.967401 0.966686 0.934033 0.934454
1.659550e+08 0.997012 0.995460 1.000263 0.998744 0.967846 0.968706 0.983345 0.986313 0.966468 0.965735 0.932902 0.933346
1.660350e+08 0.996574 0.994975 0.999541 0.998080 0.966841 0.967786 0.982485 0.985459 0.965538 0.964788 0.931773 0.932241
1.661150e+08 0.996142 0.994498 0.998822 0.997421 0.965840 0.966872 0.981628 0.984610 0.964612 0.963844 0.930648 0.931139
1.661950e+08 0.995719 0.994030 0.998106 0.996769 0.964845 0.965964 0.980775 0.983764 0.963689 0.962905 0.929527 0.930042
1.662750e+08 0.995305 0.993572 0.997394 0.996122 0.963856 0.965061 0.979927 0.982924 0.962771 0.961971 0.928411 0.928949
1.663550e+08 0.994900 0.993124 0.996687 0.995483 0.962874 0.964166 0.979085 0.982090 0.961859 0.961043 0.927300 0.927862
1.664350e+08 0.994505 0.992688 0.995986 0.994852 0.961900 0.963279 0.978250 0.981263 0.960953 0.960121 0.926196 0.926781
1.665150e+08 0.994120 0.992263 0.995292 0.994229 0.960934 0.962400 0.977422 0.980443 0.960054 0.959206 0.925098 0.925707
1.665950e+08 0.993746 0.991851 0.994604 0.993616 0.959978 0.961531 0.976602 0.979631 0.959163 0.958299 0.924007 0.924640
1.666750e+08 0.993383 0.991452 0.993924 0.993013 0.959031 0.960671 0.975792 0.978829 0.958280 0.957401 0.922925 0.923581
1.667550e+08 0.993033 0.991066 0.993253 0.992420 0.958096 0.959822 0.974991 0.978036 0.957406 0.956512 0.921851 0.922531
1.668350e+08 0.992695 0.990694 0.992592 0.991839 0.957172 0.958984 0.974200 0.977253 0.956542 0.955632 0.920787 0.921491
1.669150e+08 0.992369 0.990337 0.991940 0.991270 0.956260 0.958157 0.973420 0.976482 0.955688 0.954762 0.919732 0.920461
1.669950e+08 0.992057 0.989995 0.991299 0.990714 0.955361 0.957343 0.972653 0.975723 0.954844 0.953903 0.918688 0.919441
1.670750e+08 0.991759 0.989669 0.990669 0.990172 0.954475 0.956542 0.971897 0.974977 0.954013 0.953056 0.917656 0.918433
1.671550e+08 0.991475 0.989359 0.990052 0.989643 0.953603 0.955754 0.971155 0.974244 0.953193 0.952221 0.916634 0.917437
1.672350e+08 0.991205 0.989065 0.989447 0.989129 0.952747 0.954980 0.970427 0.973525 0.952387 0.951398 0.915626 0.916453
1.673150e+08 0.990951 0.988788 0.988855 0.988631 0.951905 0.954221 0.969714 0.972820 0.951593 0.950587 0.914629 0.915482
1.673950e+08 0.990711 0.988529 0.988278 0.988148 0.951080 0.953477 0.969016 0.972131 0.950814 0.949791 0.913647 0.914525
1.674750e+08 0.990487 0.988288 0.987715 0.987681 0.950271 0.952748 0.968334 0.971458 0.950049 0.949008 0.912678 0.913582
1.675550e+08 0.990279 0.988064 0.987167 0.987232 0.949479 0.952035 0.967668 0.970801 0.949298 0.948240 0.911723 0.912654
1.676350e+08 0.990087 0.987859 0.986636 0.986800 0.948705 0.951339 0.967019 0.970161 0.948564 0.947486 0.910783 0.911741
1.677150e+08 0.989911 0.987673 0.986120 0.986386 0.947948 0.950660 0.966388 0.969539 0.947845 0.946748 0.909859 0.910844
1.677950e+08 0.989752 0.987506 0.985621 0.985991 0.947210 0.949998 0.965775 0.968935 0.947143 0.946025 0.908950 0.909963
1.678750e+08 0.989610 0.987358 0.985140 0.985614 0.946492 0.949353 0.965181 0.968350 0.946458 0.945319 0.908057 0.909099
1.679550e+08 0.989484 0.987230 0.984677 0.985257 0.945792 0.948727 0.964606 0.967784 0.945790 0.944628 0.907181 0.908252
1.680350e+08 0.989375 0.987121 0.984232 0.984920 0.945112 0.948119 0.964051 0.967238 0.945139 0.943954 0.906322 0.907423
1.681150e+08 0.989283 0.987033 0.983806 0.984603 0.944453 0.947529 0.963516 0.966711 0.944507 0.943298 0.905480 0.906612
1.681950e+08 0.989209 0.986964 0.983399 0.984307 0.943813 0.946958 0.963002 0.966205 0.943893 0.942658 0.904656 0.905819
1.682750e+08 0.989151 0.986915 0.983012 0.984032 0.943195 0.946407 0.962509 0.965720 0.943299 0.942036 0.903850 0.905045
1.683550e+08 0.989111 0.986887 0.982645 0.983779 0.942598 0.945875 0.962038 0.965257 0.942723 0.941432 0.903063 0.904290
1.684350e+08 0.989088 0.986879 0.982298 0.983547 0.942022 0.945363 0.961588 0.964814 0.942167 0.940845 0.902294 0.903554
1.685150e+08 0.989083 0.986891 0.981972 0.983337 0.941467 0.944870 0.961161 0.964394 0.941631 0.940277 0.901543 0.902839
1.685950e+08 0.989094 0.986923 0.981668 0.983150 0.940934 0.944398 0.960756 0.963996 0.941114 0.939727 0.900812 0.902143
1.686750e+08 0.989123 0.986976 0.981384 0.982985 0.940424 0.943945 0.960374 0.963621 0.940618 0.939196 0.900101 0.901468
1.687550e+08 0.989168 0.987048 0.981123 0.982843 0.939935 0.943513 0.960016 0.963268 0.940142 0.938682 0.899409 0.900813
1.688350e+08 0.989230 0.987141 0.980883 0.982725 0.939468 0.943101 0.959681 0.962938 0.939687 0.938188 0.898737 0.900179
1.689150e+08 0.989309 0.987254 0.980666 0.982629 0.939024 0.942709 0.959370 0.962632 0.939253 0.937712 0.898084 0.899567
1.689950e+08 0.989405 0.987387 0.980471 0.982557 0.938602 0.942338 0.959082 0.962348 0.938840 0.937255 0.897452 0.898975
1.690750e+08 0.989516 0.987539 0.980298 0.982508 0.938202 0.941987 0.958819 0.962088 0.938448 0.936816 0.896840 0.898405
1.691550e+08 0.989644 0.987711 0.980148 0.982483 0.937825 0.941657 0.958580 0.961852 0.938077 0.936397 0.896249 0.897857
1.692350e+08 0.989788 0.987902 0.980021 0.982482 0.937471 0.941347 0.958366 0.961639 0.937727 0.935995 0.895677 0.897330
1.693150e+08 0.989947 0.988112 0.979917 0.982505 0.937138 0.941057 0.958176 0.961450 0.937399 0.935613 0.895127 0.896825
1.693950e+08 0.990121 0.988341 0.979836 0.982551 0.936828 0.940787 0.958011 0.961285 0.937091 0.935249 0.894596 0.896342
1.694750e+08 0.990310 0.988589 0.979778 0.982622 0.936540 0.940538 0.957870 0.961144 0.936805 0.934903 0.894086 0.895881
1.695550e+08 0.990514 0.988854 0.979743 0.982716 0.936274 0.940308 0.957754 0.961026 0.936541 0.934576 0.893597 0.895442
1.696350e+08 0.990731 0.989137 0.979731 0.982834 0.936029 0.940098 0.957663 0.960932 0.936297 0.934266 0.893128 0.895025
