  1.38915e+08	      1.64255	      1.63151	      1.52733	      1.48354	      1.58555	      1.56090	      1.56683	      1.50839	      1.54482	      1.51504	      1.61280	      1.56667	
  1.38995e+08	     0.927459	     0.909907	     0.886198	     0.845481	     0.911727	     0.874781	     0.913138	     0.889440	     0.923954	     0.866971	     0.973763	     0.934719	
  1.39075e+08	     0.944621	     0.926729	     0.896670	     0.851743	     0.921853	     0.870488	     0.940528	     0.892370	     0.935625	     0.883930	      1.00056	     0.947014	
  1.39155e+08	     0.947892	     0.921583	     0.901433	     0.858801	     0.919259	     0.870564	     0.932589	     0.880500	     0.936865	     0.867971	     0.991818	     0.947957	
  1.39235e+08	     0.948793	     0.912592	     0.905509	     0.870807	     0.919930	     0.869637	     0.930082	     0.886357	     0.925493	     0.864165	     0.987748	     0.914490	
  1.39315e+08	     0.947781	     0.914464	     0.903246	     0.868096	     0.924570	     0.873972	     0.928283	     0.866751	     0.933026	     0.883561	     0.984615	     0.938549	
  1.39395e+08	     0.947233	     0.905523	     0.907212	     0.876510	     0.923285	     0.876215	     0.915748	     0.911611	     0.934206	     0.862342	     0.991022	     0.941526	
  1.39475e+08	     0.948638	     0.910312	     0.910076	     0.871094	     0.920004	     0.864699	     0.917869	     0.881409	     0.922812	     0.870361	     0.991502	     0.945387	
  1.39555e+08	     0.936084	     0.904938	     0.902936	     0.857830	     0.924213	     0.877861	     0.915294	     0.894356	     0.923935	     0.864445	     0.991787	     0.939501	
  1.39635e+08	     0.941307	     0.906639	     0.905524	     0.865088	     0.922724	     0.870848	     0.909661	     0.873833	     0.930313	     0.857537	     0.989298	     0.931072	
  1.39715e+08	     0.944146	     0.894226	     0.899432	     0.877379	     0.930767	     0.885220	     0.904396	     0.878100	     0.923773	     0.861952	     0.986110	     0.933672	
  1.39795e+08	     0.934545	     0.907954	     0.907076	     0.871918	     0.927618	     0.887829	     0.929869	     0.875804	     0.929065	     0.857936	     0.989652	     0.942525	
  1.39875e+08	     0.945698	     0.916753	     0.904274	     0.870507	     0.918227	     0.871724	     0.933342	     0.862642	     0.937770	     0.870073	     0.981823	     0.921772	
  1.39955e+08	     0.944541	     0.911705	     0.903554	     0.870458	     0.907978	     0.866229	     0.896848	     0.861878	     0.931449	     0.868174	     0.984442	     0.919639	
  1.40035e+08	     0.931257	     0.890399	     0.892430	     0.845953	     0.912708	     0.861065	     0.886634	     0.836553	     0.925136	     0.853392	     0.960384	     0.919056	
  1.40115e+08	      1.62867	      1.62179	      1.52107	      1.47849	      1.57690	      1.55420	      1.55753	      1.50708	      1.53828	      1.50873	      1.60547	      1.55360	
  1.40195e+08	      1.62206	      1.61115	      1.52107	      1.47127	      1.57265	      1.54806	      1.54379	      1.50347	      1.53624	      1.50359	      1.59717	      1.54516	
  1.40275e+08	     0.924454	     0.885026	     0.876797	     0.852068	     0.915552	     0.858015	     0.906946	     0.843398	     0.915913	     0.857127	     0.962983	     0.907502	
  1.40355e+08	     0.931576	     0.903793	     0.898245	     0.865981	     0.925233	     0.864953	     0.916668	     0.865791	     0.927843	     0.888538	     0.974608	     0.923231	
  1.40435e+08	     0.932629	     0.901129	     0.900480	     0.840658	     0.933764	     0.865323	     0.912057	     0.869827	     0.938033	     0.878245	     0.974925	     0.917210	
  1.40515e+08	     0.940800	     0.899777	     0.889836	     0.849687	     0.914578	     0.865819	     0.916706	     0.857314	     0.932164	     0.878500	     0.972696	     0.918909	
  1.40595e+08	     0.941862	     0.895926	     0.903153	     0.852661	     0.927646	     0.861494	     0.910883	     0.865164	     0.928171	     0.876286	     0.980224	     0.922208	
  1.40675e+08	     0.936564	     0.904983	     0.894585	     0.865766	     0.927047	     0.866816	     0.897385	     0.854386	     0.924337	     0.868877	     0.972813	     0.918413	
  1.40755e+08	     0.932800	     0.902654	     0.902896	     0.864837	     0.916069	     0.860581	     0.916719	     0.867815	     0.931723	     0.874311	     0.971318	     0.922602	
  1.40835e+08	     0.933381	     0.900708	     0.906392	     0.862448	     0.913237	     0.858341	     0.898859	     0.860790	     0.927072	     0.866212	     0.966704	     0.921068	
  1.40915e+08	     0.927835	     0.902318	     0.897873	     0.870629	     0.919790	     0.861420	     0.901449	     0.862699	     0.934936	     0.872528	     0.967132	     0.908541	
  1.40995e+08	     0.935490	     0.895932	     0.894419	     0.849048	     0.920187	     0.860268	     0.897812	     0.866733	     0.932825	     0.871626	     0.971494	     0.919352	
  1.41075e+08	     0.920209	     0.892231	     0.888839	     0.865888	     0.917929	     0.862876	     0.903160	     0.861294	     0.926288	     0.860685	     0.967580	     0.900098	
  1.41155e+08	     0.926193	     0.899604	     0.890948	     0.858861	     0.917375	     0.858078	     0.896079	     0.851698	     0.929162	     0.868279	     0.971087	     0.910262	
  1.41235e+08	     0.920517	     0.892053	     0.887775	     0.861515	     0.912839	     0.863378	     0.902134	     0.857809	     0.919144	     0.868585	     0.969652	     0.915559	
  1.41315e+08	     0.912591	     0.880391	     0.889674	     0.839144	     0.909285	     0.851307	     0.888573	     0.850115	     0.906870	     0.844900	     0.962109	     0.916935	
  1.41395e+08	      1.61217	      1.60137	      1.51629	      1.46482	      1.56540	      1.53895	      1.53816	      1.49895	      1.52487	      1.49646	      1.58564	      1.53996	
  1.41475e+08	      1.60578	      1.59061	      1.51818	      1.46650	      1.56371	      1.53729	      1.54011	      1.51445	      1.52312	      1.49611	      1.58092	      1.53785	
  1.41555e+08	     0.903905	     0.874195	     0.880847	     0.853315	     0.896785	     0.842629	     0.897748	     0.847311	     0.914725	     0.856640	     0.948679	     0.914819	
  1.41635e+08	     0.920572	     0.902898	     0.895941	     0.855114	     0.913526	     0.857542	     0.919460	     0.893978	     0.931894	     0.871067	     0.967595	     0.910399	
  1.41715e+08	     0.920681	     0.911059	     0.891600	     0.853146	     0.919195	     0.857301	     0.922787	     0.875700	     0.929784	     0.888660	     0.978082	     0.931137	
  1.41795e+08	     0.919557	     0.898364	     0.890117	     0.859121	     0.910949	     0.848751	     0.915452	     0.877850	     0.932439	     0.879582	     0.978375	     0.943093	
  1.41875e+08	     0.919438	     0.894529	     0.902550	     0.864525	     0.910821	     0.850459	     0.905036	     0.873986	     0.924158	     0.861812	     0.978033	     0.927904	
  1.41955e+08	     0.919794	     0.877025	     0.890672	     0.857563	     0.913907	     0.842765	     0.908396	     0.874027	     0.934323	     0.852974	     0.975458	     0.936373	
  1.42035e+08	     0.909389	     0.877000	     0.897102	     0.855702	     0.910890	     0.855446	     0.912492	     0.883148	     0.924741	     0.871299	     0.966751	     0.943550	
  1.42115e+08	     0.918956	     0.886320	     0.899960	     0.851880	     0.903810	     0.852900	     0.930503	     0.886864	     0.926801	     0.872198	     0.972017	     0.932839	
  1.42195e+08	     0.914430	     0.882723	     0.899095	     0.874574	     0.912254	     0.851548	     0.919100	     0.895482	     0.936938	     0.860150	     0.976323	     0.930646	
  1.42275e+08	     0.913855	     0.871270	     0.896229	     0.851784	     0.912665	     0.860652	     0.919093	     0.884657	     0.922525	     0.868899	     0.973591	     0.925904	
  1.42355e+08	     0.913060	     0.876843	     0.896452	     0.875548	     0.908009	     0.867887	     0.937118	     0.887740	     0.932212	     0.880705	     0.972483	     0.933034	
  1.42435e+08	     0.918491	     0.893423	     0.905111	     0.854220	     0.916951	     0.863014	     0.916631	     0.894250	     0.931355	     0.859258	     0.970145	     0.930906	
  1.42515e+08	     0.920242	     0.883923	     0.908162	     0.862966	     0.913710	     0.861667	     0.929151	     0.905510	     0.924668	     0.865865	     0.969240	     0.925139	
  1.42595e+08	     0.904998	     0.874866	     0.903714	     0.849685	     0.899761	     0.856831	     0.926233	     0.873507	     0.909218	     0.856229	     0.953289	     0.917706	
  1.42675e+08	      1.59942	      1.58445	      1.51465	      1.46370	      1.56145	      1.53459	      1.53601	      1.51596	      1.51843	      1.49273	      1.57580	      1.53354	
  1.42755e+08	      1.60124	      1.58962	      1.52028	      1.47019	      1.56585	      1.53780	      1.53947	      1.52365	      1.51934	      1.50198	      1.57944	      1.53478	
  1.42835e+08	     0.908116	     0.869075	     0.894472	     0.855102	     0.909286	     0.857836	     0.895424	     0.870954	     0.912268	     0.855204	     0.959513	     0.909832	
  1.42915e+08	     0.930170	     0.888573	     0.910024	     0.874315	     0.920091	     0.890607	     0.921546	     0.902704	     0.928622	     0.858840	     0.976590	     0.924503	
  1.42995e+08	     0.936551	     0.893683	     0.909769	     0.875727	     0.926791	     0.873967	     0.918508	     0.888995	     0.929006	     0.871012	     0.968289	     0.928342	
  1.43075e+08	     0.926950	     0.897475	     0.913134	     0.886700	     0.929900	     0.863896	     0.921413	     0.887246	     0.931232	     0.884616	     0.966357	     0.905386	
  1.43155e+08	     0.931607	     0.895389	     0.921537	     0.881031	     0.914982	     0.876823	     0.917548	     0.889096	     0.935598	     0.878545	     0.967778	     0.908894	
  1.43235e+08	     0.930095	     0.897237	     0.907733	     0.877498	     0.919480	     0.869044	     0.912285	     0.881706	     0.937692	     0.874524	     0.971029	     0.909479	
  1.43315e+08	     0.930909	     0.887647	     0.917407	     0.893117	     0.919851	     0.875176	     0.910795	     0.883163	     0.932357	     0.874793	     0.967035	     0.918872	
  1.43395e+08	     0.928385	     0.884746	     0.911814	     0.871406	     0.927299	     0.866240	     0.933919	     0.875268	     0.935110	     0.871286	     0.971653	     0.915598	
  1.43475e+08	     0.928143	     0.898627	     0.911419	     0.871198	     0.925735	     0.887268	     0.927696	     0.865850	     0.930398	     0.881109	     0.974351	     0.919603	
  1.43555e+08	     0.927231	     0.890819	     0.913789	     0.870800	     0.928936	     0.884382	     0.924212	     0.854690	     0.941014	     0.878271	     0.968446	     0.920374	
  1.43635e+08	     0.933909	     0.893723	     0.912081	     0.879867	     0.936270	     0.891639	     0.924756	     0.880258	     0.938798	     0.884545	     0.968540	     0.912558	
  1.43715e+08	     0.928065	     0.888718	     0.906551	     0.868052	     0.931306	     0.896843	     0.923268	     0.878229	     0.945121	     0.890319	     0.972660	     0.920254	
  1.43795e+08	     0.935335	     0.888513	     0.908186	     0.883622	     0.919509	     0.895708	     0.909709	     0.875424	     0.935780	     0.885024	     0.968306	     0.922979	
  1.43875e+08	     0.921647	     0.889969	     0.903171	     0.877930	     0.923841	     0.892216	     0.909675	     0.859392	     0.922331	     0.882398	     0.964153	     0.905158	
  1.43955e+08	      1.59783	      1.58716	      1.52473	      1.47408	      1.56774	      1.53944	      1.54814	      1.47312	      1.52809	      1.50375	      1.58116	      1.52580	
  1.44035e+08	      1.60662	      1.59890	      1.53906	      1.49260	      1.58221	      1.55243	      1.56764	      1.52013	      1.52883	      1.51810	      1.59179	      1.53928	
  1.44115e+08	     0.918716	     0.890007	     0.898042	     0.868623	     0.924278	     0.872078	     0.905268	     0.881756	     0.918600	     0.888416	     0.959690	     0.910257	
  1.44195e+08	     0.936101	     0.915846	     0.910006	     0.871966	     0.942406	     0.873899	     0.926728	     0.861448	     0.932952	     0.884605	     0.978490	     0.920148	
  1.44275e+08	     0.944512	     0.899541	     0.917819	     0.875648	     0.940588	     0.894118	     0.929540	     0.882246	     0.934590	     0.880538	     0.971970	     0.914861	
  1.44355e+08	     0.941388	     0.914199	     0.911546	     0.879157	     0.940475	     0.902633	     0.923708	     0.865701	     0.940133	     0.889264	     0.973329	     0.921793	
  1.44435e+08	     0.943383	     0.907937	     0.923679	     0.869707	     0.945524	     0.896390	     0.920478	     0.879262	     0.942237	     0.888999	     0.979751	     0.912503	
  1.44515e+08	     0.950602	     0.895993	     0.915436	     0.866549	     0.948408	     0.881673	     0.911028	     0.871489	     0.945444	     0.886651	     0.972648	     0.911939	
  1.44595e+08	     0.938670	     0.890988	     0.929588	     0.890978	     0.952241	     0.883350	     0.923629	     0.893023	     0.942109	     0.889409	     0.973004	     0.925212	
  1.44675e+08	     0.929058	     0.902115	     0.916445	     0.885268	     0.950756	     0.895059	     0.915512	     0.863691	     0.937010	     0.898291	     0.977414	     0.912635	
  1.44755e+08	     0.938734	     0.905445	     0.920183	     0.891295	     0.935770	     0.885027	     0.935766	     0.889886	     0.950555	     0.901575	     0.975620	     0.919140	
  1.44835e+08	     0.935954	     0.904669	     0.917131	     0.882109	     0.945032	     0.898169	     0.931562	     0.877861	     0.947624	     0.896606	     0.980666	     0.924337	
  1.44915e+08	     0.936553	     0.903647	     0.915229	     0.872893	     0.943725	     0.909730	     0.928383	     0.877386	     0.956078	     0.899015	     0.983906	     0.927654	
  1.44995e+08	     0.940792	     0.892769	     0.921034	     0.877552	     0.942969	     0.896650	     0.939661	     0.892783	     0.952205	     0.899954	     0.983696	     0.926105	
  1.45075e+08	     0.943027	     0.898013	     0.924888	     0.885399	     0.941774	     0.899701	     0.929514	     0.900216	     0.956863	     0.903697	     0.984308	     0.929113	
  1.45155e+08	     0.930313	     0.879424	     0.903301	     0.878508	     0.939586	     0.884906	     0.907755	     0.889813	     0.946469	     0.890987	     0.974092	     0.924282	
  1.45235e+08	      1.61025	      1.60404	      1.54599	      1.49844	      1.59017	      1.55988	      1.57650	      1.55674	      1.54494	      1.52653	      1.60553	      1.55297	
  1.45315e+08	      1.62058	      1.62109	      1.56878	      1.52035	      1.60961	      1.58406	      1.58735	      1.59942	      1.54626	      1.54249	      1.61346	      1.56593	
  1.45395e+08	     0.931867	     0.898596	     0.928992	     0.885643	     0.944513	     0.896615	     0.941274	     0.887751	     0.946360	     0.902543	     0.970341	     0.919142	
  1.45475e+08	     0.946820	     0.901864	     0.932210	     0.907558	     0.955967	     0.910800	     0.955754	     0.907026	     0.962594	     0.913819	     0.979622	     0.935257	
  1.45555e+08	     0.951409	     0.902886	     0.941778	     0.907680	     0.959458	     0.904247	     0.959385	     0.896699	     0.959698	     0.915320	     0.997300	     0.952249	
  1.45635e+08	     0.947708	     0.895888	     0.938701	     0.905048	     0.952999	     0.903413	     0.963998	     0.915130	     0.972568	     0.908712	     0.995363	     0.943720	
  1.45715e+08	     0.962541	     0.919249	     0.948193	     0.911253	     0.958653	     0.908335	     0.959242	     0.914920	     0.964133	     0.912550	      1.00357	     0.970575	
  1.45795e+08	     0.944436	     0.901617	     0.932804	     0.910042	     0.956353	     0.905436	     0.959773	     0.917336	     0.964925	     0.913211	      1.00466	     0.951422	
  1.45875e+08	     0.939294	     0.895237	     0.934146	     0.910759	     0.963317	     0.914661	     0.954325	     0.907053	     0.964774	     0.916668	      1.00237	     0.973049	
  1.45955e+08	     0.951167	     0.897142	     0.935540	     0.897612	     0.967989	     0.917589	     0.966860	     0.930357	     0.970643	     0.919007	      1.00417	     0.964369	
  1.46035e+08	     0.947535	     0.895665	     0.938899	     0.913459	     0.969395	     0.915380	     0.952353	     0.917472	     0.978636	     0.924826	      1.01018	     0.961114	
  1.46115e+08	     0.946682	     0.915058	     0.941073	     0.912790	     0.969199	     0.920342	     0.967446	     0.932349	     0.977500	     0.931531	      1.00953	     0.955034	
  1.46195e+08	     0.953730	     0.901881	     0.948563	     0.926247	     0.969967	     0.916984	     0.959223	     0.917699	     0.978214	     0.936247	     0.999136	     0.939749	
  1.46275e+08	     0.952174	     0.903278	     0.940444	     0.913292	     0.970013	     0.921121	     0.951429	     0.911150	     0.976661	     0.930377	     0.997732	     0.946406	
  1.46355e+08	     0.956621	     0.905206	     0.947509	     0.902639	     0.960537	     0.923350	     0.948333	     0.914317	     0.977579	     0.944546	      1.00496	     0.968541	
  1.46435e+08	     0.937658	     0.911025	     0.936430	     0.894940	     0.960238	     0.913056	     0.939309	     0.887724	     0.963109	     0.929732	     0.986045	     0.940728	
  1.46515e+08	      1.62888	      1.62936	      1.57893	      1.53369	      1.62129	      1.59176	      1.59654	      1.62206	      1.56128	      1.55582	      1.61835	      1.57449	
  1.46595e+08	      1.65010	      1.64788	      1.59864	      1.55709	      1.64229	      1.61292	      1.61740	      1.63866	      1.57770	      1.56696	      1.62639	      1.59094	
  1.46675e+08	     0.938364	     0.896395	     0.938902	     0.914301	     0.965675	     0.927291	     0.951705	     0.913974	     0.971824	     0.940407	     0.992321	     0.944752	
  1.46755e+08	     0.953986	     0.913846	     0.956671	     0.918760	     0.983394	     0.949905	     0.973315	     0.940919	     0.988376	     0.957660	      1.00610	     0.965704	
  1.46835e+08	     0.953367	     0.910913	     0.956419	     0.921111	     0.974469	     0.949919	     0.977865	     0.942576	     0.993314	     0.957553	      1.00520	     0.966431	
  1.46915e+08	     0.960746	     0.921376	     0.963734	     0.932047	     0.981938	     0.941104	     0.967680	     0.932180	     0.998303	     0.951844	      1.00637	     0.969702	
  1.46995e+08	     0.959789	     0.931004	     0.963920	     0.928100	     0.978754	     0.946549	     0.978491	     0.951166	      1.00537	     0.955312	      1.00892	     0.970616	
  1.47075e+08	     0.961385	     0.914676	     0.968304	     0.927847	     0.982939	     0.943993	     0.963836	     0.940133	     0.997570	     0.964819	      1.01316	     0.977679	
  1.47155e+08	     0.959112	     0.928958	     0.971196	     0.936009	     0.980606	     0.939205	     0.977197	     0.938170	      1.00477	     0.961736	      1.01628	     0.970997	
  1.47235e+08	     0.966254	     0.924806	     0.962049	     0.937648	     0.983211	     0.936912	     0.972627	     0.947979	     0.994212	     0.951655	      1.01714	     0.970148	
  1.47315e+08	     0.968642	     0.913752	     0.961611	     0.937304	     0.993169	     0.955056	     0.978650	     0.951870	      1.00349	     0.966893	      1.01674	     0.975931	
  1.47395e+08	     0.971378	     0.942486	     0.965342	     0.931548	     0.989929	     0.952842	     0.976394	     0.943518	      1.00531	     0.961270	      1.02321	     0.987215	
  1.47475e+08	     0.971272	     0.949990	     0.961924	     0.926988	     0.993398	     0.949813	     0.990166	     0.954864	      1.00366	     0.959701	      1.02004	     0.993582	
  1.47555e+08	     0.972520	     0.945180	     0.955722	     0.946909	     0.995430	     0.956192	     0.987974	     0.953956	      1.00279	     0.960943	      1.03044	     0.994971	
  1.47635e+08	     0.972480	     0.951761	     0.969626	     0.930426	     0.993896	     0.956496	      1.00092	     0.961223	      1.00332	     0.965605	      1.02857	     0.986291	
  1.47715e+08	     0.959482	     0.937526	     0.970290	     0.932600	     0.987037	     0.944222	     0.995835	     0.956802	     0.987672	     0.948674	      1.01710	     0.978104	
  1.47795e+08	      1.65633	      1.65753	      1.61147	      1.56995	      1.65006	      1.62228	      1.62676	      1.64867	      1.57594	      1.57518	      1.63761	      1.59826	
  1.47875e+08	      1.66742	      1.67342	      1.62781	      1.58662	      1.66517	      1.63871	      1.64700	      1.66639	      1.59845	      1.58791	      1.65711	      1.60917	
  1.47955e+08	     0.973563	     0.951745	     0.973055	     0.936609	     0.987657	     0.946795	     0.998576	     0.971798	     0.996136	     0.968786	      1.01846	     0.970655	
  1.48035e+08	     0.993154	     0.968038	     0.987288	     0.953502	      1.00537	     0.966031	      1.01051	     0.961487	      1.01105	     0.974781	      1.03511	      1.00414	
  1.48115e+08	     0.996264	     0.969434	     0.986039	     0.954601	      1.00808	     0.968589	      1.00766	     0.969300	      1.01061	     0.975462	      1.03277	      1.00495	
  1.48195e+08	     0.993392	     0.967887	     0.983553	     0.951426	      1.00789	     0.971984	      1.00013	     0.961061	      1.00538	     0.972401	      1.03897	      1.00940	
  1.48275e+08	     0.984174	     0.964862	     0.984121	     0.952221	      1.01977	     0.975680	      1.00357	     0.968241	      1.00374	     0.964421	      1.03107	      1.01203	
  1.48355e+08	     0.987993	     0.966959	     0.993887	     0.961572	      1.00937	     0.976201	     0.996303	     0.962384	      1.01018	     0.974626	      1.03648	     0.997453	
  1.48435e+08	     0.990451	     0.965813	     0.985068	     0.958652	      1.00113	     0.970544	      1.00162	     0.952681	      1.01477	     0.982348	      1.02712	     0.998509	
  1.48515e+08	     0.993812	     0.959738	     0.992703	     0.960116	      1.00878	     0.967696	      1.00810	     0.938066	      1.00915	     0.978893	      1.03355	      1.00120	
  1.48595e+08	     0.990488	     0.954882	     0.988513	     0.964436	      1.00911	     0.976760	     0.981166	     0.942819	      1.00947	     0.986580	      1.03218	      1.00282	
  1.48675e+08	     0.989126	     0.939907	     0.990634	     0.969080	      1.01242	     0.972045	     0.978611	     0.964947	      1.01058	     0.973015	      1.03589	      1.00391	
  1.48755e+08	     0.980771	     0.962183	     0.994801	     0.952522	      1.01536	     0.977298	     0.994625	     0.937496	      1.01123	     0.971160	      1.03242	      1.00859	
  1.48835e+08	     0.983526	     0.956452	     0.989073	     0.954371	      1.01106	     0.973356	     0.985647	     0.958738	      1.01389	     0.976711	      1.03411	      1.00683	
  1.48915e+08	     0.986666	     0.965648	     0.991196	     0.950268	      1.00938	     0.987196	     0.982537	     0.953783	      1.00779	     0.978530	      1.02471	      1.00427	
  1.48995e+08	     0.976560	     0.941140	     0.978118	     0.948286	      1.00343	     0.974698	     0.975615	     0.942920	     0.997151	     0.970505	      1.01453	     0.980572	
  1.49075e+08	      1.67145	      1.67680	      1.63235	      1.59422	      1.66880	      1.64511	      1.64894	      1.67308	      1.59431	      1.59124	      1.65919	      1.60816	
  1.49155e+08	      1.67258	      1.68164	      1.64593	      1.60413	      1.67570	      1.65358	      1.66931	      1.68061	      1.61740	      1.59821	      1.65682	      1.61388	
  1.49235e+08	     0.964292	     0.941375	     0.997166	     0.975241	      1.00539	     0.972212	     0.975222	     0.974058	      1.00433	     0.973890	      1.02091	     0.983002	
  1.49315e+08	     0.993380	     0.978962	      1.00824	     0.982698	      1.01888	     0.987591	     0.997841	     0.984233	      1.02548	     0.999233	      1.03835	      1.00858	
  1.49395e+08	     0.995848	     0.973653	      1.00809	     0.980160	      1.01790	     0.992183	      1.01911	     0.982229	      1.02215	     0.992543	      1.04150	      1.00980	
  1.49475e+08	      1.00121	     0.979632	      1.00409	     0.982409	      1.01866	     0.990677	      1.01249	     0.981463	      1.02458	     0.988069	      1.03537	      1.00708	
  1.49555e+08	     0.996138	     0.972746	      1.01339	     0.984550	      1.01994	     0.984828	     0.997665	     0.982207	      1.02087	     0.995156	      1.03925	      1.01863	
  1.49635e+08	     0.999644	     0.968872	      1.00472	     0.996279	      1.02174	     0.984389	      1.02083	     0.971340	      1.01303	     0.991003	      1.02318	      1.01529	
  1.49715e+08	     0.998861	     0.961153	      1.01285	     0.985057	      1.02241	     0.986148	      1.00658	     0.981916	      1.01637	     0.989293	      1.03440	      1.01365	
  1.49795e+08	     0.997253	     0.979058	      1.00674	     0.978657	      1.01634	     0.970781	      1.00654	     0.980138	      1.01633	     0.985293	      1.01489	     0.999163	
  1.49875e+08	     0.995652	     0.971301	      1.00868	     0.982745	      1.01283	     0.987270	     0.982366	     0.976222	      1.01868	     0.997470	      1.02664	     0.990155	
  1.49955e+08	      1.00035	     0.982853	      1.00026	     0.983285	      1.01266	     0.980428	     0.996540	     0.984109	      1.02637	     0.993782	      1.01866	      1.00149	
  1.50035e+08	      1.00638	     0.966724	      1.00108	     0.979913	      1.00858	     0.970200	     0.986367	     0.969600	      1.02658	     0.983643	      1.00532	      1.00088	
  1.50115e+08	     0.993626	     0.973681	      1.00396	     0.987332	      1.01264	     0.983979	     0.999119	     0.950657	      1.02417	     0.998308	      1.02302	     0.999163	
  1.50195e+08	      1.00016	     0.972913	      1.00801	     0.989923	      1.01818	     0.981884	      1.00562	     0.970947	      1.02466	     0.996815	      1.02441	     0.994611	
  1.50275e+08	     0.989892	     0.973258	     0.990166	     0.972744	      1.00386	     0.973761	      1.00398	     0.964947	      1.00420	     0.993170	      1.01625	     0.994448	
  1.50355e+08	      1.66930	      1.68057	      1.64545	      1.59957	      1.67253	      1.65170	      1.66938	      1.68207	      1.61608	      1.59551	      1.65597	      1.61131	
  1.50435e+08	      1.66590	      1.67916	      1.64129	      1.60156	      1.66767	      1.64794	      1.66272	      1.67823	      1.60530	      1.59124	      1.64971	      1.60676	
  1.50515e+08	     0.988772	     0.979557	     0.993988	     0.978449	      1.00338	     0.986877	     0.982906	     0.963709	      1.01337	     0.991531	      1.01668	      1.00227	
  1.50595e+08	      1.00196	     0.988141	      1.00954	     0.995554	      1.02622	      1.00264	      1.02379	     0.984559	      1.02358	      1.00422	      1.03636	      1.01852	
  1.50675e+08	      1.00008	     0.997547	      1.00612	     0.987532	      1.02756	      1.00467	      1.00283	     0.988541	      1.02443	      1.00326	      1.04135	      1.02197	
  1.50755e+08	     0.994574	     0.991511	      1.01018	     0.987034	      1.02504	      1.00932	      1.01712	     0.988433	      1.01911	      1.00084	      1.03816	      1.02410	
  1.50835e+08	     0.987476	     0.994080	      1.00609	     0.996412	      1.02781	      1.01327	     0.995816	      1.00924	      1.01989	      1.00057	      1.03797	      1.01609	
  1.50915e+08	     0.995055	      1.00095	      1.01739	     0.999933	      1.01685	      1.00809	      1.02035	     0.981293	      1.01639	      1.00524	      1.03623	      1.02121	
  1.50995e+08	     0.997412	     0.988721	      1.01268	      1.00545	      1.01773	     0.997761	      1.00865	      1.00104	      1.01966	      1.00270	      1.03285	      1.01876	
  1.51075e+08	     0.989682	     0.984571	      1.01393	      1.00152	      1.02034	      1.00370	      1.03700	     0.995287	      1.00986	     0.995589	      1.02041	      1.01160	
  1.51155e+08	     0.984704	     0.980041	      1.01515	     0.999886	      1.01501	     0.997532	      1.00954	      1.01039	      1.01810	     0.992049	      1.02827	      1.00869	
  1.51235e+08	     0.987565	     0.980132	      1.01459	      1.00345	      1.01622	     0.992403	      1.01565	     0.994205	      1.01861	     0.991652	      1.03663	      1.01843	
  1.51315e+08	     0.986488	     0.988355	      1.01068	     0.996849	      1.01682	     0.996907	      1.02122	     0.996941	      1.01661	     0.992422	      1.02412	      1.00575	
  1.51395e+08	     0.988654	     0.976254	      1.01752	     0.993402	      1.01326	     0.990258	      1.00895	     0.986116	      1.01691	     0.983523	      1.02773	      1.02185	
  1.51475e+08	     0.989360	     0.979228	      1.00872	     0.993766	      1.01304	      1.00100	      1.01596	     0.988798	      1.01021	     0.992360	      1.02638	      1.00981	
  1.51555e+08	     0.972222	     0.959488	     0.994804	     0.987992	     0.995131	     0.990289	     0.994640	     0.967996	      1.00143	     0.985363	      1.01332	      1.00472	
  1.51635e+08	      1.65822	      1.66801	      1.63262	      1.59699	      1.65733	      1.63724	      1.65310	      1.66614	      1.59671	      1.58802	      1.63330	      1.59543	
  1.51715e+08	      1.64618	      1.65797	      1.62602	      1.59290	      1.64739	      1.62671	      1.64188	      1.65812	      1.59194	      1.58092	      1.63121	      1.58117	
  1.51795e+08	     0.982563	     0.975906	     0.990461	     0.991469	      1.00429	     0.995770	     0.998941	     0.972417	      1.00028	     0.988376	      1.00301	     0.997707	
  1.51875e+08	     0.998161	     0.996465	      1.00667	     0.995624	      1.01660	      1.00588	      1.01459	     0.978388	      1.02414	      1.01009	      1.02402	      1.00705	
  1.51955e+08	     0.996013	     0.992115	      1.00654	     0.997227	      1.02258	      1.00970	     0.997809	     0.975994	      1.02379	      1.00759	      1.02371	      1.01487	
  1.52035e+08	     0.992999	     0.990016	      1.00734	     0.989434	      1.01396	      1.00336	      1.00382	     0.998721	      1.02325	     0.997427	      1.02403	      1.01443	
  1.52115e+08	     0.992063	     0.992382	      1.00200	     0.994415	      1.01123	     0.997668	      1.01233	     0.987188	      1.01846	     0.997692	      1.02224	      1.01277	
  1.52195e+08	     0.998196	     0.991808	     0.998197	     0.987684	      1.01143	      1.00396	      1.01442	     0.992853	      1.00988	     0.996275	      1.02207	      1.00824	
  1.52275e+08	     0.989582	     0.988732	     0.990330	     0.993077	      1.01424	      1.00208	      1.00980	     0.988760	      1.01332	      1.00084	      1.01864	      1.00831	
  1.52355e+08	     0.982549	     0.982474	     0.998383	     0.982342	      1.01217	     0.995720	      1.02247	     0.998022	      1.01086	     0.996519	      1.02014	      1.00201	
  1.52435e+08	     0.987649	     0.975550	     0.994995	     0.992111	      1.00919	      1.00021	      1.00585	     0.993955	      1.01313	     0.996301	      1.01644	      1.00695	
  1.52515e+08	     0.985337	     0.983662	     0.998349	     0.989423	      1.00968	      1.00926	      1.02087	     0.988357	      1.00983	     0.995193	      1.01231	      1.00825	
  1.52595e+08	     0.982103	     0.981385	     0.994455	     0.987517	      1.01327	      1.00531	      1.02081	     0.999809	      1.01879	     0.991441	      1.01698	      1.00540	
  1.52675e+08	     0.984202	     0.978749	     0.996141	     0.988009	      1.00724	      1.00214	      1.00677	     0.992947	      1.00526	     0.995358	      1.01260	     0.999465	
  1.52755e+08	     0.984089	     0.975381	     0.998713	     0.990512	      1.01093	      1.00254	      1.00701	     0.990865	      1.00553	      1.00417	      1.01377	     0.999021	
  1.52835e+08	     0.972188	     0.968706	     0.981046	     0.977400	     0.993288	     0.996774	     0.996485	     0.987945	     0.993222	     0.988649	     0.989499	     0.981951	
  1.52915e+08	      1.63392	      1.64685	      1.61715	      1.57465	      1.63546	      1.61453	      1.62860	      1.64842	      1.57550	      1.56955	      1.62090	      1.56528	
  1.52995e+08	      1.63071	      1.64048	      1.60390	      1.57506	      1.62471	      1.60270	      1.62516	      1.64217	      1.56856	      1.56012	      1.60650	      1.55301	
  1.53075e+08	     0.965101	     0.980200	     0.976876	     0.975653	     0.999130	     0.998743	     0.998316	     0.996334	     0.995137	     0.998914	     0.990155	     0.987304	
  1.53155e+08	     0.988787	     0.982471	     0.991437	     0.992375	      1.01174	      1.00866	      1.00569	      1.00411	      1.00728	      1.01269	      1.01158	      1.00775	
  1.53235e+08	     0.985133	     0.986919	     0.983206	     0.987910	      1.00622	      1.00509	      1.01063	      1.00060	      1.01297	      1.00956	      1.01085	     0.999643	
  1.53315e+08	     0.985555	     0.993046	     0.992503	     0.987211	      1.00586	      1.00341	     0.999911	      1.00337	      1.01272	      1.00946	      1.00471	      1.00639	
  1.53395e+08	     0.989385	     0.991837	     0.993348	     0.989318	      1.00364	     0.997936	      1.00960	      1.00828	      1.01714	      1.01862	      1.01250	      1.01047	
  1.53475e+08	     0.989714	     0.989562	      1.00034	     0.987767	      1.00155	      1.00214	      1.00368	      1.00390	      1.02393	      1.01244	      1.00403	      1.00566	
  1.53555e+08	     0.992538	     0.990406	     0.995584	     0.984142	     0.999465	     0.994041	     0.996077	     0.983838	      1.01688	      1.00825	      1.00942	      1.00268	
  1.53635e+08	     0.987181	     0.994665	     0.993429	     0.984335	      1.00189	      1.00048	      1.00158	     0.986788	      1.01391	      1.01518	      1.00712	     0.990095	
  1.53715e+08	     0.992067	     0.993721	     0.989632	     0.981340	     0.996567	     0.994572	      1.00527	      1.00118	      1.01568	      1.01800	      1.00771	     0.998588	
  1.53795e+08	     0.986477	     0.991825	     0.991917	     0.986291	     0.998385	     0.995006	      1.00275	      1.00385	      1.01279	      1.00712	      1.00176	     0.991509	
  1.53875e+08	     0.986375	     0.986868	     0.991221	     0.982415	     0.999304	     0.993432	      1.00532	      1.01740	      1.01745	      1.01106	     0.999320	      1.00020	
  1.53955e+08	     0.982140	     0.981023	     0.987268	     0.985589	     0.996886	     0.994481	      1.00007	     0.996285	      1.01381	      1.01169	      1.00029	     0.996357	
  1.54035e+08	     0.983365	     0.984060	     0.991330	     0.986898	     0.999683	     0.993693	     0.990852	     0.994918	      1.00844	      1.00447	      1.00180	     0.992862	
  1.54115e+08	     0.972023	     0.971126	     0.972415	     0.980944	     0.986886	     0.987765	     0.992481	     0.984606	     0.990159	      1.00056	     0.983642	     0.978663	
  1.54195e+08	      1.62111	      1.63086	      1.60072	      1.56832	      1.61477	      1.59356	      1.61678	      1.63308	      1.55865	      1.55257	      1.59080	      1.54185	
  1.54275e+08	      1.61220	      1.62270	      1.59777	      1.56377	      1.60950	      1.58340	      1.60993	      1.62756	      1.55268	      1.54958	      1.58741	      1.53087	
  1.54355e+08	     0.977766	     0.982051	     0.985703	     0.984330	     0.982691	     0.989937	     0.994321	     0.997367	     0.986032	     0.996816	     0.981759	     0.979864	
  1.54435e+08	     0.989371	     0.997882	     0.998519	     0.996374	      1.00238	      1.00848	      1.00529	      1.00427	      1.00222	      1.00618	     0.995734	     0.996864	
  1.54515e+08	     0.988790	     0.994158	     0.999061	     0.988453	      1.00471	      1.00755	     0.998711	      1.00630	      1.00653	      1.00894	     0.998621	      1.00094	
  1.54595e+08	     0.988747	     0.996799	     0.994090	     0.990538	      1.00169	     0.999556	     0.998583	      1.01390	      1.00668	      1.01419	      1.00188	     0.998490	
  1.54675e+08	     0.993486	     0.997009	     0.992163	     0.998661	      1.00604	      1.00070	      1.00433	      1.01691	      1.00004	      1.00934	     0.997324	     0.991627	
  1.54755e+08	     0.990152	      1.00019	     0.990934	     0.986193	     0.998603	     0.994856	     0.997875	      1.01251	      1.00763	      1.01494	     0.999861	     0.992215	
  1.54835e+08	     0.991468	      1.00453	     0.998155	     0.999414	     0.996674	     0.994174	     0.990871	     0.995508	      1.00465	      1.01291	     0.992956	     0.991072	
  1.54915e+08	     0.994216	     0.993318	      1.00114	     0.992263	     0.991820	     0.997196	     0.987178	      1.00389	     0.998162	      1.00685	     0.994381	     0.986503	
  1.54995e+08	     0.986399	     0.998946	      1.00092	      1.00100	     0.993781	      1.00005	     0.985882	      1.00557	      1.00098	      1.01557	      1.00029	     0.989730	
  1.55075e+08	     0.985317	      1.00343	      1.00456	     0.999079	     0.996564	     0.993468	     0.998672	     0.988257	      1.00171	      1.00229	     0.999719	     0.989898	
  1.55155e+08	     0.989526	     0.995272	     0.997177	      1.00555	     0.991976	     0.997840	      1.00200	     0.993185	     0.997564	     0.997450	      1.00345	     0.996233	
  1.55235e+08	     0.984127	      1.00212	      1.00117	     0.995667	     0.993061	     0.993108	     0.997328	     0.982032	      1.00831	      1.00698	      1.00167	     0.996727	
  1.55315e+08	     0.983420	     0.992043	     0.997424	     0.998299	     0.987482	     0.992454	     0.991321	     0.979460	      1.00663	      1.00441	     0.999446	     0.997619	
  1.55395e+08	     0.974687	     0.978017	     0.985464	     0.989604	     0.982130	     0.978022	     0.974988	     0.968873	     0.986208	     0.997210	     0.989632	     0.987747	
  1.55475e+08	      1.60897	      1.61594	      1.59002	      1.55189	      1.60427	      1.57969	      1.60413	      1.62054	      1.55157	      1.54199	      1.58001	      1.52085	
  1.55555e+08	      1.61248	      1.61757	      1.59484	      1.55649	      1.60365	      1.57751	      1.60221	      1.62112	      1.57340	      1.54084	      1.57923	      1.51658	
  1.55635e+08	     0.973900	     0.973198	     0.981509	     0.992434	     0.987985	     0.994858	     0.990160	     0.993714	     0.995415	     0.994474	     0.985147	     0.979415	
  1.55715e+08	     0.992441	     0.995522	     0.992558	      1.00828	      1.00447	      1.00317	      1.01266	      1.00021	      1.00747	      1.00860	      1.00269	      1.01845	
  1.55795e+08	     0.996574	     0.999641	      1.00970	      1.00929	      1.00099	      1.00317	      1.00540	      1.00789	      1.00649	      1.01172	      1.00368	      1.01367	
  1.55875e+08	     0.989583	     0.993610	      1.00249	      1.00587	      1.00191	      1.00250	      1.00379	      1.00485	      1.01305	      1.01300	      1.00159	      1.00803	
  1.55955e+08	     0.994316	     0.996942	     0.995879	      1.00400	      1.00280	     0.996781	      1.00809	      1.01002	      1.01059	      1.00744	      1.00317	      1.01298	
  1.56035e+08	     0.991780	     0.995753	     0.991514	      1.00105	     0.999596	      1.00802	      1.01139	      1.00155	      1.01288	      1.00895	      1.00193	      1.00731	
  1.56115e+08	     0.991135	     0.996611	     0.996970	      1.00230	     0.994110	      1.00090	      1.01088	      1.01789	      1.01353	      1.00767	      1.00030	      1.00507	
  1.56195e+08	     0.984073	     0.992599	     0.996277	      1.00807	     0.993293	     0.993720	      1.00484	      1.00486	      1.00513	      1.02380	      1.00369	      1.00822	
  1.56275e+08	     0.994373	     0.990627	     0.996737	      1.00559	     0.998435	      1.00386	      1.01516	      1.00469	      1.00947	      1.01450	     0.997204	      1.00188	
  1.56355e+08	     0.993535	     0.996062	     0.993896	     0.999076	     0.993541	      1.00389	      1.00616	      1.00954	      1.00872	      1.00926	      1.00247	      1.01163	
  1.56435e+08	     0.990343	     0.998951	     0.997862	     0.996342	     0.999505	     0.996580	      1.01001	      1.01837	      1.00759	      1.00105	      1.00309	      1.01033	
  1.56515e+08	     0.996986	     0.989997	      1.00782	      1.00100	      1.00222	     0.999763	      1.00495	      1.01469	      1.00322	     0.998393	      1.00644	      1.01388	
  1.56595e+08	     0.992181	     0.988833	     0.999718	      1.00253	      1.00001	      1.00006	      1.00351	      1.01228	      1.00470	      1.00637	      1.00211	      1.01306	
  1.56675e+08	     0.979163	     0.969959	     0.990620	     0.992671	     0.987487	     0.988774	     0.993416	     0.997052	      1.00596	     0.998536	     0.986511	     0.996606	
  1.56755e+08	      1.61268	      1.61717	      1.59547	      1.55669	      1.60106	      1.57188	      1.59984	      1.62333	      1.57316	      1.53888	      1.57534	      1.51388	
  1.56835e+08	      1.62072	      1.62626	      1.60230	      1.56574	      1.60677	      1.58031	      1.60721	      1.63078	      1.57906	      1.54397	      1.57811	      1.51588	
  1.56915e+08	     0.980738	     0.994902	     0.992017	     0.999186	     0.987798	     0.993451	      1.00770	      1.02041	      1.00235	      1.00861	     0.987778	      1.00668	
  1.56995e+08	     0.998991	      1.00421	      1.01317	      1.00784	     0.996720	      1.01706	      1.01658	      1.03433	      1.01477	      1.02381	      1.00679	      1.01038	
  1.57075e+08	      1.00117	      1.00652	      1.01383	      1.02056	      1.00197	      1.01611	      1.01546	      1.02530	      1.01602	      1.01376	      1.00721	      1.01493	
  1.57155e+08	     0.994946	      1.00321	      1.00655	      1.01630	      1.00764	      1.01453	      1.01874	      1.02024	      1.02334	      1.02918	      1.00198	      1.01403	
  1.57235e+08	      1.00371	     0.995754	      1.00913	      1.01802	      1.00597	      1.01138	      1.02694	      1.03308	      1.02171	      1.02685	      1.00746	      1.01211	
  1.57315e+08	      1.00162	      1.00826	      1.00756	      1.01278	      1.00906	      1.02111	      1.00664	      1.03256	      1.02162	      1.02733	      1.00126	      1.01207	
  1.57395e+08	      1.00389	      1.00481	      1.01106	      1.01370	      1.00516	      1.00351	      1.01032	      1.02625	      1.01377	      1.02483	      1.00473	      1.02419	
  1.57475e+08	      1.00442	      1.00631	      1.01268	      1.01343	      1.00624	      1.01345	      1.01017	      1.03306	      1.01731	      1.02388	      1.00819	      1.01493	
  1.57555e+08	     0.996720	      1.00193	      1.01431	      1.01726	      1.00902	      1.02014	      1.02409	      1.02843	      1.02241	      1.02730	      1.01605	      1.02087	
  1.57635e+08	     0.995276	      1.00309	      1.01201	      1.01869	      1.01418	      1.01146	      1.02943	      1.03961	      1.02843	      1.02690	      1.00953	      1.01740	
  1.57715e+08	      1.00288	     0.999539	      1.02227	      1.02077	      1.01023	      1.01921	      1.03603	      1.05002	      1.02154	      1.03372	      1.00919	      1.02178	
  1.57795e+08	     0.994572	     0.998486	      1.01612	      1.02066	      1.01159	      1.01590	      1.02240	      1.03692	      1.01449	      1.02103	      1.00434	      1.01612	
  1.57875e+08	     0.994988	     0.997322	      1.01198	      1.02388	      1.00656	      1.01033	      1.02313	      1.03913	      1.01488	      1.01666	      1.01160	      1.01903	
  1.57955e+08	     0.980115	     0.984958	     0.994506	      1.01291	     0.996138	      1.00459	      1.00403	      1.01806	      1.00107	      1.01629	      1.00454	      1.00368	
  1.58035e+08	      1.62039	      1.62777	      1.60710	      1.57412	      1.60921	      1.58540	      1.60866	      1.63076	      1.55624	      1.54581	      1.58007	      1.51760	
  1.58115e+08	      1.63516	      1.64121	      1.61996	      1.58476	      1.61667	      1.60238	      1.63047	      1.64396	      1.56536	      1.55063	      1.58803	      1.52434	
  1.58195e+08	     0.989018	     0.995357	      1.01634	      1.01905	      1.00070	      1.01695	      1.01307	      1.02940	     0.995489	      1.02005	     0.986672	     0.997037	
  1.58275e+08	      1.00900	      1.01998	      1.03174	      1.03786	      1.02173	      1.03229	      1.02617	      1.03466	      1.01779	      1.03697	      1.01569	      1.02344	
  1.58355e+08	      1.00969	      1.01359	      1.03261	      1.04200	      1.01689	      1.02557	      1.03644	      1.04802	      1.01873	      1.03401	      1.02062	      1.03180	
  1.58435e+08	      1.01788	      1.01860	      1.03369	      1.03925	      1.01879	      1.02944	      1.02795	      1.04476	      1.01769	      1.03542	      1.01657	      1.03602	
  1.58515e+08	      1.01273	      1.02761	      1.03259	      1.04000	      1.01636	      1.02673	      1.02383	      1.05512	      1.02373	      1.03350	      1.02059	      1.02205	
  1.58595e+08	      1.01543	      1.02524	      1.03225	      1.04328	      1.01782	      1.03418	      1.03376	      1.05115	      1.01906	      1.03360	      1.01800	      1.02673	
  1.58675e+08	      1.01546	      1.02708	      1.03120	      1.03933	      1.01978	      1.02635	      1.02717	      1.02981	      1.02231	      1.04160	      1.01998	      1.03408	
  1.58755e+08	      1.02757	      1.03213	      1.02939	      1.04431	      1.01253	      1.02533	      1.03016	      1.04498	      1.02106	      1.04286	      1.00709	      1.02290	
  1.58835e+08	      1.01135	      1.03144	      1.02701	      1.04184	      1.02455	      1.02122	      1.03428	      1.04029	      1.02951	      1.04937	      1.01659	      1.02690	
  1.58915e+08	      1.01673	      1.03776	      1.02746	      1.04684	      1.01695	      1.01693	      1.03526	      1.04883	      1.03042	      1.04876	      1.02087	      1.03615	
  1.58995e+08	      1.02295	      1.04057	      1.03008	      1.04621	      1.01896	      1.02289	      1.03495	      1.05279	      1.03471	      1.04861	      1.01742	      1.02908	
  1.59075e+08	      1.02224	      1.03576	      1.03154	      1.04728	      1.01898	      1.02617	      1.03065	      1.06794	      1.02854	      1.04134	      1.02238	      1.03931	
  1.59155e+08	      1.02884	      1.03623	      1.03747	      1.05289	      1.02252	      1.02329	      1.02816	      1.06230	      1.01540	      1.03852	      1.02725	      1.03379	
  1.59235e+08	      1.00775	      1.02231	      1.02471	      1.03895	      1.01074	      1.02228	      1.02157	      1.04226	      1.00990	      1.03693	      1.00413	      1.02184	
  1.59315e+08	      1.63698	      1.64667	      1.62327	      1.58057	      1.62046	      1.60403	      1.63615	      1.64749	      1.56924	      1.55789	      1.59037	      1.52761	
  1.59395e+08	      1.65118	      1.65860	      1.63313	      1.59661	      1.63164	      1.60632	      1.64495	      1.65767	      1.58057	      1.56572	      1.59182	      1.52876	
  1.59475e+08	      1.02493	      1.03099	      1.02829	      1.04148	      1.01233	      1.02619	      1.02348	      1.05006	      1.01064	      1.04006	      1.00500	      1.01845	
  1.59555e+08	      1.04287	      1.06162	      1.04806	      1.06939	      1.03163	      1.04342	      1.04044	      1.07800	      1.03348	      1.06916	      1.01828	      1.03786	
  1.59635e+08	      1.04023	      1.06625	      1.04603	      1.06325	      1.03470	      1.04275	      1.03736	      1.06303	      1.03448	      1.05757	      1.02010	      1.04033	
  1.59715e+08	      1.03237	      1.06270	      1.04316	      1.06193	      1.03640	      1.04281	      1.04174	      1.07017	      1.03585	      1.06108	      1.02056	      1.04046	
  1.59795e+08	      1.04200	      1.05839	      1.04535	      1.06454	      1.03853	      1.04735	      1.04636	      1.07040	      1.03255	      1.05771	      1.02876	      1.04944	
  1.59875e+08	      1.03662	      1.06472	      1.05945	      1.07438	      1.03370	      1.04357	      1.03266	      1.07057	      1.03639	      1.05981	      1.02563	      1.04687	
  1.59955e+08	      1.03990	      1.06060	      1.04663	      1.07237	      1.02472	      1.04569	      1.03361	      1.04674	      1.03697	      1.05568	      1.02472	      1.04359	
  1.60035e+08	      1.03842	      1.07097	      1.04306	      1.06952	      1.03005	      1.04540	      1.01737	      1.03777	      1.04214	      1.05103	      1.02198	      1.04142	
  1.60115e+08	      1.03781	      1.06402	      1.05095	      1.06349	      1.03480	      1.04929	      1.04230	      1.05470	      1.03969	      1.05309	      1.02346	      1.04151	
  1.60195e+08	      1.03574	      1.06268	      1.04826	      1.06980	      1.03917	      1.05865	      1.04214	      1.05663	      1.03422	      1.06203	      1.02470	      1.03726	
  1.60275e+08	      1.03602	      1.06061	      1.04576	      1.06663	      1.04053	      1.05680	      1.03816	      1.07993	      1.03461	      1.06166	      1.02292	      1.03294	
  1.60355e+08	      1.03625	      1.06192	      1.04545	      1.07302	      1.04660	      1.05230	      1.04579	      1.06235	      1.03592	      1.05587	      1.02654	      1.05045	
  1.60435e+08	      1.04321	      1.06361	      1.05192	      1.06944	      1.03598	      1.05833	      1.05051	      1.07621	      1.03259	      1.06415	      1.02894	      1.05413	
  1.60515e+08	      1.02993	      1.04252	      1.05096	      1.06659	      1.02701	      1.04561	      1.04158	      1.05930	      1.01972	      1.03948	      1.01130	      1.03997	
  1.60595e+08	      1.66022	      1.66418	      1.64300	      1.61132	      1.63406	      1.60751	      1.65015	      1.66156	      1.60028	      1.56699	      1.59158	      1.52573	
  1.60675e+08	      1.66352	      1.67152	      1.64833	      1.61692	      1.64174	      1.60996	      1.65526	      1.66291	      1.60297	      1.56790	      1.59034	      1.52531	
  1.60755e+08	      1.03866	      1.06401	      1.05247	      1.06875	      1.02504	      1.05902	      1.04134	      1.07671	      1.02151	      1.05104	      1.00411	      1.02332	
  1.60835e+08	      1.05996	      1.08579	      1.06938	      1.08773	      1.04531	      1.08556	      1.06622	      1.09211	      1.03954	      1.07038	      1.02025	      1.05905	
  1.60915e+08	      1.05367	      1.08941	      1.06564	      1.09618	      1.04862	      1.07319	      1.06776	      1.10001	      1.03875	      1.07268	      1.02052	      1.04324	
  1.60995e+08	      1.05177	      1.08695	      1.06657	      1.10122	      1.04596	      1.06967	      1.05234	      1.08028	      1.04316	      1.07167	      1.01587	      1.05667	
  1.61075e+08	      1.05319	      1.08570	      1.06296	      1.09869	      1.04872	      1.07138	      1.05866	      1.07996	      1.04558	      1.06529	      1.02088	      1.04155	
  1.61155e+08	      1.04484	      1.06862	      1.06649	      1.09830	      1.04697	      1.07281	      1.06386	      1.09859	      1.03601	      1.06006	      1.02705	      1.05428	
  1.61235e+08	      1.05301	      1.08525	      1.07092	      1.08963	      1.05537	      1.07522	      1.06726	      1.09285	      1.03313	      1.06604	      1.02466	      1.04237	
  1.61315e+08	      1.05043	      1.08947	      1.06976	      1.09882	      1.05304	      1.07166	      1.05500	      1.09844	      1.03082	      1.06430	      1.02308	      1.04689	
  1.61395e+08	      1.05419	      1.07776	      1.07230	      1.09252	      1.05856	      1.07922	      1.07335	      1.10287	      1.02978	      1.06240	      1.02638	      1.05493	
  1.61475e+08	      1.04726	      1.07636	      1.07451	      1.09967	      1.05941	      1.07736	      1.07182	      1.09880	      1.03234	      1.04760	      1.01334	      1.04905	
  1.61555e+08	      1.05354	      1.07990	      1.07589	      1.09676	      1.05443	      1.07483	      1.08077	      1.09537	      1.03141	      1.06086	      1.01656	      1.04030	
  1.61635e+08	      1.05209	      1.08628	      1.06701	      1.09347	      1.05161	      1.07031	      1.07600	      1.10768	      1.03232	      1.06147	      1.01574	      1.04951	
  1.61715e+08	      1.05237	      1.08176	      1.06869	      1.08232	      1.04918	      1.07548	      1.06860	      1.10680	      1.03571	      1.07454	      1.01952	      1.05091	
  1.61795e+08	      1.03658	      1.05719	      1.05345	      1.08072	      1.03372	      1.06509	      1.04643	      1.11027	      1.01948	      1.04799	      1.00054	      1.03610	
  1.61875e+08	      1.66580	      1.67117	      1.64291	      1.61127	      1.63730	      1.60763	      1.65244	      1.65705	      1.59550	      1.56209	      1.58498	      1.51768	
  1.61955e+08	      1.66410	      1.67512	      1.64298	      1.61001	      1.63870	      1.60313	      1.65129	      1.65737	      1.58490	      1.55733	      1.57927	      1.52248	
  1.62035e+08	      1.05150	      1.08192	      1.05352	      1.09821	      1.04440	      1.06420	      1.05359	      1.09662	      1.02106	      1.06298	      1.00085	      1.04132	
  1.62115e+08	      1.06670	      1.10039	      1.08099	      1.10371	      1.06113	      1.08385	      1.06738	      1.13304	      1.04213	      1.08035	      1.01702	      1.05244	
  1.62195e+08	      1.06452	      1.09772	      1.08832	      1.10903	      1.05280	      1.08254	      1.07268	      1.10465	      1.04321	      1.07991	      1.01829	      1.05373	
  1.62275e+08	      1.05341	      1.09148	      1.08647	      1.10986	      1.06403	      1.08927	      1.07490	      1.10552	      1.04177	      1.07774	      1.02073	      1.05806	
  1.62355e+08	      1.05730	      1.08557	      1.07881	      1.10608	      1.05804	      1.08593	      1.07459	      1.10142	      1.03791	      1.07777	      1.02165	      1.05202	
  1.62435e+08	      1.06627	      1.10478	      1.07671	      1.10135	      1.05055	      1.08711	      1.08012	      1.11145	      1.03904	      1.07417	      1.01913	      1.05500	
  1.62515e+08	      1.06623	      1.10654	      1.07528	      1.10795	      1.06038	      1.08833	      1.06379	      1.10997	      1.03739	      1.07672	      1.02109	      1.04496	
  1.62595e+08	      1.07507	      1.10044	      1.07185	      1.09549	      1.06251	      1.08194	      1.07240	      1.10383	      1.03951	      1.06566	      1.01497	      1.05125	
  1.62675e+08	      1.06473	      1.11660	      1.07136	      1.08761	      1.04992	      1.08507	      1.07752	      1.11127	      1.03838	      1.07681	      1.01411	      1.04810	
  1.62755e+08	      1.06973	      1.10561	      1.06008	      1.09223	      1.05660	      1.09199	      1.06481	      1.11630	      1.03820	      1.07963	      1.02145	      1.03959	
  1.62835e+08	      1.07097	      1.10750	      1.06496	      1.10448	      1.04763	      1.08653	      1.07297	      1.10267	      1.04039	      1.07074	      1.01552	      1.04444	
  1.62915e+08	      1.06681	      1.09994	      1.06451	      1.10548	      1.05405	      1.09699	      1.07223	      1.10647	      1.03201	      1.07446	      1.02012	      1.04721	
  1.62995e+08	      1.06685	      1.09460	      1.07633	      1.10120	      1.05375	      1.08615	      1.06426	      1.10583	      1.03584	      1.07421	      1.00430	      1.04321	
  1.63075e+08	      1.03993	      1.06975	      1.06382	      1.09400	      1.04414	      1.07173	      1.03834	      1.07760	      1.01920	      1.06585	     0.995873	      1.03161	
  1.63155e+08	      1.65748	      1.66899	      1.63952	      1.59842	      1.62959	      1.59106	      1.64065	      1.65023	      1.58379	      1.54901	      1.56602	      1.52008	
  1.63235e+08	      1.65511	      1.66256	      1.63240	      1.59646	      1.61792	      1.58156	      1.63823	      1.64145	      1.57987	      1.53789	      1.55953	      1.50441	
  1.63315e+08	      1.05570	      1.09318	      1.06198	      1.08884	      1.04309	      1.07575	      1.03442	      1.07493	      1.02823	      1.06551	     0.989677	      1.02205	
  1.63395e+08	      1.06665	      1.10307	      1.08022	      1.10724	      1.05484	      1.09341	      1.05125	      1.09931	      1.04213	      1.09640	      1.01524	      1.05380	
  1.63475e+08	      1.06703	      1.10321	      1.07324	      1.10017	      1.05821	      1.08635	      1.04800	      1.07814	      1.04868	      1.09325	      1.01382	      1.04675	
  1.63555e+08	      1.06713	      1.10409	      1.06969	      1.09439	      1.04545	      1.08727	      1.04776	      1.10888	      1.04026	      1.08413	      1.02045	      1.05894	
  1.63635e+08	      1.07217	      1.10232	      1.07046	      1.09447	      1.05177	      1.07871	      1.03992	      1.09282	      1.03533	      1.08875	      1.01166	      1.04997	
  1.63715e+08	      1.06594	      1.11258	      1.06896	      1.08656	      1.05250	      1.07942	      1.04677	      1.10333	      1.03703	      1.07751	      1.00835	      1.04634	
  1.63795e+08	      1.06632	      1.10809	      1.06071	      1.09375	      1.05012	      1.08252	      1.04216	      1.06960	      1.04152	      1.07231	      1.00231	      1.03604	
  1.63875e+08	      1.06616	      1.11603	      1.06528	      1.08448	      1.04740	      1.07768	      1.04958	      1.07522	      1.02385	      1.07686	      1.00215	      1.04210	
  1.63955e+08	      1.06511	      1.09959	      1.05972	      1.09451	      1.05082	      1.08214	      1.05737	      1.09368	      1.03516	      1.07113	      1.00677	      1.04725	
  1.64035e+08	      1.06576	      1.09878	      1.06431	      1.09369	      1.03829	      1.08042	      1.06181	      1.09471	      1.02401	      1.07715	      1.00540	      1.04878	
  1.64115e+08	      1.05778	      1.10778	      1.06444	      1.09879	      1.05171	      1.07519	      1.05702	      1.08720	      1.04930	      1.07342	      1.00605	      1.03745	
  1.64195e+08	      1.06267	      1.10489	      1.06818	      1.09067	      1.03889	      1.07004	      1.04301	      1.07825	      1.03341	      1.06718	     0.998079	      1.03683	
  1.64275e+08	      1.06987	      1.08538	      1.05979	      1.08724	      1.03764	      1.06634	      1.03963	      1.07572	      1.02946	      1.07338	     0.999027	      1.04261	
  1.64355e+08	      1.05025	      1.08611	      1.03863	      1.07709	      1.02359	      1.05628	      1.02613	      1.06388	      1.01848	      1.06808	     0.977753	      1.02415	
  1.64435e+08	      1.64552	      1.65272	      1.61672	      1.58444	      1.60324	      1.56802	      1.62795	      1.62856	      1.56319	      1.52331	      1.54334	      1.49108	
  1.64515e+08	      1.63719	      1.63943	      1.60359	      1.57386	      1.58570	      1.55463	      1.61184	      1.57717	      1.52858	      1.50525	      1.52699	      1.47697	
  1.64595e+08	      1.05822	      1.08655	      1.04029	      1.07989	      1.01958	      1.06117	      1.03899	      1.06366	     0.999369	      1.05241	     0.972360	      1.02081	
  1.64675e+08	      1.07074	      1.11354	      1.05890	      1.10097	      1.02989	      1.07666	      1.04868	      1.08851	      1.02168	      1.07071	     0.992951	      1.03205	
  1.64755e+08	      1.07280	      1.11529	      1.07009	      1.10542	      1.02832	      1.08035	      1.04629	      1.09339	      1.02240	      1.07303	     0.987328	      1.02548	
  1.64835e+08	      1.06652	      1.11501	      1.06641	      1.10529	      1.03340	      1.08052	      1.05637	      1.09067	      1.01924	      1.07088	     0.991046	      1.03213	
  1.64915e+08	      1.06534	      1.10949	      1.06028	      1.10413	      1.03325	      1.07017	      1.04253	      1.08793	      1.01107	      1.07303	     0.993985	      1.02636	
  1.64995e+08	      1.06099	      1.10749	      1.05801	      1.10043	      1.02624	      1.07957	      1.03799	      1.08228	      1.02485	      1.07163	     0.990921	      1.03378	
  1.65075e+08	      1.06165	      1.10799	      1.05274	      1.10247	      1.03069	      1.07424	      1.02378	      1.06636	      1.01608	      1.06171	     0.987749	      1.02641	
  1.65155e+08	      1.05215	      1.12449	      1.05465	      1.09539	      1.02227	      1.07005	      1.03704	      1.05999	      1.01950	      1.06721	     0.984568	      1.03150	
  1.65235e+08	      1.06496	      1.10284	      1.04918	      1.09324	      1.03077	      1.07529	      1.03149	      1.05886	      1.02493	      1.06812	     0.979229	      1.01910	
  1.65315e+08	      1.05950	      1.11047	      1.05173	      1.10062	      1.03023	      1.06949	      1.02136	      1.06224	      1.01803	      1.06560	     0.978058	      1.01807	
  1.65395e+08	      1.05242	      1.10975	      1.05153	      1.09065	      1.02841	      1.07167	      1.03412	      1.06480	      1.01600	      1.06871	     0.968766	      1.02202	
  1.65475e+08	      1.04986	      1.10292	      1.05181	      1.09544	      1.03477	      1.06958	      1.02629	      1.07917	      1.01346	      1.06414	     0.978051	      1.00787	
  1.65555e+08	      1.05353	      1.09519	      1.05442	      1.08796	      1.03143	      1.07093	      1.03835	      1.09029	      1.00939	      1.06692	     0.968318	      1.02383	
  1.65635e+08	      1.03960	      1.07827	      1.04434	      1.08189	      1.01360	      1.05292	      1.01711	      1.08317	     0.997305	      1.05156	     0.954852	      1.00702	
  1.65715e+08	      1.63080	      1.62936	      1.59231	      1.55530	      1.57056	      1.54292	      1.59711	      1.55343	      1.52070	      1.49138	      1.51178	      1.46108	
  1.65795e+08	      1.62535	      1.61903	      1.58297	      1.54659	      1.55739	      1.53110	      1.57852	      1.57717	      1.50422	      1.47782	      1.49702	      1.44375	
  1.65875e+08	      1.04005	      1.08750	      1.02879	      1.08431	      1.00521	      1.05705	      1.00987	      1.08471	     0.991312	      1.05976	     0.949047	     0.992590	
  1.65955e+08	      1.05952	      1.11139	      1.04905	      1.10058	      1.03208	      1.07832	      1.03256	      1.09968	      1.00316	      1.07124	     0.970740	      1.01832	
  1.66035e+08	      1.06588	      1.09802	      1.05633	      1.09955	      1.02489	      1.07968	      1.01922	      1.12010	      1.01322	      1.07236	     0.973992	      1.01686	
  1.66115e+08	      1.06545	      1.10908	      1.05016	      1.09551	      1.01996	      1.07732	      1.03998	      1.09044	      1.01103	      1.07168	     0.966624	      1.01959	
  1.66195e+08	      1.04808	      1.09014	      1.05261	      1.09670	      1.02513	      1.06418	      1.04023	      1.08109	      1.01010	      1.06917	     0.973730	      1.01824	
  1.66275e+08	      1.05658	      1.10378	      1.04558	      1.09641	      1.01481	      1.06806	      1.02868	      1.09866	      1.00038	      1.05333	     0.968588	      1.02088	
  1.66355e+08	      1.05617	      1.10397	      1.05086	      1.08944	      1.01739	      1.06436	      1.04313	      1.07777	      1.00123	      1.05750	     0.961518	      1.01123	
  1.66435e+08	      1.06366	      1.10753	      1.04339	      1.08913	      1.01016	      1.06343	      1.05079	      1.09289	      1.00787	      1.05343	     0.957678	      1.01292	
  1.66515e+08	      1.06120	      1.10694	      1.04520	      1.08541	      1.00723	      1.06186	      1.02718	      1.09943	     0.999585	      1.05465	     0.967754	      1.01480	
  1.66595e+08	      1.06011	      1.10147	      1.04566	      1.07628	      1.01019	      1.06576	      1.04289	      1.09974	      1.00369	      1.05112	     0.959236	      1.01791	
  1.66675e+08	      1.05768	      1.10012	      1.04084	      1.07337	      1.00972	      1.06316	      1.02497	      1.09396	      1.00675	      1.05948	     0.958200	      1.01438	
  1.66755e+08	      1.06149	      1.09281	      1.04410	      1.07282	      1.01154	      1.05478	      1.02485	      1.08309	     0.997324	      1.04583	     0.958244	      1.00397	
  1.66835e+08	      1.05327	      1.09932	      1.03964	      1.07803	      1.00931	      1.05316	      1.02151	      1.08992	      1.00643	      1.05807	     0.958438	      1.00027	
  1.66915e+08	      1.04628	      1.08086	      1.02749	      1.06637	     0.998615	      1.04764	      1.00527	      1.05396	     0.985308	      1.03180	     0.956145	     0.992405	
  1.66995e+08	      1.61721	      1.61143	      1.57815	      1.54490	      1.54637	      1.52116	      1.57388	      1.57145	      1.51373	      1.46595	      1.48278	      1.43127	
  1.67075e+08	      1.61394	      1.60619	      1.57360	      1.53675	      1.53542	      1.50387	      1.56818	      1.56700	      1.50382	      1.45663	      1.47359	      1.42329	
  1.67155e+08	      1.04808	      1.08961	      1.03388	      1.07370	     0.993503	      1.04852	      1.01359	      1.08930	     0.977038	      1.04577	     0.947364	     0.996454	
  1.67235e+08	      1.06912	      1.11515	      1.04563	      1.08645	      1.00973	      1.06549	      1.01491	      1.08607	      1.00491	      1.06700	     0.966353	      1.01472	
  1.67315e+08	      1.07013	      1.11413	      1.05067	      1.09237	      1.01840	      1.06922	      1.01319	      1.09410	      1.00047	      1.06112	     0.966351	      1.00648	
  1.67395e+08	      1.07214	      1.11324	      1.04693	      1.08570	      1.00945	      1.06644	      1.00256	      1.07826	     0.999140	      1.06060	     0.974410	      1.01536	
  1.67475e+08	      1.06731	      1.10335	      1.04740	      1.08577	      1.00357	      1.06784	      1.01885	      1.08600	     0.992729	      1.06673	     0.967634	      1.01276	
  1.67555e+08	      1.06815	      1.10922	      1.03269	      1.08236	      1.00829	      1.07482	      1.02191	      1.09291	     0.994941	      1.05421	     0.967830	      1.00393	
  1.67635e+08	      1.06502	      1.11424	      1.04553	      1.08262	      1.01776	      1.06380	      1.02293	      1.09396	     0.999144	      1.05571	     0.955807	     0.995360	
  1.67715e+08	      1.06798	      1.11106	      1.04800	      1.08546	      1.01166	      1.07316	      1.01153	      1.09615	     0.997810	      1.05125	     0.958140	     0.997871	
  1.67795e+08	      1.07036	      1.11065	      1.03581	      1.08783	      1.01128	      1.06358	      1.02143	      1.07200	      1.00055	      1.05224	     0.956022	      1.00850	
  1.67875e+08	      1.06607	      1.11117	      1.03846	      1.08226	     0.999615	      1.06475	      1.01905	      1.08584	     0.992375	      1.05564	     0.958601	     0.994223	
  1.67955e+08	      1.06852	      1.11208	      1.04304	      1.07970	      1.00261	      1.06136	      1.01634	      1.07920	     0.995614	      1.05614	     0.962269	      1.00225	
  1.68035e+08	      1.06778	      1.11046	      1.05589	      1.07471	      1.00236	      1.05683	      1.02522	      1.09648	     0.994117	      1.05036	     0.955238	      1.01176	
  1.68115e+08	      1.06781	      1.11538	      1.04917	      1.07816	     0.999496	      1.04514	      1.01476	      1.10290	     0.987000	      1.04042	     0.950187	     0.995888	
  1.68195e+08	      1.05679	      1.10168	      1.02737	      1.06003	     0.984237	      1.04121	     0.997095	      1.05352	     0.973340	      1.02367	     0.936481	     0.989293	
  1.68275e+08	      1.60785	      1.60269	      1.56347	      1.52749	      1.52706	      1.49537	      1.56544	      1.55544	      1.49310	      1.44789	      1.46438	      1.41392	
  1.68355e+08	      1.61169	      1.60276	      1.56211	      1.52954	      1.51874	      1.49079	      1.56317	      1.55730	      1.49164	      1.44426	      1.46036	      1.40761	
  1.68435e+08	      1.05106	      1.10506	      1.01851	      1.07159	     0.986349	      1.04499	      1.00296	      1.07539	     0.970871	      1.02783	     0.934322	     0.984526	
  1.68515e+08	      1.07630	      1.12898	      1.03331	      1.08938	      1.01386	      1.06622	      1.02447	      1.10246	     0.994253	      1.06047	     0.956195	      1.00927	
  1.68595e+08	      1.07108	      1.11829	      1.04343	      1.08330	      1.00857	      1.07869	      1.01424	      1.09132	      1.00506	      1.05392	     0.958378	      1.01180	
  1.68675e+08	      1.06638	      1.12725	      1.04204	      1.08863	      1.01631	      1.07096	      1.01870	      1.08045	     0.990333	      1.06017	     0.948911	      1.00966	
  1.68755e+08	      1.06890	      1.12901	      1.05006	      1.08526	      1.01849	      1.07299	      1.00817	      1.08042	      1.00246	      1.05258	     0.952438	      1.01128	
  1.68835e+08	      1.06739	      1.12053	      1.04753	      1.08720	      1.01915	      1.06809	      1.02993	      1.10339	     0.991997	      1.06492	     0.964320	      1.00805	
  1.68915e+08	      1.06575	      1.12397	      1.04334	      1.08351	      1.01248	      1.07356	      1.02303	      1.08212	     0.996917	      1.05828	     0.954310	      1.01637	
  1.68995e+08	      1.06966	      1.12174	      1.03704	      1.07865	      1.01102	      1.07114	      1.00637	      1.06410	      1.00229	      1.05897	     0.952487	      1.00385	
  1.69075e+08	      1.06380	      1.11644	      1.03369	      1.08105	      1.00698	      1.05944	      1.01025	      1.06193	     0.992031	      1.05874	     0.951980	      1.01948	
  1.69155e+08	      1.06724	      1.12117	      1.03483	      1.08620	      1.00764	      1.05735	      1.00881	      1.05674	     0.991611	      1.05985	     0.944714	      1.00721	
  1.69235e+08	      1.05662	      1.11829	      1.03317	      1.08467	      1.00646	      1.06848	      1.00207	      1.08373	     0.994425	      1.05774	     0.947856	     0.980721	
  1.69315e+08	      1.05920	      1.11665	      1.03781	      1.08564	      1.00860	      1.06731	      1.01274	      1.06377	     0.999067	      1.06002	     0.948504	      1.00052	
  1.69395e+08	      1.06523	      1.11434	      1.03410	      1.08477	      1.00901	      1.06235	      1.01071	      1.07670	     0.994195	      1.05038	     0.947223	      1.00528	
  1.69475e+08	      1.04960	      1.10321	      1.03548	      1.07650	     0.982019	      1.04924	      1.00767	      1.06382	     0.986299	      1.04616	     0.934066	     0.982786	
  1.69555e+08	      1.61189	      1.60274	      1.56594	      1.53011	      1.51536	      1.48595	      1.54971	      1.55375	      1.48743	      1.44053	      1.45447	      1.40164	
