1.389950e+08 0.993254 0.996520 0.948928 0.948723 0.982911 0.983643 0.966191 0.965597 0.981517 0.984832 1.010748 1.014949
1.390750e+08 0.992649 0.995878 0.948617 0.948531 0.982522 0.983326 0.965901 0.965511 0.981286 0.984677 1.010305 1.014413
1.391550e+08 0.992043 0.995233 0.948310 0.948342 0.982130 0.983008 0.965610 0.965417 0.981053 0.984516 1.009862 1.013879
1.392350e+08 0.991437 0.994586 0.948005 0.948155 0.981735 0.982688 0.965318 0.965316 0.980820 0.984348 1.009420 1.013347
1.393150e+08 0.990830 0.993939 0.947704 0.947971 0.981339 0.982368 0.965027 0.965208 0.980587 0.984175 1.008979 1.012819
1.393950e+08 0.990225 0.993291 0.947408 0.947791 0.980943 0.982048 0.964738 0.965095 0.980355 0.983998 1.008542 1.012295
1.394750e+08 0.989622 0.992644 0.947117 0.947617 0.980547 0.981730 0.964450 0.964978 0.980125 0.983816 1.008107 1.011775
1.395550e+08 0.989021 0.991999 0.946832 0.947447 0.980152 0.981413 0.964166 0.964856 0.979897 0.983631 1.007676 1.011261
1.396350e+08 0.988424 0.991355 0.946554 0.947284 0.979761 0.981099 0.963885 0.964732 0.979672 0.983444 1.007250 1.010754
1.397150e+08 0.987831 0.990715 0.946284 0.947127 0.979372 0.980788 0.963609 0.964605 0.979452 0.983255 1.006830 1.010253
1.397950e+08 0.987244 0.990080 0.946022 0.946978 0.978988 0.980482 0.963339 0.964476 0.979236 0.983065 1.006415 1.009760
1.398750e+08 0.986663 0.989449 0.945769 0.946837 0.978610 0.980181 0.963075 0.964347 0.979026 0.982876 1.006008 1.009276
1.399550e+08 0.986090 0.988824 0.945526 0.946705 0.978238 0.979885 0.962818 0.964218 0.978822 0.982687 1.005609 1.008801
1.400350e+08 0.985524 0.988205 0.945293 0.946582 0.977874 0.979597 0.962569 0.964090 0.978625 0.982501 1.005218 1.008336
1.401150e+08 0.984967 0.987594 0.945072 0.946469 0.977518 0.979316 0.962329 0.963964 0.978436 0.982316 1.004837 1.007882
1.401950e+08 0.984420 0.986991 0.944863 0.946367 0.977171 0.979043 0.962099 0.963841 0.978256 0.982135 1.004465 1.007439
1.402750e+08 0.983883 0.986398 0.944667 0.946277 0.976835 0.978779 0.961879 0.963721 0.978084 0.981958 1.004105 1.007009
1.403550e+08 0.983357 0.985814 0.944485 0.946198 0.976510 0.978526 0.961671 0.963606 0.977923 0.981786 1.003756 1.006591
1.404350e+08 0.982844 0.985242 0.944316 0.946133 0.976197 0.978283 0.961475 0.963496 0.977772 0.981620 1.003419 1.006187
1.405150e+08 0.982343 0.984681 0.944162 0.946081 0.975897 0.978051 0.961292 0.963392 0.977633 0.981460 1.003095 1.005798
1.405950e+08 0.981856 0.984132 0.944025 0.946043 0.975611 0.977832 0.961123 0.963296 0.977505 0.981308 1.002785 1.005423
1.406750e+08 0.981384 0.983597 0.943903 0.946019 0.975340 0.977626 0.960969 0.963207 0.977391 0.981164 1.002489 1.005065
1.407550e+08 0.980926 0.983077 0.943798 0.946011 0.975085 0.977433 0.960829 0.963126 0.977290 0.981028 1.002208 1.004722
1.408350e+08 0.980484 0.982571 0.943711 0.946018 0.974846 0.977255 0.960706 0.963056 0.977203 0.980903 1.001943 1.004396
1.409150e+08 0.980059 0.982080 0.943642 0.946042 0.974625 0.977092 0.960599 0.962995 0.977130 0.980788 1.001693 1.004088
1.409950e+08 0.979652 0.981606 0.943591 0.946083 0.974422 0.976945 0.960510 0.962946 0.977073 0.980684 1.001461 1.003798
1.410750e+08 0.979262 0.981149 0.943560 0.946141 0.974238 0.976814 0.960439 0.962908 0.977031 0.980591 1.001246 1.003526
1.411550e+08 0.978890 0.980710 0.943549 0.946217 0.974074 0.976701 0.960387 0.962883 0.977006 0.980512 1.001049 1.003274
1.412350e+08 0.978538 0.980290 0.943558 0.946312 0.973930 0.976605 0.960354 0.962872 0.976998 0.980445 1.000870 1.003041
1.413150e+08 0.978205 0.979889 0.943589 0.946425 0.973807 0.976528 0.960342 0.962875 0.977007 0.980393 1.000711 1.002828
1.413950e+08 0.977893 0.979507 0.943640 0.946558 0.973706 0.976470 0.960350 0.962892 0.977034 0.980355 1.000570 1.002636
1.414750e+08 0.977602 0.979147 0.943714 0.946711 0.973628 0.976431 0.960379 0.962925 0.977080 0.980333 1.000450 1.002465
1.415550e+08 0.977331 0.978807 0.943810 0.946884 0.973572 0.976413 0.960430 0.962974 0.977144 0.980326 1.000350 1.002315
1.416350e+08 0.977083 0.978489 0.943929 0.947077 0.973541 0.976415 0.960503 0.963040 0.977228 0.980335 1.000270 1.002187
1.417150e+08 0.976857 0.978193 0.944070 0.947292 0.973533 0.976438 0.960599 0.963124 0.977331 0.980362 1.000212 1.002082
1.417950e+08 0.976653 0.977919 0.944236 0.947528 0.973550 0.976482 0.960718 0.963225 0.977455 0.980406 1.000175 1.001999
1.418750e+08 0.976472 0.977669 0.944425 0.947785 0.973592 0.976549 0.960860 0.963346 0.977599 0.980468 1.000160 1.001938
1.419550e+08 0.976315 0.977443 0.944638 0.948064 0.973660 0.976638 0.961027 0.963485 0.977763 0.980549 1.000167 1.001901
1.420350e+08 0.976181 0.977240 0.944876 0.948366 0.973754 0.976750 0.961218 0.963644 0.977948 0.980648 1.000195 1.001887
1.421150e+08 0.976071 0.977062 0.945138 0.948689 0.973874 0.976885 0.961434 0.963823 0.978155 0.980767 1.000247 1.001896
1.421950e+08 0.975985 0.976909 0.945425 0.949036 0.974020 0.977044 0.961674 0.964023 0.978383 0.980905 1.000321 1.001930
1.422750e+08 0.975924 0.976781 0.945738 0.949405 0.974194 0.977226 0.961940 0.964244 0.978632 0.981064 1.000418 1.001986
1.423550e+08 0.975887 0.976679 0.946075 0.949796 0.974395 0.977432 0.962231 0.964487 0.978904 0.981243 1.000538 1.002067
1.424350e+08 0.975875 0.976602 0.946438 0.950211 0.974623 0.977662 0.962548 0.964751 0.979197 0.981443 1.000680 1.002172
1.425150e+08 0.975888 0.976551 0.946826 0.950649 0.974878 0.977916 0.962890 0.965038 0.979512 0.981664 1.000846 1.002301
1.425950e+08 0.975925 0.976526 0.947239 0.951110 0.975162 0.978195 0.963259 0.965347 0.979849 0.981906 1.001035 1.002454
1.426750e+08 0.975988 0.976527 0.947678 0.951594 0.975473 0.978499 0.963653 0.965678 0.980208 0.982169 1.001247 1.002631
1.427550e+08 0.976075 0.976555 0.948142 0.952101 0.975811 0.978827 0.964074 0.966033 0.980590 0.982454 1.001482 1.002832
1.428350e+08 0.976187 0.976609 0.948632 0.952631 0.976177 0.979180 0.964520 0.966411 0.980993 0.982761 1.001740 1.003056
1.429150e+08 0.976324 0.976690 0.949147 0.953184 0.976571 0.979558 0.964992 0.966812 0.981418 0.983089 1.002020 1.003305
1.429950e+08 0.976486 0.976797 0.949687 0.953759 0.976993 0.979960 0.965490 0.967237 0.981866 0.983439 1.002323 1.003577
1.430750e+08 0.976672 0.976931 0.950252 0.954358 0.977442 0.980387 0.966014 0.967685 0.982334 0.983812 1.002649 1.003872
1.431550e+08 0.976883 0.977091 0.950842 0.954979 0.977918 0.980838 0.966563 0.968156 0.982825 0.984206 1.002997 1.004190
1.432350e+08 0.977118 0.977278 0.951457 0.955622 0.978422 0.981314 0.967138 0.968651 0.983337 0.984622 1.003367 1.004532
1.433150e+08 0.977376 0.977491 0.952096 0.956287 0.978952 0.981813 0.967738 0.969170 0.983869 0.985060 1.003759 1.004896
1.433950e+08 0.977659 0.977729 0.952759 0.956975 0.979508 0.982337 0.968363 0.969712 0.984423 0.985519 1.004172 1.005282
1.434750e+08 0.977964 0.977994 0.953446 0.957683 0.980091 0.982884 0.969013 0.970277 0.984997 0.986000 1.004606 1.005690
1.435550e+08 0.978293 0.978284 0.954156 0.958413 0.980699 0.983455 0.969687 0.970866 0.985592 0.986503 1.005060 1.006120
1.436350e+08 0.978644 0.978599 0.954889 0.959164 0.981333 0.984049 0.970384 0.971477 0.986206 0.987026 1.005535 1.006570
1.437150e+08 0.979017 0.978939 0.955645 0.959935 0.981991 0.984665 0.971106 0.972111 0.986840 0.987570 1.006030 1.007042
1.437950e+08 0.979412 0.979304 0.956422 0.960726 0.982674 0.985304 0.971850 0.972768 0.987492 0.988135 1.006544 1.007533
1.438750e+08 0.979828 0.979693 0.957222 0.961537 0.983381 0.985965 0.972617 0.973447 0.988164 0.988720 1.007077 1.008044
1.439550e+08 0.980265 0.980106 0.958042 0.962366 0.984111 0.986647 0.973406 0.974148 0.988853 0.989325 1.007628 1.008575
1.440350e+08 0.980722 0.980542 0.958883 0.963214 0.984864 0.987350 0.974217 0.974870 0.989560 0.989949 1.008196 1.009123
1.441150e+08 0.981199 0.981001 0.959744 0.964081 0.985638 0.988073 0.975048 0.975614 0.990284 0.990593 1.008782 1.009690
1.441950e+08 0.981695 0.981482 0.960625 0.964964 0.986434 0.988817 0.975900 0.976378 0.991025 0.991255 1.009384 1.010274
1.442750e+08 0.982209 0.981985 0.961524 0.965865 0.987250 0.989579 0.976771 0.977163 0.991781 0.991935 1.010002 1.010874
1.443550e+08 0.982741 0.982509 0.962442 0.966782 0.988086 0.990360 0.977662 0.977967 0.992553 0.992633 1.010636 1.011491
1.444350e+08 0.983289 0.983054 0.963377 0.967715 0.988941 0.991160 0.978571 0.978790 0.993340 0.993347 1.011283 1.012123
1.445150e+08 0.983854 0.983618 0.964328 0.968662 0.989814 0.991976 0.979497 0.979632 0.994140 0.994079 1.011944 1.012769
1.445950e+08 0.984435 0.984202 0.965296 0.969624 0.990705 0.992809 0.980440 0.980491 0.994954 0.994826 1.012619 1.013429
1.446750e+08 0.985031 0.984804 0.966279 0.970599 0.991612 0.993658 0.981400 0.981368 0.995780 0.995588 1.013305 1.014102
1.447550e+08 0.985640 0.985423 0.967276 0.971588 0.992534 0.994522 0.982374 0.982262 0.996618 0.996365 1.014003 1.014788
1.448350e+08 0.986263 0.986060 0.968287 0.972588 0.993471 0.995400 0.983363 0.983172 0.997467 0.997156 1.014712 1.015485
1.449150e+08 0.986898 0.986713 0.969311 0.973600 0.994422 0.996292 0.984365 0.984096 0.998326 0.997960 1.015430 1.016192
1.449950e+08 0.987545 0.987381 0.970346 0.974622 0.995385 0.997197 0.985380 0.985036 0.999195 0.998776 1.016157 1.016909
1.450750e+08 0.988203 0.988064 0.971393 0.975654 0.996360 0.998113 0.986406 0.985989 1.000073 0.999604 1.016892 1.017635
1.451550e+08 0.988871 0.988761 0.972451 0.976695 0.997346 0.999041 0.987444 0.986955 1.000958 1.000443 1.017635 1.018369
1.452350e+08 0.989548 0.989470 0.973517 0.977744 0.998341 0.999978 0.988491 0.987932 1.001850 1.001292 1.018383 1.019110
1.453150e+08 0.990233 0.990192 0.974592 0.978801 0.999345 1.000925 0.989547 0.988922 1.002749 1.002150 1.019137 1.019857
1.453950e+08 0.990925 0.990924 0.975675 0.979863 1.000356 1.001879 0.990611 0.989921 1.003653 1.003017 1.019896 1.020609
1.454750e+08 0.991623 0.991667 0.976764 0.980932 1.001374 1.002841 0.991682 0.990930 1.004561 1.003891 1.020658 1.021366
1.455550e+08 0.992327 0.992418 0.977859 0.982005 1.002397 1.003810 0.992758 0.991947 1.005473 1.004772 1.021423 1.022126
1.456350e+08 0.993035 0.993178 0.978959 0.983081 1.003424 1.004783 0.993840 0.992972 1.006387 1.005659 1.022189 1.022888
1.457150e+08 0.993747 0.993945 0.980062 0.984161 1.004453 1.005761 0.994925 0.994004 1.007304 1.006550 1.022956 1.023652
1.457950e+08 0.994462 0.994719 0.981168 0.985242 1.005485 1.006743 0.996013 0.995041 1.008221 1.007446 1.023723 1.024417
1.458750e+08 0.995178 0.995497 0.982276 0.986325 1.006518 1.007727 0.997103 0.996083 1.009137 1.008344 1.024489 1.025181
1.459550e+08 0.995895 0.996280 0.983385 0.987408 1.007550 1.008712 0.998194 0.997128 1.010053 1.009245 1.025253 1.025943
1.460350e+08 0.996611 0.997067 0.984493 0.988490 1.008581 1.009697 0.999284 0.998177 1.010967 1.010147 1.026014 1.026704
1.461150e+08 0.997327 0.997856 0.985601 0.989570 1.009609 1.010682 1.000372 0.999227 1.011878 1.011049 1.026770 1.027460
1.461950e+08 0.998040 0.998646 0.986706 0.990647 1.010633 1.011665 1.001459 1.000277 1.012785 1.011950 1.027522 1.028213
1.462750e+08 0.998751 0.999436 0.987809 0.991722 1.011652 1.012646 1.002541 1.001328 1.013688 1.012850 1.028268 1.028961
1.463550e+08 0.999457 1.000226 0.988907 0.992791 1.012665 1.013622 1.003619 1.002377 1.014585 1.013747 1.029007 1.029702
1.464350e+08 1.000158 1.001013 0.990000 0.993855 1.013670 1.014594 1.004691 1.003423 1.015475 1.014640 1.029738 1.030436
1.465150e+08 1.000854 1.001799 0.991087 0.994913 1.014668 1.015560 1.005757 1.004466 1.016358 1.015529 1.030460 1.031162
1.465950e+08 1.001543 1.002580 0.992168 0.995964 1.015656 1.016520 1.006815 1.005505 1.017232 1.016413 1.031173 1.031879
1.466750e+08 1.002224 1.003357 0.993240 0.997007 1.016633 1.017471 1.007864 1.006538 1.018098 1.017290 1.031875 1.032586
1.467550e+08 1.002897 1.004128 0.994303 0.998041 1.017598 1.018414 1.008903 1.007565 1.018953 1.018159 1.032566 1.033282
1.468350e+08 1.003560 1.004893 0.995357 0.999065 1.018551 1.019347 1.009931 1.008584 1.019797 1.019020 1.033245 1.033967
1.469150e+08 1.004213 1.005650 0.996400 1.000078 1.019490 1.020270 1.010947 1.009595 1.020629 1.019872 1.033910 1.034639
1.469950e+08 1.004855 1.006398 0.997431 1.001080 1.020414 1.021180 1.011951 1.010596 1.021448 1.020714 1.034561 1.035297
1.470750e+08 1.005485 1.007137 0.998450 1.002069 1.021322 1.022078 1.012941 1.011587 1.022254 1.021545 1.035198 1.035941
1.471550e+08 1.006103 1.007866 0.999455 1.003045 1.022213 1.022962 1.013916 1.012566 1.023046 1.022363 1.035819 1.036570
1.472350e+08 1.006706 1.008583 1.000446 1.004008 1.023086 1.023832 1.014875 1.013533 1.023822 1.023169 1.036423 1.037183
1.473150e+08 1.007296 1.009288 1.001422 1.004955 1.023940 1.024686 1.015817 1.014486 1.024582 1.023961 1.037010 1.037779
1.473950e+08 1.007871 1.009980 1.002383 1.005887 1.024775 1.025524 1.016742 1.015425 1.025326 1.024739 1.037579 1.038357
1.474750e+08 1.008429 1.010658 1.003326 1.006803 1.025588 1.026345 1.017649 1.016349 1.026052 1.025501 1.038130 1.038917
1.475550e+08 1.008972 1.011321 1.004252 1.007701 1.026381 1.027148 1.018536 1.017257 1.026760 1.026246 1.038661 1.039458
1.476350e+08 1.009497 1.011969 1.005159 1.008582 1.027150 1.027932 1.019403 1.018147 1.027449 1.026975 1.039172 1.039980
1.477150e+08 1.010005 1.012601 1.006048 1.009445 1.027897 1.028696 1.020249 1.019020 1.028118 1.027686 1.039662 1.040481
1.477950e+08 1.010494 1.013215 1.006917 1.010289 1.028619 1.029440 1.021074 1.019874 1.028767 1.028378 1.040131 1.040960
1.478750e+08 1.010964 1.013811 1.007766 1.011112 1.029317 1.030163 1.021876 1.020708 1.029396 1.029051 1.040578 1.041418
1.479550e+08 1.011415 1.014389 1.008593 1.011916 1.029989 1.030863 1.022655 1.021522 1.030002 1.029704 1.041002 1.041854
1.480350e+08 1.011846 1.014948 1.009399 1.012699 1.030635 1.031542 1.023410 1.022315 1.030587 1.030337 1.041403 1.042267
1.481150e+08 1.012257 1.015487 1.010183 1.013460 1.031254 1.032197 1.024140 1.023086 1.031150 1.030948 1.041781 1.042656
1.481950e+08 1.012646 1.016006 1.010944 1.014200 1.031845 1.032828 1.024846 1.023834 1.031689 1.031537 1.042134 1.043022
1.482750e+08 1.013014 1.016503 1.011682 1.014917 1.032408 1.033434 1.025525 1.024559 1.032204 1.032104 1.042463 1.043363
1.483550e+08 1.013360 1.016979 1.012396 1.015611 1.032943 1.034016 1.026179 1.025261 1.032696 1.032647 1.042767 1.043679
1.484350e+08 1.013685 1.017433 1.013086 1.016282 1.033449 1.034572 1.026806 1.025938 1.033163 1.033167 1.043046 1.043970
1.485150e+08 1.013986 1.017864 1.013751 1.016929 1.033925 1.035102 1.027405 1.026590 1.033605 1.033663 1.043299 1.044235
1.485950e+08 1.014265 1.018272 1.014391 1.017552 1.034371 1.035606 1.027977 1.027216 1.034022 1.034134 1.043527 1.044475
1.486750e+08 1.014521 1.018657 1.015005 1.018151 1.034787 1.036082 1.028520 1.027816 1.034414 1.034580 1.043728 1.044687
1.487550e+08 1.014754 1.019017 1.015594 1.018725 1.035173 1.036531 1.029036 1.028390 1.034779 1.035001 1.043902 1.044874
1.488350e+08 1.014963 1.019354 1.016156 1.019274 1.035527 1.036953 1.029522 1.028936 1.035119 1.035396 1.044050 1.045033
1.489150e+08 1.015149 1.019666 1.016693 1.019798 1.035850 1.037346 1.029979 1.029456 1.035432 1.035765 1.044171 1.045166
1.489950e+08 1.015311 1.019954 1.017202 1.020296 1.036142 1.037712 1.030407 1.029947 1.035719 1.036108 1.044265 1.045271
1.490750e+08 1.015449 1.020216 1.017685 1.020769 1.036402 1.038048 1.030805 1.030411 1.035979 1.036424 1.044332 1.045349
1.491550e+08 1.015563 1.020454 1.018141 1.021216 1.036631 1.038356 1.031174 1.030846 1.036212 1.036713 1.044371 1.045399
1.492350e+08 1.015654 1.020666 1.018571 1.021637 1.036828 1.038635 1.031513 1.031252 1.036419 1.036975 1.044384 1.045422
1.493150e+08 1.015721 1.020853 1.018973 1.022032 1.036993 1.038885 1.031822 1.031630 1.036598 1.037210 1.044369 1.045417
1.493950e+08 1.015764 1.021014 1.019348 1.022402 1.037126 1.039106 1.032100 1.031978 1.036750 1.037417 1.044327 1.045385
1.494750e+08 1.015783 1.021150 1.019696 1.022746 1.037228 1.039298 1.032349 1.032298 1.036876 1.037597 1.044258 1.045325
1.495550e+08 1.015779 1.021260 1.020017 1.023063 1.037299 1.039460 1.032568 1.032588 1.036975 1.037750 1.044163 1.045238
1.496350e+08 1.015752 1.021344 1.020311 1.023355 1.037338 1.039593 1.032757 1.032849 1.037046 1.037875 1.044040 1.045124
1.497150e+08 1.015702 1.021404 1.020578 1.023621 1.037345 1.039698 1.032916 1.033081 1.037092 1.037973 1.043891 1.044982
1.497950e+08 1.015628 1.021438 1.020818 1.023862 1.037322 1.039773 1.033045 1.033284 1.037110 1.038044 1.043716 1.044813
1.498750e+08 1.015533 1.021447 1.021032 1.024077 1.037269 1.039819 1.033145 1.033457 1.037103 1.038087 1.043514 1.044618
1.499550e+08 1.015415 1.021431 1.021219 1.024268 1.037185 1.039837 1.033216 1.033602 1.037069 1.038103 1.043287 1.044396
1.500350e+08 1.015275 1.021390 1.021381 1.024433 1.037071 1.039826 1.033258 1.033717 1.037009 1.038093 1.043034 1.044148
1.501150e+08 1.015114 1.021325 1.021517 1.024574 1.036928 1.039787 1.033271 1.033804 1.036924 1.038056 1.042756 1.043874
1.501950e+08 1.014932 1.021236 1.021627 1.024690 1.036755 1.039720 1.033256 1.033863 1.036813 1.037992 1.042453 1.043574
1.502750e+08 1.014729 1.021123 1.021712 1.024783 1.036554 1.039626 1.033213 1.033893 1.036678 1.037903 1.042126 1.043249
1.503550e+08 1.014506 1.020987 1.021773 1.024852 1.036325 1.039505 1.033142 1.033896 1.036518 1.037787 1.041775 1.042900
1.504350e+08 1.014264 1.020827 1.021809 1.024897 1.036069 1.039356 1.033045 1.033871 1.036334 1.037647 1.041401 1.042526
1.505150e+08 1.014003 1.020646 1.021822 1.024921 1.035786 1.039182 1.032921 1.033819 1.036127 1.037481 1.041004 1.042129
1.505950e+08 1.013723 1.020442 1.021811 1.024921 1.035477 1.038981 1.032771 1.033741 1.035896 1.037291 1.040585 1.041708
1.506750e+08 1.013425 1.020217 1.021778 1.024900 1.035142 1.038755 1.032595 1.033636 1.035643 1.037076 1.040144 1.041264
1.507550e+08 1.013110 1.019970 1.021723 1.024858 1.034783 1.038505 1.032395 1.033506 1.035368 1.036839 1.039682 1.040798
1.508350e+08 1.012778 1.019704 1.021646 1.024795 1.034399 1.038230 1.032171 1.033350 1.035071 1.036578 1.039199 1.040311
1.509150e+08 1.012431 1.019418 1.021548 1.024712 1.033992 1.037932 1.031923 1.033170 1.034753 1.036294 1.038696 1.039803
1.509950e+08 1.012068 1.019112 1.021429 1.024610 1.033563 1.037610 1.031652 1.032966 1.034415 1.035989 1.038175 1.039274
1.510750e+08 1.011691 1.018788 1.021291 1.024488 1.033113 1.037266 1.031359 1.032738 1.034057 1.035662 1.037634 1.038726
1.511550e+08 1.011301 1.018447 1.021134 1.024349 1.032641 1.036901 1.031045 1.032488 1.033680 1.035315 1.037077 1.038158
1.512350e+08 1.010897 1.018088 1.020959 1.024191 1.032150 1.036515 1.030711 1.032216 1.033285 1.034948 1.036502 1.037573
1.513150e+08 1.010481 1.017713 1.020766 1.024017 1.031640 1.036108 1.030356 1.031922 1.032873 1.034561 1.035911 1.036970
1.513950e+08 1.010054 1.017323 1.020557 1.023827 1.031112 1.035682 1.029983 1.031608 1.032443 1.034156 1.035304 1.036350
1.514750e+08 1.009616 1.016917 1.020332 1.023622 1.030568 1.035238 1.029592 1.031274 1.031997 1.033733 1.034683 1.035714
1.515550e+08 1.009169 1.016498 1.020091 1.023401 1.030007 1.034775 1.029183 1.030922 1.031536 1.033293 1.034048 1.035063
1.516350e+08 1.008713 1.016066 1.019836 1.023167 1.029432 1.034296 1.028758 1.030551 1.031061 1.032837 1.033399 1.034398
1.517150e+08 1.008249 1.015622 1.019568 1.022920 1.028842 1.033800 1.028318 1.030163 1.030572 1.032365 1.032739 1.033719
1.517950e+08 1.007778 1.015166 1.019287 1.022660 1.028240 1.033290 1.027863 1.029758 1.030069 1.031879 1.032067 1.033027
1.518750e+08 1.007301 1.014700 1.018994 1.022389 1.027626 1.032765 1.027395 1.029338 1.029555 1.031378 1.031385 1.032323
1.519550e+08 1.006819 1.014224 1.018690 1.022107 1.027001 1.032226 1.026915 1.028904 1.029029 1.030865 1.030694 1.031609
1.520350e+08 1.006332 1.013740 1.018377 1.021816 1.026367 1.031675 1.026422 1.028455 1.028493 1.030340 1.029993 1.030884
1.521150e+08 1.005842 1.013248 1.018054 1.021515 1.025724 1.031113 1.025920 1.027994 1.027947 1.029804 1.029285 1.030150
1.521950e+08 1.005349 1.012749 1.017723 1.021207 1.025074 1.030539 1.025407 1.027521 1.027393 1.029257 1.028570 1.029408
1.522750e+08 1.004855 1.012245 1.017385 1.020891 1.024417 1.029956 1.024886 1.027038 1.026831 1.028701 1.027848 1.028658
1.523550e+08 1.004360 1.011735 1.017041 1.020568 1.023755 1.029364 1.024358 1.026544 1.026262 1.028136 1.027122 1.027901
1.524350e+08 1.003865 1.011222 1.016691 1.020240 1.023090 1.028765 1.023823 1.026041 1.025687 1.027564 1.026391 1.027139
1.525150e+08 1.003372 1.010705 1.016337 1.019908 1.022421 1.028158 1.023282 1.025531 1.025107 1.026985 1.025657 1.026372
1.525950e+08 1.002881 1.010187 1.015979 1.019571 1.021750 1.027546 1.022737 1.025014 1.024522 1.026400 1.024921 1.025601
1.526750e+08 1.002392 1.009667 1.015618 1.019232 1.021079 1.026929 1.022189 1.024491 1.023934 1.025811 1.024183 1.024827
1.527550e+08 1.001908 1.009148 1.015256 1.018890 1.020408 1.026308 1.021638 1.023963 1.023344 1.025217 1.023444 1.024050
1.528350e+08 1.001428 1.008629 1.014894 1.018547 1.019739 1.025684 1.021085 1.023431 1.022752 1.024621 1.022706 1.023273
1.529150e+08 1.000954 1.008112 1.014531 1.018204 1.019072 1.025058 1.020532 1.022896 1.022160 1.024022 1.021968 1.022495
1.529950e+08 1.000487 1.007598 1.014170 1.017861 1.018409 1.024431 1.019980 1.022359 1.021567 1.023423 1.021233 1.021718
1.530750e+08 1.000027 1.007087 1.013810 1.017520 1.017750 1.023804 1.019430 1.021821 1.020976 1.022823 1.020500 1.020942
1.531550e+08 0.999576 1.006581 1.013454 1.017181 1.017098 1.023178 1.018882 1.021284 1.020387 1.022224 1.019771 1.020168
1.532350e+08 0.999134 1.006081 1.013101 1.016844 1.016452 1.022554 1.018337 1.020747 1.019800 1.021627 1.019047 1.019397
1.533150e+08 0.998702 1.005587 1.012753 1.016512 1.015814 1.021932 1.017798 1.020213 1.019217 1.021032 1.018328 1.018630
1.533950e+08 0.998280 1.005101 1.012411 1.016184 1.015185 1.021314 1.017263 1.019682 1.018638 1.020440 1.017615 1.017868
1.534750e+08 0.997870 1.004622 1.012075 1.015862 1.014565 1.020701 1.016735 1.019154 1.018065 1.019853 1.016908 1.017112
1.535550e+08 0.997473 1.004153 1.011747 1.015545 1.013957 1.020094 1.016215 1.018632 1.017498 1.019271 1.016210 1.016361
1.536350e+08 0.997089 1.003694 1.011426 1.015236 1.013360 1.019492 1.015703 1.018115 1.016938 1.018695 1.015520 1.015618
1.537150e+08 0.996719 1.003246 1.011115 1.014934 1.012776 1.018898 1.015200 1.017606 1.016385 1.018125 1.014839 1.014883
1.537950e+08 0.996363 1.002809 1.010813 1.014641 1.012206 1.018312 1.014707 1.017103 1.015841 1.017564 1.014167 1.014156
1.538750e+08 0.996023 1.002384 1.010522 1.014357 1.011650 1.017735 1.014225 1.016610 1.015306 1.017010 1.013507 1.013439
1.539550e+08 0.995698 1.001973 1.010242 1.014082 1.011109 1.017168 1.013754 1.016126 1.014780 1.016466 1.012857 1.012731
1.540350e+08 0.995390 1.001576 1.009973 1.013818 1.010584 1.016611 1.013296 1.015651 1.014266 1.015932 1.012219 1.012034
1.541150e+08 0.995100 1.001193 1.009718 1.013565 1.010076 1.016066 1.012852 1.015188 1.013762 1.015408 1.011594 1.011349
1.541950e+08 0.994827 1.000825 1.009476 1.013324 1.009586 1.015532 1.012421 1.014737 1.013270 1.014895 1.010981 1.010675
1.542750e+08 0.994572 1.000474 1.009248 1.013094 1.009114 1.015011 1.012005 1.014298 1.012791 1.014395 1.010383 1.010014
1.543550e+08 0.994337 1.000139 1.009034 1.012878 1.008661 1.014503 1.011605 1.013873 1.012325 1.013907 1.009798 1.009366
1.544350e+08 0.994120 0.999821 1.008835 1.012675 1.008228 1.014010 1.011220 1.013461 1.011873 1.013433 1.009228 1.008732
1.545150e+08 0.993924 0.999521 1.008653 1.012486 1.007815 1.013531 1.010853 1.013065 1.011435 1.012972 1.008673 1.008111
1.545950e+08 0.993748 0.999240 1.008486 1.012311 1.007422 1.013067 1.010502 1.012683 1.011011 1.012526 1.008133 1.007505
1.546750e+08 0.993592 0.998977 1.008336 1.012151 1.007051 1.012619 1.010170 1.012317 1.010603 1.012094 1.007609 1.006915
1.547550e+08 0.993457 0.998734 1.008204 1.012006 1.006702 1.012187 1.009855 1.011968 1.010211 1.011678 1.007102 1.006340
1.548350e+08 0.993344 0.998510 1.008089 1.011877 1.006375 1.011772 1.009560 1.011636 1.009834 1.011279 1.006611 1.005780
1.549150e+08 0.993252 0.998307 1.007992 1.011763 1.006070 1.011374 1.009284 1.011321 1.009474 1.010895 1.006137 1.005237
1.549950e+08 0.993183 0.998124 1.007913 1.011666 1.005789 1.010994 1.009027 1.011024 1.009131 1.010528 1.005680 1.004711
1.550750e+08 0.993135 0.997962 1.007853 1.011585 1.005531 1.010632 1.008791 1.010746 1.008806 1.010179 1.005240 1.004201
1.551550e+08 0.993109 0.997821 1.007813 1.011521 1.005296 1.010288 1.008575 1.010487 1.008497 1.009846 1.004818 1.003708
1.552350e+08 0.993106 0.997701 1.007791 1.011474 1.005085 1.009963 1.008380 1.010247 1.008207 1.009532 1.004414 1.003233
1.553150e+08 0.993126 0.997604 1.007790 1.011445 1.004899 1.009657 1.008206 1.010026 1.007935 1.009236 1.004028 1.002775
1.553950e+08 0.993168 0.997528 1.007807 1.011432 1.004736 1.009370 1.008053 1.009825 1.007680 1.008958 1.003660 1.002335
1.554750e+08 0.993233 0.997474 1.007845 1.011437 1.004598 1.009102 1.007921 1.009644 1.007445 1.008698 1.003311 1.001913
1.555550e+08 0.993320 0.997442 1.007903 1.011460 1.004484 1.008854 1.007811 1.009483 1.007228 1.008458 1.002979 1.001509
1.556350e+08 0.993430 0.997433 1.007981 1.011500 1.004394 1.008626 1.007723 1.009343 1.007029 1.008236 1.002665 1.001123
1.557150e+08 0.993563 0.997446 1.008079 1.011558 1.004329 1.008418 1.007656 1.009224 1.006849 1.008033 1.002370 1.000754
1.557950e+08 0.993718 0.997481 1.008197 1.011634 1.004288 1.008229 1.007611 1.009125 1.006688 1.007849 1.002093 1.000404
1.558750e+08 0.993896 0.997538 1.008335 1.011727 1.004271 1.008061 1.007588 1.009046 1.006546 1.007683 1.001833 1.000072
1.559550e+08 0.994095 0.997618 1.008493 1.011838 1.004278 1.007912 1.007587 1.008989 1.006423 1.007537 1.001592 0.999757
1.560350e+08 0.994317 0.997720 1.008672 1.011966 1.004309 1.007783 1.007607 1.008952 1.006318 1.007410 1.001368 0.999460
1.561150e+08 0.994560 0.997843 1.008870 1.012111 1.004363 1.007674 1.007648 1.008936 1.006232 1.007301 1.001161 0.999181
1.561950e+08 0.994824 0.997988 1.009087 1.012274 1.004440 1.007585 1.007711 1.008940 1.006164 1.007211 1.000972 0.998919
1.562750e+08 0.995110 0.998155 1.009324 1.012453 1.004541 1.007515 1.007795 1.008965 1.006115 1.007140 1.000800 0.998675
1.563550e+08 0.995416 0.998343 1.009581 1.012649 1.004664 1.007464 1.007899 1.009010 1.006083 1.007087 1.000644 0.998447
1.564350e+08 0.995743 0.998551 1.009856 1.012861 1.004809 1.007432 1.008024 1.009075 1.006070 1.007052 1.000505 0.998236
1.565150e+08 0.996090 0.998781 1.010149 1.013089 1.004975 1.007419 1.008170 1.009159 1.006074 1.007035 1.000381 0.998042
1.565950e+08 0.996456 0.999030 1.010461 1.013333 1.005163 1.007424 1.008335 1.009263 1.006095 1.007035 1.000273 0.997863
1.566750e+08 0.996841 0.999300 1.010791 1.013592 1.005372 1.007447 1.008519 1.009387 1.006133 1.007052 1.000181 0.997700
1.567550e+08 0.997244 0.999588 1.011138 1.013866 1.005600 1.007488 1.008723 1.009528 1.006188 1.007086 1.000102 0.997552
1.568350e+08 0.997665 0.999896 1.011502 1.014155 1.005848 1.007546 1.008945 1.009688 1.006259 1.007137 1.000038 0.997420
1.569150e+08 0.998104 1.000221 1.011882 1.014457 1.006115 1.007621 1.009185 1.009866 1.006346 1.007203 0.999988 0.997301
1.569950e+08 0.998559 1.000565 1.012279 1.014773 1.006400 1.007712 1.009442 1.010061 1.006448 1.007285 0.999951 0.997196
1.570750e+08 0.999031 1.000926 1.012691 1.015102 1.006702 1.007819 1.009716 1.010273 1.006565 1.007382 0.999926 0.997105
1.571550e+08 0.999518 1.001303 1.013117 1.015443 1.007021 1.007941 1.010007 1.010502 1.006696 1.007493 0.999913 0.997027
1.572350e+08 1.000019 1.001697 1.013558 1.015796 1.007356 1.008078 1.010313 1.010746 1.006841 1.007618 0.999912 0.996960
1.573150e+08 1.000535 1.002106 1.014013 1.016160 1.007706 1.008228 1.010634 1.011005 1.007000 1.007757 0.999921 0.996906
1.573950e+08 1.001064 1.002529 1.014480 1.016535 1.008070 1.008393 1.010970 1.011278 1.007171 1.007908 0.999940 0.996862
1.574750e+08 1.001605 1.002967 1.014960 1.016920 1.008448 1.008570 1.011319 1.011566 1.007354 1.008071 0.999969 0.996829
1.575550e+08 1.002159 1.003417 1.015451 1.017314 1.008838 1.008758 1.011681 1.011866 1.007548 1.008245 1.000006 0.996805
1.576350e+08 1.002723 1.003881 1.015953 1.017717 1.009240 1.008959 1.012054 1.012179 1.007753 1.008430 1.000051 0.996791
1.577150e+08 1.003297 1.004355 1.016465 1.018128 1.009652 1.009170 1.012439 1.012503 1.007969 1.008625 1.000104 0.996785
1.577950e+08 1.003881 1.004841 1.016986 1.018546 1.010075 1.009391 1.012835 1.012839 1.008194 1.008830 1.000162 0.996786
1.578750e+08 1.004473 1.005336 1.017516 1.018970 1.010505 1.009621 1.013240 1.013184 1.008427 1.009042 1.000227 0.996794
1.579550e+08 1.005073 1.005841 1.018053 1.019400 1.010944 1.009859 1.013654 1.013538 1.008669 1.009263 1.000296 0.996809
1.580350e+08 1.005680 1.006354 1.018598 1.019835 1.011389 1.010104 1.014075 1.013901 1.008917 1.009490 1.000370 0.996829
1.581150e+08 1.006292 1.006875 1.019148 1.020274 1.011840 1.010357 1.014504 1.014272 1.009173 1.009724 1.000447 0.996853
1.581950e+08 1.006909 1.007402 1.019704 1.020717 1.012296 1.010615 1.014939 1.014649 1.009433 1.009962 1.000526 0.996881
1.582750e+08 1.007531 1.007935 1.020263 1.021161 1.012755 1.010878 1.015378 1.015031 1.009699 1.010205 1.000607 0.996913
1.583550e+08 1.008156 1.008472 1.020826 1.021608 1.013217 1.011145 1.015822 1.015419 1.009969 1.010452 1.000689 0.996946
1.584350e+08 1.008782 1.009013 1.021392 1.022056 1.013681 1.011415 1.016269 1.015810 1.010242 1.010702 1.000770 0.996981
1.585150e+08 1.009411 1.009557 1.021959 1.022503 1.014144 1.011688 1.016718 1.016205 1.010518 1.010953 1.000851 0.997016
1.585950e+08 1.010039 1.010104 1.022527 1.022950 1.014607 1.011962 1.017169 1.016601 1.010795 1.011205 1.000931 0.997051
1.586750e+08 1.010667 1.010651 1.023095 1.023395 1.015068 1.012236 1.017620 1.016999 1.011073 1.011458 1.001007 0.997085
1.587550e+08 1.011294 1.011198 1.023661 1.023838 1.015527 1.012510 1.018070 1.017397 1.011351 1.011709 1.001081 0.997117
1.588350e+08 1.011918 1.011744 1.024226 1.024277 1.015981 1.012783 1.018519 1.017794 1.011628 1.011959 1.001150 0.997147
1.589150e+08 1.012539 1.012288 1.024787 1.024712 1.016430 1.013054 1.018965 1.018189 1.011903 1.012206 1.001214 0.997172
1.589950e+08 1.013155 1.012829 1.025344 1.025142 1.016874 1.013321 1.019407 1.018581 1.012176 1.012450 1.001272 0.997193
1.590750e+08 1.013767 1.013367 1.025897 1.025566 1.017310 1.013584 1.019845 1.018970 1.012446 1.012690 1.001323 0.997209
1.591550e+08 1.014372 1.013900 1.026444 1.025984 1.017737 1.013842 1.020277 1.019354 1.012711 1.012924 1.001367 0.997219
1.592350e+08 1.014970 1.014427 1.026984 1.026394 1.018156 1.014094 1.020703 1.019733 1.012971 1.013152 1.001402 0.997221
1.593150e+08 1.015561 1.014948 1.027516 1.026796 1.018564 1.014339 1.021121 1.020104 1.013225 1.013373 1.001428 0.997216
1.593950e+08 1.016143 1.015461 1.028040 1.027188 1.018961 1.014577 1.021530 1.020469 1.013472 1.013586 1.001445 0.997203
1.594750e+08 1.016715 1.015966 1.028554 1.027571 1.019345 1.014805 1.021931 1.020824 1.013712 1.013791 1.001450 0.997180
1.595550e+08 1.017277 1.016461 1.029059 1.027942 1.019716 1.015024 1.022320 1.021171 1.013943 1.013985 1.001444 0.997146
1.596350e+08 1.017827 1.016946 1.029551 1.028303 1.020072 1.015233 1.022699 1.021507 1.014165 1.014169 1.001425 0.997102
1.597150e+08 1.018365 1.017420 1.030032 1.028650 1.020413 1.015431 1.023065 1.021831 1.014377 1.014342 1.001394 0.997046
1.597950e+08 1.018891 1.017882 1.030500 1.028985 1.020737 1.015616 1.023419 1.022144 1.014578 1.014503 1.001349 0.996978
1.598750e+08 1.019402 1.018332 1.030955 1.029306 1.021044 1.015788 1.023758 1.022444 1.014768 1.014650 1.001289 0.996896
1.599550e+08 1.019900 1.018767 1.031394 1.029612 1.021333 1.015947 1.024082 1.022729 1.014945 1.014784 1.001214 0.996800
1.600350e+08 1.020382 1.019188 1.031819 1.029903 1.021603 1.016091 1.024391 1.023000 1.015109 1.014903 1.001123 0.996690
1.601150e+08 1.020848 1.019594 1.032227 1.030178 1.021853 1.016219 1.024683 1.023255 1.015260 1.015007 1.001016 0.996564
1.601950e+08 1.021297 1.019984 1.032618 1.030436 1.022083 1.016332 1.024958 1.023494 1.015396 1.015095 1.000891 0.996423
1.602750e+08 1.021729 1.020357 1.032992 1.030678 1.022290 1.016427 1.025215 1.023716 1.015516 1.015166 1.000749 0.996264
1.603550e+08 1.022144 1.020713 1.033348 1.030901 1.022476 1.016505 1.025453 1.023920 1.015621 1.015220 1.000589 0.996089
1.604350e+08 1.022539 1.021051 1.033684 1.031106 1.022638 1.016565 1.025672 1.024105 1.015709 1.015256 1.000409 0.995895
1.605150e+08 1.022916 1.021370 1.034001 1.031291 1.022777 1.016606 1.025870 1.024270 1.015780 1.015272 1.000210 0.995683
1.605950e+08 1.023273 1.021669 1.034297 1.031457 1.022891 1.016627 1.026047 1.024416 1.015834 1.015270 0.999992 0.995452
1.606750e+08 1.023609 1.021949 1.034573 1.031603 1.022980 1.016627 1.026203 1.024541 1.015869 1.015247 0.999753 0.995202
1.607550e+08 1.023925 1.022208 1.034826 1.031728 1.023043 1.016608 1.026337 1.024644 1.015885 1.015204 0.999493 0.994931
1.608350e+08 1.024220 1.022446 1.035058 1.031832 1.023080 1.016566 1.026448 1.024726 1.015881 1.015139 0.999212 0.994640
1.609150e+08 1.024493 1.022662 1.035268 1.031915 1.023090 1.016503 1.026535 1.024785 1.015858 1.015053 0.998909 0.994329
1.609950e+08 1.024744 1.022856 1.035454 1.031976 1.023073 1.016418 1.026599 1.024821 1.015815 1.014945 0.998584 0.993995
1.610750e+08 1.024973 1.023028 1.035617 1.032014 1.023029 1.016309 1.026638 1.024834 1.015750 1.014814 0.998238 0.993640
1.611550e+08 1.025179 1.023176 1.035755 1.032030 1.022956 1.016178 1.026653 1.024822 1.015664 1.014660 0.997868 0.993263
1.612350e+08 1.025362 1.023302 1.035870 1.032022 1.022855 1.016022 1.026643 1.024787 1.015557 1.014483 0.997476 0.992864
1.613150e+08 1.025522 1.023403 1.035960 1.031992 1.022725 1.015843 1.026607 1.024726 1.015428 1.014282 0.997060 0.992442
1.613950e+08 1.025658 1.023481 1.036024 1.031937 1.022566 1.015639 1.026545 1.024640 1.015276 1.014057 0.996621 0.991997
1.614750e+08 1.025771 1.023535 1.036064 1.031860 1.022377 1.015411 1.026457 1.024529 1.015102 1.013808 0.996159 0.991528
1.615550e+08 1.025859 1.023564 1.036077 1.031758 1.022160 1.015158 1.026343 1.024392 1.014905 1.013534 0.995674 0.991037
1.616350e+08 1.025924 1.023569 1.036065 1.031632 1.021912 1.014879 1.026202 1.024229 1.014684 1.013235 0.995164 0.990522
1.617150e+08 1.025965 1.023548 1.036027 1.031482 1.021635 1.014576 1.026035 1.024039 1.014441 1.012911 0.994631 0.989983
1.617950e+08 1.025981 1.023503 1.035963 1.031308 1.021327 1.014246 1.025840 1.023824 1.014174 1.012562 0.994075 0.989420
1.618750e+08 1.025974 1.023434 1.035873 1.031109 1.020990 1.013892 1.025619 1.023582 1.013883 1.012188 0.993494 0.988834
1.619550e+08 1.025942 1.023339 1.035756 1.030887 1.020623 1.013511 1.025370 1.023313 1.013569 1.011789 0.992890 0.988223
1.620350e+08 1.025887 1.023219 1.035614 1.030639 1.020227 1.013105 1.025094 1.023018 1.013230 1.011364 0.992262 0.987589
1.621150e+08 1.025807 1.023074 1.035444 1.030368 1.019800 1.012674 1.024792 1.022696 1.012869 1.010914 0.991611 0.986931
1.621950e+08 1.025704 1.022904 1.035249 1.030073 1.019344 1.012216 1.024462 1.022347 1.012483 1.010438 0.990937 0.986250
1.622750e+08 1.025577 1.022710 1.035027 1.029753 1.018859 1.011734 1.024105 1.021972 1.012073 1.009938 0.990239 0.985544
1.623550e+08 1.025427 1.022491 1.034780 1.029410 1.018345 1.011225 1.023722 1.021570 1.011640 1.009412 0.989518 0.984815
1.624350e+08 1.025254 1.022248 1.034506 1.029043 1.017802 1.010692 1.023312 1.021143 1.011184 1.008861 0.988775 0.984063
1.625150e+08 1.025058 1.021981 1.034207 1.028653 1.017230 1.010133 1.022875 1.020689 1.010704 1.008285 0.988009 0.983288
1.625950e+08 1.024839 1.021690 1.033882 1.028239 1.016630 1.009549 1.022413 1.020209 1.010200 1.007685 0.987222 0.982490
1.626750e+08 1.024599 1.021376 1.033532 1.027803 1.016003 1.008941 1.021925 1.019704 1.009674 1.007060 0.986412 0.981669
1.627550e+08 1.024336 1.021038 1.033157 1.027345 1.015348 1.008309 1.021411 1.019173 1.009125 1.006412 0.985581 0.980826
1.628350e+08 1.024053 1.020678 1.032758 1.026864 1.014667 1.007653 1.020872 1.018618 1.008553 1.005739 0.984729 0.979962
1.629150e+08 1.023748 1.020295 1.032334 1.026361 1.013959 1.006973 1.020308 1.018038 1.007959 1.005043 0.983857 0.979075
1.629950e+08 1.023423 1.019891 1.031887 1.025837 1.013225 1.006270 1.019720 1.017434 1.007343 1.004324 0.982965 0.978167
1.630750e+08 1.023078 1.019465 1.031416 1.025293 1.012467 1.005544 1.019109 1.016806 1.006706 1.003583 0.982053 0.977239
1.631550e+08 1.022714 1.019018 1.030923 1.024728 1.011684 1.004796 1.018474 1.016155 1.006048 1.002819 0.981122 0.976290
1.632350e+08 1.022331 1.018551 1.030407 1.024143 1.010877 1.004026 1.017817 1.015481 1.005368 1.002034 0.980172 0.975322
1.633150e+08 1.021931 1.018064 1.029869 1.023539 1.010047 1.003235 1.017137 1.014786 1.004669 1.001228 0.979205 0.974334
1.633950e+08 1.021512 1.017559 1.029311 1.022916 1.009195 1.002423 1.016436 1.014068 1.003950 1.000401 0.978220 0.973328
1.634750e+08 1.021077 1.017035 1.028731 1.022276 1.008321 1.001591 1.015714 1.013330 1.003212 0.999554 0.977219 0.972303
1.635550e+08 1.020626 1.016493 1.028132 1.021618 1.007427 1.000740 1.014973 1.012572 1.002455 0.998687 0.976202 0.971261
1.636350e+08 1.020159 1.015934 1.027513 1.020943 1.006512 0.999871 1.014211 1.011795 1.001680 0.997802 0.975169 0.970202
1.637150e+08 1.019678 1.015359 1.026876 1.020252 1.005579 0.998983 1.013432 1.010998 1.000888 0.996899 0.974122 0.969126
1.637950e+08 1.019183 1.014768 1.026221 1.019545 1.004628 0.998078 1.012634 1.010184 1.000078 0.995978 0.973061 0.968035
1.638750e+08 1.018675 1.014163 1.025548 1.018824 1.003659 0.997156 1.011819 1.009352 0.999253 0.995041 0.971987 0.966930
1.639550e+08 1.018155 1.013544 1.024860 1.018090 1.002674 0.996219 1.010988 1.008504 0.998412 0.994087 0.970900 0.965809
1.640350e+08 1.017623 1.012912 1.024156 1.017342 1.001673 0.995266 1.010142 1.007640 0.997556 0.993118 0.969802 0.964676
1.641150e+08 1.017081 1.012267 1.023437 1.016581 1.000659 0.994300 1.009281 1.006761 0.996686 0.992135 0.968693 0.963530
1.641950e+08 1.016528 1.011612 1.022704 1.015810 0.999631 0.993320 1.008407 1.005869 0.995803 0.991138 0.967574 0.962371
1.642750e+08 1.015968 1.010946 1.021958 1.015027 0.998591 0.992328 1.007520 1.004963 0.994907 0.990129 0.966447 0.961202
1.643550e+08 1.015399 1.010270 1.021201 1.014235 0.997540 0.991324 1.006622 1.004046 0.993999 0.989107 0.965310 0.960023
1.644350e+08 1.014823 1.009586 1.020431 1.013434 0.996478 0.990309 1.005712 1.003117 0.993081 0.988074 0.964167 0.958834
1.645150e+08 1.014241 1.008894 1.019652 1.012625 0.995407 0.989285 1.004793 1.002178 0.992152 0.987031 0.963016 0.957636
1.645950e+08 1.013654 1.008196 1.018863 1.011809 0.994329 0.988252 1.003866 1.001230 0.991214 0.985978 0.961861 0.956430
1.646750e+08 1.013062 1.007492 1.018066 1.010986 0.993244 0.987211 1.002930 1.000273 0.990267 0.984917 0.960700 0.955218
1.647550e+08 1.012468 1.006783 1.017262 1.010159 0.992153 0.986164 1.001988 0.999309 0.989313 0.983848 0.959536 0.953999
1.648350e+08 1.011870 1.006071 1.016450 1.009326 0.991057 0.985110 1.001040 0.998339 0.988351 0.982772 0.958368 0.952776
1.649150e+08 1.011272 1.005356 1.015634 1.008491 0.989958 0.984051 1.000088 0.997364 0.987384 0.981690 0.957198 0.951548
1.649950e+08 1.010673 1.004639 1.014813 1.007652 0.988856 0.982989 0.999132 0.996384 0.986412 0.980604 0.956028 0.950316
1.650750e+08 1.010075 1.003921 1.013988 1.006813 0.987753 0.981923 0.998174 0.995402 0.985436 0.979514 0.954857 0.949082
1.651550e+08 1.009478 1.003204 1.013161 1.005972 0.986650 0.980856 0.997214 0.994417 0.984457 0.978420 0.953687 0.947847
1.652350e+08 1.008883 1.002489 1.012333 1.005132 0.985549 0.979787 0.996255 0.993431 0.983475 0.977325 0.952518 0.946611
1.653150e+08 1.008292 1.001775 1.011504 1.004293 0.984449 0.978719 0.995295 0.992444 0.982492 0.976228 0.951352 0.945375
1.653950e+08 1.007706 1.001065 1.010675 1.003456 0.983353 0.977652 0.994338 0.991459 0.981508 0.975131 0.950189 0.944141
1.654750e+08 1.007124 1.000360 1.009848 1.002622 0.982261 0.976587 0.993384 0.990476 0.980525 0.974035 0.949030 0.942908
1.655550e+08 1.006549 0.999660 1.009024 1.001793 0.981174 0.975525 0.992434 0.989496 0.979543 0.972940 0.947877 0.941679
1.656350e+08 1.005981 0.998966 1.008203 1.000968 0.980095 0.974468 0.991488 0.988520 0.978564 0.971848 0.946730 0.940454
1.657150e+08 1.005421 0.998279 1.007387 1.000150 0.979023 0.973415 0.990549 0.987549 0.977588 0.970760 0.945590 0.939233
1.657950e+08 1.004870 0.997601 1.006577 0.999338 0.977960 0.972369 0.989618 0.986584 0.976616 0.969676 0.944458 0.938018
1.658750e+08 1.004329 0.996933 1.005773 0.998534 0.976907 0.971330 0.988694 0.985626 0.975649 0.968597 0.943334 0.936810
1.659550e+08 1.003798 0.996275 1.004977 0.997739 0.975865 0.970299 0.987780 0.984676 0.974688 0.967525 0.942221 0.935609
1.660350e+08 1.003280 0.995627 1.004190 0.996954 0.974835 0.969277 0.986877 0.983736 0.973734 0.966459 0.941117 0.934417
1.661150e+08 1.002773 0.994993 1.003412 0.996179 0.973819 0.968265 0.985984 0.982805 0.972788 0.965402 0.940025 0.933234
1.661950e+08 1.002280 0.994371 1.002644 0.995415 0.972816 0.967265 0.985105 0.981886 0.971850 0.964354 0.938946 0.932061
1.662750e+08 1.001802 0.993763 1.001888 0.994664 0.971828 0.966276 0.984238 0.980978 0.970922 0.963315 0.937879 0.930900
1.663550e+08 1.001338 0.993170 1.001145 0.993926 0.970857 0.965301 0.983387 0.980084 0.970005 0.962287 0.936825 0.929750
1.664350e+08 1.000889 0.992593 1.000415 0.993202 0.969902 0.964339 0.982550 0.979204 0.969098 0.961270 0.935787 0.928612
1.665150e+08 1.000457 0.992033 0.999699 0.992493 0.968966 0.963393 0.981730 0.978338 0.968204 0.960266 0.934763 0.927489
1.665950e+08 1.000043 0.991490 0.998998 0.991799 0.968048 0.962462 0.980928 0.977488 0.967323 0.959274 0.933756 0.926379
1.666750e+08 0.999646 0.990965 0.998313 0.991122 0.967150 0.961547 0.980143 0.976654 0.966455 0.958296 0.932765 0.925284
1.667550e+08 0.999268 0.990459 0.997645 0.990462 0.966272 0.960650 0.979378 0.975838 0.965602 0.957333 0.931792 0.924206
1.668350e+08 0.998908 0.989973 0.996995 0.989819 0.965416 0.959771 0.978632 0.975040 0.964764 0.956385 0.930836 0.923144
1.669150e+08 0.998569 0.989507 0.996363 0.989195 0.964581 0.958911 0.977908 0.974261 0.963943 0.955453 0.929900 0.922099
1.669950e+08 0.998250 0.989062 0.995750 0.988591 0.963770 0.958072 0.977205 0.973501 0.963138 0.954537 0.928982 0.921072
1.670750e+08 0.997952 0.988639 0.995157 0.988006 0.962982 0.957252 0.976524 0.972763 0.962351 0.953639 0.928085 0.920063
1.671550e+08 0.997675 0.988239 0.994585 0.987442 0.962218 0.956454 0.975867 0.972045 0.961581 0.952759 0.927208 0.919074
1.672350e+08 0.997420 0.987862 0.994035 0.986900 0.961479 0.955678 0.975234 0.971349 0.960831 0.951896 0.926352 0.918105
1.673150e+08 0.997188 0.987508 0.993506 0.986379 0.960766 0.954925 0.974625 0.970675 0.960100 0.951053 0.925518 0.917156
1.673950e+08 0.996979 0.987178 0.993000 0.985880 0.960079 0.954195 0.974042 0.970024 0.959390 0.950230 0.924705 0.916228
1.674750e+08 0.996793 0.986873 0.992518 0.985404 0.959418 0.953489 0.973484 0.969397 0.958700 0.949426 0.923916 0.915322
1.675550e+08 0.996630 0.986593 0.992059 0.984952 0.958784 0.952808 0.972953 0.968795 0.958031 0.948643 0.923149 0.914438
1.676350e+08 0.996491 0.986339 0.991625 0.984524 0.958178 0.952151 0.972450 0.968217 0.957385 0.947881 0.922405 0.913577
1.677150e+08 0.996377 0.986110 0.991216 0.984120 0.957600 0.951521 0.971973 0.967664 0.956760 0.947141 0.921686 0.912738
1.677950e+08 0.996287 0.985908 0.990832 0.983741 0.957050 0.950916 0.971526 0.967136 0.956159 0.946422 0.920990 0.911924
1.678750e+08 0.996222 0.985733 0.990474 0.983387 0.956529 0.950338 0.971106 0.966635 0.955581 0.945725 0.920319 0.911133
1.679550e+08 0.996181 0.985584 0.990142 0.983058 0.956037 0.949788 0.970716 0.966160 0.955027 0.945051 0.919672 0.910367
1.680350e+08 0.996166 0.985463 0.989838 0.982756 0.955574 0.949265 0.970356 0.965712 0.954497 0.944399 0.919051 0.909625
1.681150e+08 0.996176 0.985369 0.989560 0.982479 0.955140 0.948769 0.970025 0.965291 0.953991 0.943771 0.918455 0.908908
1.681950e+08 0.996211 0.985302 0.989310 0.982229 0.954737 0.948302 0.969725 0.964898 0.953511 0.943165 0.917884 0.908217
1.682750e+08 0.996272 0.985264 0.989088 0.982006 0.954362 0.947864 0.969455 0.964531 0.953055 0.942584 0.917338 0.907552
1.683550e+08 0.996357 0.985253 0.988893 0.981809 0.954018 0.947454 0.969217 0.964193 0.952626 0.942025 0.916818 0.906912
1.684350e+08 0.996468 0.985270 0.988727 0.981640 0.953704 0.947073 0.969009 0.963882 0.952222 0.941491 0.916325 0.906299
1.685150e+08 0.996605 0.985315 0.988589 0.981497 0.953420 0.946721 0.968832 0.963600 0.951844 0.940980 0.915857 0.905712
1.685950e+08 0.996766 0.985389 0.988480 0.981382 0.953165 0.946399 0.968687 0.963346 0.951492 0.940493 0.915414 0.905151
1.686750e+08 0.996952 0.985490 0.988399 0.981295 0.952941 0.946107 0.968573 0.963119 0.951166 0.940030 0.914998 0.904617
1.687550e+08 0.997163 0.985619 0.988347 0.981235 0.952746 0.945844 0.968491 0.962921 0.950868 0.939590 0.914608 0.904109
1.688350e+08 0.997399 0.985775 0.988324 0.981202 0.952581 0.945610 0.968441 0.962752 0.950595 0.939175 0.914244 0.903628
1.689150e+08 0.997659 0.985959 0.988329 0.981197 0.952445 0.945407 0.968422 0.962610 0.950350 0.938783 0.913905 0.903174
1.689950e+08 0.997943 0.986171 0.988364 0.981218 0.952338 0.945233 0.968435 0.962496 0.950131 0.938415 0.913592 0.902747
1.690750e+08 0.998251 0.986410 0.988427 0.981268 0.952261 0.945089 0.968480 0.962410 0.949939 0.938070 0.913305 0.902347
1.691550e+08 0.998582 0.986676 0.988518 0.981344 0.952212 0.944975 0.968556 0.962352 0.949773 0.937749 0.913043 0.901973
1.692350e+08 0.998937 0.986968 0.988639 0.981448 0.952191 0.944890 0.968663 0.962321 0.949635 0.937451 0.912807 0.901626
1.693150e+08 0.999313 0.987287 0.988787 0.981578 0.952199 0.944835 0.968801 0.962317 0.949522 0.937175 0.912595 0.901305
1.693950e+08 0.999713 0.987632 0.988964 0.981735 0.952234 0.944809 0.968971 0.962341 0.949437 0.936923 0.912408 0.901011
1.694750e+08 1.000133 0.988002 0.989168 0.981918 0.952296 0.944812 0.969171 0.962391 0.949377 0.936692 0.912246 0.900743
1.695550e+08 1.000575 0.988398 0.989401 0.982128 0.952384 0.944844 0.969402 0.962467 0.949344 0.936484 0.912108 0.900502
1.696350e+08 1.001038 0.988818 0.989660 0.982363 0.952499 0.944904 0.969663 0.962570 0.949337 0.936297 0.911994 0.900286
