  1.38915e+08	      1.39365	      1.34124	      1.33517	      1.30551	      1.41929	      1.39802	      1.44854	      1.40131	      1.48704	      1.46887	      1.58946	      1.56263	
  1.38995e+08	     0.960174	     0.970301	     0.938138	     0.942883	     0.981545	     0.978408	     0.913588	     0.918994	     0.943022	     0.948572	     0.960483	     0.962036	
  1.39075e+08	     0.984492	     0.993979	     0.952918	     0.957951	     0.992016	     0.995217	     0.939440	     0.943488	     0.964089	     0.966414	     0.974417	     0.981250	
  1.39155e+08	     0.985940	     0.989120	     0.954698	     0.956624	     0.990296	     0.996616	     0.949819	     0.953783	     0.962480	     0.969215	     0.970382	     0.979269	
  1.39235e+08	     0.987520	      1.00257	     0.946344	     0.949235	     0.992616	     0.999327	     0.951631	     0.942299	     0.965896	     0.968616	     0.973369	     0.978391	
  1.39315e+08	     0.982660	     0.994369	     0.951097	     0.953728	     0.991271	     0.999343	     0.936548	     0.939246	     0.972082	     0.964148	     0.975038	     0.980092	
  1.39395e+08	     0.983409	     0.988096	     0.941509	     0.951332	     0.987758	     0.992845	     0.934797	     0.932807	     0.967085	     0.968620	     0.976209	     0.983793	
  1.39475e+08	     0.984201	     0.986644	     0.948940	     0.945469	     0.984149	     0.993671	     0.931107	     0.928813	     0.964320	     0.967127	     0.976400	     0.972126	
  1.39555e+08	     0.979618	     0.989047	     0.940421	     0.952684	     0.977686	     0.995295	     0.935027	     0.928214	     0.961756	     0.965204	     0.980018	     0.980162	
  1.39635e+08	     0.978595	     0.992090	     0.946763	     0.959881	     0.989092	     0.992203	     0.930399	     0.932578	     0.955862	     0.962178	     0.979857	     0.979182	
  1.39715e+08	     0.977460	     0.992619	     0.953560	     0.954689	     0.988041	     0.995125	     0.929774	     0.924893	     0.960268	     0.964615	     0.980524	     0.979169	
  1.39795e+08	     0.985063	     0.986381	     0.954574	     0.956063	     0.983712	     0.994624	     0.931971	     0.929219	     0.951180	     0.956260	     0.977300	     0.979291	
  1.39875e+08	     0.979030	     0.987539	     0.948813	     0.959869	     0.980791	     0.991349	     0.935242	     0.924950	     0.954204	     0.949576	     0.976652	     0.972263	
  1.39955e+08	     0.981303	     0.993918	     0.950298	     0.954228	     0.982482	     0.988490	     0.927368	     0.924492	     0.954930	     0.958564	     0.980927	     0.976621	
  1.40035e+08	     0.966028	     0.977509	     0.937960	     0.947807	     0.976717	     0.979168	     0.915622	     0.922784	     0.940763	     0.943659	     0.962265	     0.962675	
  1.40115e+08	      1.38475	      1.33390	      1.33546	      1.30281	      1.40856	      1.39554	      1.44431	      1.39808	      1.47924	      1.46341	      1.58399	      1.55378	
  1.40195e+08	      1.38014	      1.33074	      1.33548	      1.30375	      1.40872	      1.39913	      1.44269	      1.39052	      1.47969	      1.45906	      1.58218	      1.55143	
  1.40275e+08	     0.960103	     0.967283	     0.937959	     0.938824	     0.978749	     0.979113	     0.922807	     0.932845	     0.936696	     0.940470	     0.958765	     0.958606	
  1.40355e+08	     0.981260	     0.981593	     0.951205	     0.957029	     0.996648	      1.00013	     0.936926	     0.956737	     0.960162	     0.957318	     0.973419	     0.979147	
  1.40435e+08	     0.984895	     0.982557	     0.958384	     0.956590	     0.996391	     0.996399	     0.943175	     0.946331	     0.960524	     0.959134	     0.976415	     0.979622	
  1.40515e+08	     0.985116	     0.986548	     0.949183	     0.954461	     0.992263	     0.993993	     0.956770	     0.948359	     0.959356	     0.962356	     0.975849	     0.975989	
  1.40595e+08	     0.974420	     0.981475	     0.940818	     0.956849	     0.991276	     0.995958	     0.950881	     0.954716	     0.960940	     0.965129	     0.971193	     0.973997	
  1.40675e+08	     0.976944	     0.979525	     0.950680	     0.954107	     0.989062	     0.992128	     0.934950	     0.962358	     0.968005	     0.967103	     0.976414	     0.974690	
  1.40755e+08	     0.978045	     0.977772	     0.946247	     0.952650	     0.990714	     0.990110	     0.938106	     0.949882	     0.958018	     0.970756	     0.975085	     0.977621	
  1.40835e+08	     0.974908	     0.977280	     0.945379	     0.951360	     0.993986	     0.989045	     0.941182	     0.952034	     0.956031	     0.974337	     0.980689	     0.974633	
  1.40915e+08	     0.971490	     0.971931	     0.949174	     0.950534	     0.987283	     0.990298	     0.942016	     0.951258	     0.963439	     0.962544	     0.970525	     0.977793	
  1.40995e+08	     0.972387	     0.976879	     0.941696	     0.949804	     0.984066	     0.988094	     0.939241	     0.942581	     0.960443	     0.962560	     0.979511	     0.974602	
  1.41075e+08	     0.973208	     0.973701	     0.941279	     0.953977	     0.979530	     0.991503	     0.937952	     0.953321	     0.953379	     0.967695	     0.974208	     0.971427	
  1.41155e+08	     0.967330	     0.975566	     0.942470	     0.946861	     0.983936	     0.991965	     0.954816	     0.955081	     0.964553	     0.971999	     0.975297	     0.974430	
  1.41235e+08	     0.971951	     0.972685	     0.933921	     0.947723	     0.983865	     0.990703	     0.951858	     0.953894	     0.963644	     0.968310	     0.968580	     0.971142	
  1.41315e+08	     0.959225	     0.963341	     0.930745	     0.940812	     0.970751	     0.977099	     0.926894	     0.937995	     0.954364	     0.955448	     0.956346	     0.958939	
  1.41395e+08	      1.37008	      1.32380	      1.33346	      1.30284	      1.39611	      1.39412	      1.43567	      1.38665	      1.47711	      1.45557	      1.57663	      1.54494	
  1.41475e+08	      1.36732	      1.32072	      1.33507	      1.30490	      1.40188	      1.39366	      1.44346	      1.39600	      1.47658	      1.45511	      1.57324	      1.54544	
  1.41555e+08	     0.952811	     0.961121	     0.929152	     0.932632	     0.970431	     0.979928	     0.938799	     0.945095	     0.949949	     0.948740	     0.960097	     0.959937	
  1.41635e+08	     0.971782	     0.974110	     0.953676	     0.954443	     0.987028	     0.992150	     0.959429	     0.963928	     0.963648	     0.977390	     0.975619	     0.980799	
  1.41715e+08	     0.972977	     0.975455	     0.948658	     0.953263	     0.984080	     0.984272	     0.965649	     0.963700	     0.969180	     0.969507	     0.980237	     0.974992	
  1.41795e+08	     0.970215	     0.966068	     0.952966	     0.957318	     0.985293	     0.997207	     0.962911	     0.959936	     0.960938	     0.963715	     0.972276	     0.970550	
  1.41875e+08	     0.972976	     0.974325	     0.949998	     0.952963	     0.986616	     0.992564	     0.955126	     0.965353	     0.970162	     0.970519	     0.971942	     0.973270	
  1.41955e+08	     0.975542	     0.969885	     0.950764	     0.957809	     0.983847	     0.989549	     0.954671	     0.965433	     0.965724	     0.969135	     0.971047	     0.974710	
  1.42035e+08	     0.966335	     0.970528	     0.947457	     0.960674	     0.989232	     0.990176	     0.959786	     0.958358	     0.972054	     0.968651	     0.970123	     0.978359	
  1.42115e+08	     0.966305	     0.971286	     0.950461	     0.954013	     0.989052	     0.987900	     0.956227	     0.959383	     0.972537	     0.968260	     0.979597	     0.973314	
  1.42195e+08	     0.973501	     0.969306	     0.947918	     0.959013	     0.988099	     0.995866	     0.950725	     0.964710	     0.971604	     0.966435	     0.978699	     0.986750	
  1.42275e+08	     0.977886	     0.967190	     0.949675	     0.954627	     0.988195	     0.991737	     0.956674	     0.969837	     0.971228	     0.964666	     0.978749	     0.983201	
  1.42355e+08	     0.972480	     0.966511	     0.944307	     0.949304	     0.987851	     0.989634	     0.968082	     0.962987	     0.962276	     0.966986	     0.983704	     0.977666	
  1.42435e+08	     0.967215	     0.965899	     0.945276	     0.949278	     0.990153	     0.995496	     0.979360	     0.973458	     0.970641	     0.964296	     0.983903	     0.975760	
  1.42515e+08	     0.964318	     0.964215	     0.948233	     0.947565	     0.982915	     0.988191	     0.963669	     0.970033	     0.962384	     0.968456	     0.977518	     0.980550	
  1.42595e+08	     0.955536	     0.956129	     0.936169	     0.936966	     0.968074	     0.969411	     0.957519	     0.955628	     0.944599	     0.948271	     0.969203	     0.966286	
  1.42675e+08	      1.36222	      1.31368	      1.33150	      1.30597	      1.39968	      1.39468	      1.44021	      1.39544	      1.47397	      1.45682	      1.56879	      1.54178	
  1.42755e+08	      1.36788	      1.31802	      1.34530	      1.31616	      1.40796	      1.40263	      1.44881	      1.40598	      1.48244	      1.46524	      1.57604	      1.54896	
  1.42835e+08	     0.958851	     0.957821	     0.932723	     0.933569	     0.953095	     0.965393	     0.943900	     0.952488	     0.947242	     0.945169	     0.967466	     0.976386	
  1.42915e+08	     0.981583	     0.972369	     0.949046	     0.950783	     0.976188	     0.972817	     0.964686	     0.965746	     0.965853	     0.967292	     0.979427	     0.989796	
  1.42995e+08	     0.972580	     0.969176	     0.948708	     0.949805	     0.977255	     0.972960	     0.965728	     0.968520	     0.966792	     0.972943	     0.980929	     0.994367	
  1.43075e+08	     0.978804	     0.975259	     0.945111	     0.949881	     0.967659	     0.971012	     0.963775	     0.971426	     0.972109	     0.970318	     0.988209	     0.986601	
  1.43155e+08	     0.981582	     0.972188	     0.946592	     0.949783	     0.965988	     0.972302	     0.966416	     0.965720	     0.968898	     0.974518	     0.989875	     0.993798	
  1.43235e+08	     0.978689	     0.975364	     0.944352	     0.949508	     0.961919	     0.967019	     0.950225	     0.960763	     0.967302	     0.979955	     0.977630	     0.987345	
  1.43315e+08	     0.975688	     0.979920	     0.941427	     0.949025	     0.961990	     0.963915	     0.956355	     0.956493	     0.970207	     0.968902	     0.981078	     0.980865	
  1.43395e+08	     0.977499	     0.983913	     0.950898	     0.951751	     0.951648	     0.965454	     0.958903	     0.965624	     0.969612	     0.971701	     0.979995	     0.979070	
  1.43475e+08	     0.978914	     0.984417	     0.944483	     0.956524	     0.963915	     0.966783	     0.959748	     0.964422	     0.971785	     0.971988	     0.976975	     0.991198	
  1.43555e+08	     0.976477	     0.982538	     0.951560	     0.956493	     0.963825	     0.967966	     0.966562	     0.958312	     0.969769	     0.974931	     0.983305	     0.986164	
  1.43635e+08	     0.979844	     0.986045	     0.952406	     0.963204	     0.959795	     0.967641	     0.963908	     0.970597	     0.975411	     0.975313	     0.986390	     0.986711	
  1.43715e+08	     0.978096	     0.977719	     0.955199	     0.963036	     0.968935	     0.968879	     0.954840	     0.960049	     0.977218	     0.974990	     0.979993	     0.987325	
  1.43795e+08	     0.974361	     0.988758	     0.953691	     0.966070	     0.967498	     0.973943	     0.955552	     0.964960	     0.974905	     0.970656	     0.986226	     0.986345	
  1.43875e+08	     0.963266	     0.966520	     0.941084	     0.952399	     0.952263	     0.966143	     0.950387	     0.953113	     0.960733	     0.951232	     0.972569	     0.977233	
  1.43955e+08	      1.36679	      1.31896	      1.34754	      1.31991	      1.41367	      1.40557	      1.45864	      1.40917	      1.48429	      1.46929	      1.57600	      1.54664	
  1.44035e+08	      1.37804	      1.32923	      1.36110	      1.33563	      1.43803	      1.41659	      1.45819	      1.42488	      1.49778	      1.48274	      1.58972	      1.55809	
  1.44115e+08	     0.958940	     0.969974	     0.942157	     0.954993	     0.964962	     0.968084	     0.949255	     0.949181	     0.957211	     0.964458	     0.974799	     0.972054	
  1.44195e+08	     0.975239	     0.982911	     0.964728	     0.969067	     0.976785	     0.987684	     0.957141	     0.963063	     0.980587	     0.989138	     0.996263	     0.993338	
  1.44275e+08	     0.975032	     0.981577	     0.960894	     0.973590	     0.981828	     0.983490	     0.964341	     0.973166	     0.979533	     0.987707	     0.996553	     0.994585	
  1.44355e+08	     0.971167	     0.989286	     0.965797	     0.970347	     0.985751	     0.986409	     0.967252	     0.974711	     0.978756	     0.983986	     0.997780	     0.998718	
  1.44435e+08	     0.975717	     0.987185	     0.967384	     0.976187	     0.986814	     0.990462	     0.968290	     0.970976	     0.981475	     0.985954	     0.997976	      1.00601	
  1.44515e+08	     0.974124	     0.979964	     0.967871	     0.974615	     0.984263	     0.988725	     0.963827	     0.967923	     0.983450	     0.983720	      1.00170	      1.00643	
  1.44595e+08	     0.982465	     0.988311	     0.964282	     0.974771	     0.986809	     0.989094	     0.964619	     0.970837	     0.984761	     0.986552	      1.00189	      1.00557	
  1.44675e+08	     0.977868	     0.988507	     0.967134	     0.976295	     0.985041	     0.986396	     0.965737	     0.961677	     0.984628	     0.980994	     0.995696	      1.00748	
  1.44755e+08	     0.982400	     0.980201	     0.964051	     0.979907	     0.989343	     0.985424	     0.963708	     0.980053	     0.984255	     0.990406	      1.00474	      1.00762	
  1.44835e+08	     0.975317	     0.974878	     0.964141	     0.975110	     0.988658	     0.982094	     0.973386	     0.974000	     0.988248	     0.989012	      1.00347	      1.00973	
  1.44915e+08	     0.982499	     0.973844	     0.971776	     0.975603	     0.986778	     0.993861	     0.971456	     0.982123	     0.986148	     0.992955	      1.00971	      1.00745	
  1.44995e+08	     0.977237	     0.972537	     0.968583	     0.979189	     0.991756	     0.988743	     0.981256	     0.986646	     0.991617	     0.999152	     0.999008	      1.00615	
  1.45075e+08	     0.975260	     0.980737	     0.965729	     0.975963	     0.996376	     0.991762	     0.973936	     0.983666	     0.990005	     0.994497	      1.00048	      1.00421	
  1.45155e+08	     0.967953	     0.966852	     0.949507	     0.966418	     0.986036	     0.979284	     0.961688	     0.971254	     0.974926	     0.981016	     0.986153	     0.989579	
  1.45235e+08	      1.37987	      1.33271	      1.36164	      1.34515	      1.43294	      1.41966	      1.46396	      1.43579	      1.50481	      1.49024	      1.59707	      1.56176	
  1.45315e+08	      1.38844	      1.34598	      1.37621	      1.36053	      1.45065	      1.43430	      1.47959	      1.45214	      1.52148	      1.50728	      1.60713	      1.57479	
  1.45395e+08	     0.966202	     0.971588	     0.963436	     0.969196	     0.982342	     0.976078	     0.961262	     0.967032	     0.978107	     0.980825	     0.991018	     0.990776	
  1.45475e+08	     0.986921	     0.987599	     0.977408	     0.982802	     0.996243	     0.995452	     0.978772	     0.989951	     0.995837	      1.00299	      1.00862	      1.01337	
  1.45555e+08	     0.982371	     0.989940	     0.988522	     0.987095	      1.00137	     0.993851	     0.988066	      1.00049	     0.994735	      1.00351	      1.00785	      1.01864	
  1.45635e+08	     0.987248	     0.992835	     0.987298	     0.985885	      1.00886	      1.00152	     0.987740	     0.991602	     0.993514	      1.00367	      1.00699	      1.02088	
  1.45715e+08	     0.996488	     0.994690	     0.980904	     0.992482	      1.00318	     0.991576	     0.988948	     0.998802	     0.998493	      1.00297	      1.00928	      1.01969	
  1.45795e+08	     0.997130	     0.997830	     0.993966	     0.991161	      1.00573	      1.00724	     0.978122	     0.983561	      1.00293	      1.00325	      1.00352	      1.01436	
  1.45875e+08	     0.989260	     0.993348	     0.983544	     0.999413	      1.00849	      1.00788	     0.976255	     0.989328	      1.00191	      1.00174	      1.00779	      1.01166	
  1.45955e+08	     0.991616	     0.996327	     0.988848	     0.992913	      1.02070	      1.01356	     0.981113	     0.996758	      1.00441	      1.00749	      1.01193	      1.01852	
  1.46035e+08	     0.996587	     0.993155	     0.992310	     0.997347	      1.01393	      1.01162	     0.989548	      1.00244	      1.00715	      1.01393	      1.01514	      1.02283	
  1.46115e+08	     0.992432	     0.993275	     0.995849	     0.998452	      1.01923	      1.00809	     0.986934	     0.992897	      1.00488	      1.00979	      1.01288	      1.01165	
  1.46195e+08	     0.988860	     0.997713	     0.996131	     0.996711	      1.02158	      1.01338	     0.988516	     0.999227	      1.00783	      1.00706	      1.01413	      1.01571	
  1.46275e+08	     0.988702	     0.996456	      1.00055	      1.00289	      1.03140	      1.02078	     0.996811	     0.992371	      1.00893	      1.01568	      1.01193	      1.02221	
  1.46355e+08	     0.984938	     0.995300	     0.998152	      1.00369	      1.02720	      1.01463	     0.992408	     0.993016	      1.01235	      1.01409	      1.00958	      1.02459	
  1.46435e+08	     0.977541	     0.983483	     0.979121	     0.990562	      1.01146	      1.00840	     0.977358	     0.988728	     0.999265	      1.00199	     0.999476	      1.00718	
  1.46515e+08	      1.39517	      1.35082	      1.38215	      1.36693	      1.45926	      1.43884	      1.49212	      1.46061	      1.52952	      1.51393	      1.61186	      1.58318	
  1.46595e+08	      1.40875	      1.36497	      1.40274	      1.38385	      1.47287	      1.45933	      1.50471	      1.47664	      1.54260	      1.52709	      1.62342	      1.59650	
  1.46675e+08	     0.978476	     0.984829	     0.981711	     0.987829	      1.01029	      1.00708	     0.975116	     0.978957	     0.994297	     0.998834	      1.00683	      1.00762	
  1.46755e+08	     0.997680	     0.996058	      1.00041	      1.00650	      1.02795	      1.02155	      1.00348	     0.998151	      1.01306	      1.01709	      1.02219	      1.02971	
  1.46835e+08	     0.998322	     0.996130	      1.00290	      1.01170	      1.02873	      1.02307	      1.00125	      1.01053	      1.01629	      1.01383	      1.02275	      1.03110	
  1.46915e+08	     0.992898	     0.996531	      1.01254	      1.01522	      1.02537	      1.02141	      1.00193	     0.987684	      1.01931	      1.01710	      1.02490	      1.02952	
  1.46995e+08	     0.995739	     0.994318	      1.00748	      1.01394	      1.02572	      1.01984	      1.00144	      1.00768	      1.00523	      1.01584	      1.02798	      1.02575	
  1.47075e+08	     0.991014	     0.996900	      1.01278	      1.01566	      1.02128	      1.01563	      1.00750	     0.995969	      1.01550	      1.01555	      1.02467	      1.03203	
  1.47155e+08	     0.994658	      1.00223	      1.01223	      1.01969	      1.02492	      1.02115	     0.997476	     0.999462	      1.01175	      1.01056	      1.02483	      1.02293	
  1.47235e+08	     0.997789	     0.994163	      1.01999	      1.02440	      1.01575	      1.02387	      1.00602	     0.999889	      1.01341	      1.01424	      1.02655	      1.02782	
  1.47315e+08	     0.999379	      1.00335	      1.01480	      1.02252	      1.02027	      1.02382	      1.00197	      1.00125	      1.01412	      1.01190	      1.02384	      1.03617	
  1.47395e+08	      1.00046	      1.00305	      1.01668	      1.01970	      1.02554	      1.02186	      1.00016	      1.00107	      1.01734	      1.01293	      1.02770	      1.03558	
  1.47475e+08	      1.00166	      1.00500	      1.02308	      1.01739	      1.03030	      1.02710	     0.996091	      1.00117	      1.01754	      1.01338	      1.02822	      1.02783	
  1.47555e+08	     0.999644	      1.00518	      1.01642	      1.01862	      1.02915	      1.02522	      1.00400	      1.00421	      1.01528	      1.01014	      1.02686	      1.02401	
  1.47635e+08	      1.00360	      1.00457	      1.02476	      1.02704	      1.03233	      1.02281	      1.00271	      1.01065	      1.01952	      1.00927	      1.02286	      1.03224	
  1.47715e+08	     0.992074	     0.995271	      1.01424	      1.02153	      1.01720	      1.01443	     0.986620	     0.989719	     0.998464	     0.997648	      1.01187	      1.01721	
  1.47795e+08	      1.41293	      1.37020	      1.41386	      1.39639	      1.48094	      1.46516	      1.51903	      1.48201	      1.54790	      1.53319	      1.63093	      1.59937	
  1.47875e+08	      1.42081	      1.38245	      1.42721	      1.41043	      1.48876	      1.47763	      1.54173	      1.49507	      1.55975	      1.54530	      1.63944	      1.60889	
  1.47955e+08	     0.988954	     0.996952	      1.01478	      1.01828	      1.01835	      1.01088	     0.994897	     0.990670	     0.997010	     0.995671	      1.00799	      1.01689	
  1.48035e+08	      1.01196	      1.01300	      1.03238	      1.03638	      1.03420	      1.03568	      1.00409	      1.00406	      1.02123	      1.01232	      1.02666	      1.03304	
  1.48115e+08	      1.01520	      1.01384	      1.02474	      1.03424	      1.03920	      1.03545	      1.01254	      1.00936	      1.01665	      1.01328	      1.03182	      1.03882	
  1.48195e+08	      1.01962	      1.00872	      1.02981	      1.03509	      1.03732	      1.03168	      1.01669	      1.00964	      1.02151	      1.01284	      1.02786	      1.03863	
  1.48275e+08	      1.02035	      1.02381	      1.02982	      1.03457	      1.03683	      1.04113	      1.00421	      1.01383	      1.02553	      1.01685	      1.03398	      1.03968	
  1.48355e+08	      1.01617	      1.01942	      1.02858	      1.02795	      1.04481	      1.03214	      1.00368	      1.01194	      1.02581	      1.02386	      1.03782	      1.04959	
  1.48435e+08	      1.01759	      1.02729	      1.03242	      1.03669	      1.02896	      1.03722	      1.00807	      1.00704	      1.02262	      1.02538	      1.04377	      1.04068	
  1.48515e+08	      1.02484	      1.02055	      1.02960	      1.03901	      1.02887	      1.03044	      1.00140	      1.01120	      1.02777	      1.02499	      1.03248	      1.04131	
  1.48595e+08	      1.01969	      1.01238	      1.03196	      1.04418	      1.03547	      1.02936	      1.00734	      1.01398	      1.03130	      1.03175	      1.03152	      1.03961	
  1.48675e+08	      1.01862	      1.00958	      1.02835	      1.03699	      1.03215	      1.03573	     0.998213	      1.01796	      1.02949	      1.03501	      1.03964	      1.03977	
  1.48755e+08	      1.01826	      1.01691	      1.02697	      1.03740	      1.03171	      1.03388	      1.00618	      1.01180	      1.03801	      1.02875	      1.03362	      1.04006	
  1.48835e+08	      1.01931	      1.02045	      1.02859	      1.03234	      1.03419	      1.03265	      1.01443	      1.00525	      1.02920	      1.02870	      1.04279	      1.03936	
  1.48915e+08	      1.02167	      1.01896	      1.02590	      1.03250	      1.03655	      1.03292	      1.01715	      1.01639	      1.02987	      1.03050	      1.03572	      1.04312	
  1.48995e+08	      1.00186	      1.00721	      1.00529	      1.02054	      1.01987	      1.02410	      1.00125	      1.00922	      1.01543	      1.01093	      1.02279	      1.01942	
  1.49075e+08	      1.42134	      1.38380	      1.43391	      1.41235	      1.50937	      1.47848	      1.52357	      1.49817	      1.55798	      1.54512	      1.63417	      1.60710	
  1.49155e+08	      1.42281	      1.38741	      1.43965	      1.41844	      1.49348	      1.47226	      1.55241	      1.50078	      1.56163	      1.55201	      1.63561	      1.60954	
  1.49235e+08	     0.996188	      1.00854	      1.00427	      1.01992	      1.01779	      1.02000	      1.00980	      1.00109	      1.00867	      1.01898	      1.03071	      1.02021	
  1.49315e+08	      1.00750	      1.02616	      1.03022	      1.04130	      1.03640	      1.03190	      1.02545	      1.02052	      1.03479	      1.02971	      1.04088	      1.04763	
  1.49395e+08	      1.01598	      1.02258	      1.03545	      1.04227	      1.03906	      1.03702	      1.01954	      1.01870	      1.03389	      1.03225	      1.04477	      1.04740	
  1.49475e+08	      1.01188	      1.02083	      1.03289	      1.04404	      1.03339	      1.04450	      1.02220	      1.02750	      1.03243	      1.03554	      1.04383	      1.04601	
  1.49555e+08	     0.998705	      1.01901	      1.02584	      1.04708	      1.03359	      1.04205	      1.03477	      1.03816	      1.03018	      1.03467	      1.03940	      1.04868	
  1.49635e+08	      1.00795	      1.02269	      1.02244	      1.03811	      1.03090	      1.03620	      1.04379	      1.02929	      1.03995	      1.03299	      1.04105	      1.04666	
  1.49715e+08	      1.00338	      1.02062	      1.02264	      1.03274	      1.03030	      1.03676	      1.04146	      1.02992	      1.04114	      1.03880	      1.03580	      1.04701	
  1.49795e+08	      1.00557	      1.01418	      1.01486	      1.03151	      1.03203	      1.03424	      1.04438	      1.03094	      1.03814	      1.04083	      1.04841	      1.05191	
  1.49875e+08	      1.00387	      1.01105	      1.02205	      1.03349	      1.03578	      1.03507	      1.04809	      1.03515	      1.03419	      1.04374	      1.03560	      1.04736	
  1.49955e+08	     0.998330	      1.01397	      1.02434	      1.03107	      1.03613	      1.04055	      1.04636	      1.02886	      1.03789	      1.04055	      1.02924	      1.05595	
  1.50035e+08	      1.00204	      1.01334	      1.02215	      1.03021	      1.03597	      1.04490	      1.05125	      1.02651	      1.04047	      1.04004	      1.04173	      1.05480	
  1.50115e+08	      1.00211	      1.01225	      1.02309	      1.03120	      1.03226	      1.04491	      1.04197	      1.04105	      1.03919	      1.04165	      1.05204	      1.06349	
  1.50195e+08	     0.998715	      1.00912	      1.02179	      1.03359	      1.03384	      1.03780	      1.03672	      1.03599	      1.04273	      1.03713	      1.04876	      1.05625	
  1.50275e+08	     0.986283	     0.990139	      1.01087	      1.01634	      1.01982	      1.02474	      1.02759	      1.01143	      1.02850	      1.01922	      1.04226	      1.04740	
  1.50355e+08	      1.41844	      1.38154	      1.43336	      1.41956	      1.48888	      1.47307	      1.53649	      1.49849	      1.55697	      1.54806	      1.63080	      1.60615	
  1.50435e+08	      1.42023	      1.38271	      1.43832	      1.42159	      1.48864	      1.47273	      1.54685	      1.49785	      1.55475	      1.54727	      1.62733	      1.60358	
  1.50515e+08	     0.996140	     0.996822	     0.998265	      1.00725	      1.02054	      1.02422	      1.02923	      1.02060	      1.02320	      1.01817	      1.03246	      1.04161	
  1.50595e+08	      1.00482	     0.988881	      1.00233	      1.00453	      1.03117	      1.00462	      1.03984	      1.01654	      1.04295	      1.03729	      1.04725	      1.04859	
  1.50675e+08	      1.00615	      1.01189	      1.00992	      1.02416	      1.03261	      1.04013	      1.04721	      1.03328	      1.03498	      1.05127	      1.04734	      1.05452	
  1.50755e+08	      1.01151	      1.01304	      1.01185	      1.02214	      1.03302	      1.04151	      1.04782	      1.03748	      1.03536	      1.04312	      1.04998	      1.05910	
  1.50835e+08	      1.00803	      1.00792	      1.01171	      1.01595	      1.03227	      1.03856	      1.04784	      1.03108	      1.04286	      1.04487	      1.05117	      1.04915	
  1.50915e+08	     0.997438	      1.01129	      1.02770	      1.01583	      1.03179	      1.04356	      1.04395	      1.03079	      1.04306	      1.04203	      1.05027	      1.04908	
  1.50995e+08	      1.00305	      1.00337	      1.01236	      1.01459	      1.02989	      1.04271	      1.04383	      1.03022	      1.03608	      1.04123	      1.04484	      1.04965	
  1.51075e+08	      1.00489	      1.00865	      1.01296	      1.02209	      1.02460	      1.03973	      1.04220	      1.02758	      1.03333	      1.04312	      1.04500	      1.05196	
  1.51155e+08	      1.00385	      1.00372	      1.01345	      1.01732	      1.02440	      1.04171	      1.03146	      1.02938	      1.03569	      1.03985	      1.04040	      1.04859	
  1.51235e+08	      1.00095	      1.00337	      1.01558	      1.01805	      1.03130	      1.03576	      1.03227	      1.02877	      1.02911	      1.03733	      1.04418	      1.04534	
  1.51315e+08	      1.00039	      1.01074	      1.01924	      1.01462	      1.02623	      1.03559	      1.04146	      1.03617	      1.02922	      1.03053	      1.03934	      1.04580	
  1.51395e+08	      1.00501	     0.999034	      1.00829	      1.01724	      1.02511	      1.03408	      1.04656	      1.04284	      1.03723	      1.03372	      1.04162	      1.04746	
  1.51475e+08	      1.00389	      1.00393	      1.00379	      1.01321	      1.03442	      1.03601	      1.04761	      1.04602	      1.03206	      1.03145	      1.04293	      1.04510	
  1.51555e+08	     0.988692	     0.995019	     0.994198	      1.00428	      1.02207	      1.02553	      1.02674	      1.02193	      1.01690	      1.01468	      1.02793	      1.02847	
  1.51635e+08	      1.41359	      1.37529	      1.43242	      1.41427	      1.48558	      1.46628	      1.53026	      1.49163	      1.54712	      1.53918	      1.62549	      1.59218	
  1.51715e+08	      1.40953	      1.36842	      1.42446	      1.41155	      1.48257	      1.46311	      1.52412	      1.49048	      1.54374	      1.53328	      1.61931	      1.58474	
  1.51795e+08	     0.987732	     0.987663	     0.988791	      1.00038	      1.01224	      1.01823	      1.01707	      1.01561	      1.00879	      1.01035	      1.02083	      1.01995	
  1.51875e+08	      1.00641	      1.00576	      1.00901	      1.02081	      1.03692	      1.03927	      1.03512	      1.02609	      1.02957	      1.03409	      1.03987	      1.04774	
  1.51955e+08	      1.00135	      1.00137	      1.01356	      1.01429	      1.03407	      1.04267	      1.02737	      1.02507	      1.03058	      1.02906	      1.04267	      1.05047	
  1.52035e+08	     0.994428	      1.00360	      1.00895	      1.01267	      1.02898	      1.03629	      1.02893	      1.01693	      1.03194	      1.03185	      1.03693	      1.04905	
  1.52115e+08	      1.00065	      1.00433	      1.01128	      1.01693	      1.03177	      1.03996	      1.01954	      1.02316	      1.03284	      1.02645	      1.03010	      1.04261	
  1.52195e+08	     0.998668	      1.00496	      1.00883	      1.01567	      1.02703	      1.03220	      1.01282	      1.02203	      1.02576	      1.02834	      1.03203	      1.04210	
  1.52275e+08	     0.996913	      1.00330	      1.00947	      1.01512	      1.02242	      1.03168	      1.01516	      1.02644	      1.02689	      1.03477	      1.03398	      1.03673	
  1.52355e+08	     0.995387	      1.00535	      1.00188	      1.00942	      1.02821	      1.02378	      1.02242	      1.02310	      1.03224	      1.03724	      1.03656	      1.03274	
  1.52435e+08	     0.998228	      1.01104	      1.00629	      1.01463	      1.02510	      1.03169	      1.02036	      1.01768	      1.02637	      1.02807	      1.03917	      1.02881	
  1.52515e+08	     0.993660	      1.00200	      1.00254	      1.01384	      1.02596	      1.02657	      1.02346	      1.01548	      1.02756	      1.02447	      1.03465	      1.03242	
  1.52595e+08	      1.00011	     0.998682	      1.00695	      1.01325	      1.02030	      1.02559	      1.01903	      1.01688	      1.02576	      1.02837	      1.02580	      1.03186	
  1.52675e+08	     0.994950	     0.995634	      1.01496	      1.01432	      1.02231	      1.02322	      1.02095	      1.02118	      1.01984	      1.02560	      1.03260	      1.03095	
  1.52755e+08	      1.00353	     0.997130	      1.01119	      1.01574	      1.01763	      1.02386	      1.02616	      1.01345	      1.01952	      1.02089	      1.03065	      1.02804	
  1.52835e+08	     0.978707	     0.986661	     0.990707	     0.998576	      1.00669	      1.01154	      1.00555	     0.995989	      1.00234	      1.00376	      1.00739	      1.01324	
  1.52915e+08	      1.40188	      1.36052	      1.41912	      1.40510	      1.47429	      1.45782	      1.51900	      1.48414	      1.53576	      1.52623	      1.60472	      1.57338	
  1.52995e+08	      1.39853	      1.35683	      1.41844	      1.40353	      1.47052	      1.45734	      1.51604	      1.48146	      1.53175	      1.52114	      1.59873	      1.56484	
  1.53075e+08	     0.982237	     0.978447	     0.994800	     0.991671	      1.00593	      1.00699	      1.00393	      1.00299	     0.992499	     0.994685	      1.01291	      1.00928	
  1.53155e+08	     0.995559	      1.00264	      1.00780	      1.01899	      1.01775	      1.02634	      1.02090	      1.01637	      1.01310	      1.01448	      1.03392	      1.02323	
  1.53235e+08	     0.996106	      1.00529	      1.01309	      1.01798	      1.01763	      1.02874	      1.01907	      1.01406	      1.01659	      1.01860	      1.03333	      1.03020	
  1.53315e+08	     0.998486	     0.996376	      1.01227	      1.01542	      1.01429	      1.02424	      1.01497	      1.02265	      1.01398	      1.01388	      1.04381	      1.02633	
  1.53395e+08	      1.00047	      1.00067	      1.01893	      1.01674	      1.01647	      1.02657	      1.01062	      1.02015	      1.01000	      1.01661	      1.03674	      1.02625	
  1.53475e+08	      1.00471	     0.998933	      1.00776	      1.01737	      1.01651	      1.02493	      1.01020	      1.01441	      1.01478	      1.01733	      1.03659	      1.02406	
  1.53555e+08	      1.00263	      1.00268	      1.00670	      1.02216	      1.02155	      1.02314	      1.00972	      1.01408	      1.01603	      1.01437	      1.02752	      1.03017	
  1.53635e+08	      1.00033	      1.00302	      1.01116	      1.01619	      1.01374	      1.02784	      1.01355	      1.01149	      1.01620	      1.01470	      1.02760	      1.03158	
  1.53715e+08	      1.00230	      1.00273	      1.01194	      1.01802	      1.00870	      1.02287	      1.01331	      1.01218	      1.01245	      1.01079	      1.02983	      1.02940	
  1.53795e+08	      1.00273	      1.00441	      1.01503	      1.01468	      1.01165	      1.02484	      1.01215	      1.01713	      1.01221	      1.01331	      1.02403	      1.02511	
  1.53875e+08	     0.996100	      1.00433	      1.00906	      1.01761	      1.01803	      1.02485	      1.01975	      1.01042	      1.01625	      1.01074	      1.02456	      1.02399	
  1.53955e+08	     0.998158	     0.997437	      1.00961	      1.00932	      1.01624	      1.02072	      1.01926	      1.01091	      1.01390	      1.01625	      1.01870	      1.01601	
  1.54035e+08	     0.998918	      1.00062	      1.00649	      1.01482	      1.01381	      1.01859	      1.01636	      1.01014	      1.00816	      1.01643	      1.01616	      1.01359	
  1.54115e+08	     0.980982	     0.991504	     0.996273	      1.00211	      1.00059	      1.00354	     0.998808	     0.997592	     0.996599	      1.00057	     0.995592	     0.999478	
  1.54195e+08	      1.39215	      1.35068	      1.40793	      1.39527	      1.45922	      1.44820	      1.52106	      1.47552	      1.52508	      1.51452	      1.59199	      1.55406	
  1.54275e+08	      1.39138	      1.35250	      1.41358	      1.39709	      1.45422	      1.44395	      1.56463	      1.47285	      1.51986	      1.51223	      1.58717	      1.54836	
  1.54355e+08	     0.982700	     0.980868	     0.996311	     0.996737	     0.994599	     0.994664	     0.996274	      1.00679	     0.996563	     0.995146	     0.998718	     0.995249	
  1.54435e+08	     0.991389	     0.998801	      1.01043	      1.00829	      1.01307	      1.01420	      1.01679	      1.02043	      1.01280	      1.01426	      1.02299	      1.01674	
  1.54515e+08	     0.992487	     0.995348	      1.01428	      1.01362	      1.00819	      1.01022	      1.01776	      1.02978	      1.01884	      1.01689	      1.02039	      1.02071	
  1.54595e+08	     0.993999	      1.00175	      1.00931	      1.01041	      1.00854	      1.00641	      1.02968	      1.02507	      1.01491	      1.01442	      1.02542	      1.01723	
  1.54675e+08	      1.00067	     0.998624	      1.00900	      1.00756	      1.00218	      1.00761	      1.01866	      1.02948	      1.01575	      1.01470	      1.02306	      1.01550	
  1.54755e+08	     0.997149	     0.997369	      1.00562	      1.00651	      1.00207	      1.00936	      1.02012	      1.02265	      1.01566	      1.01242	      1.01677	      1.01972	
  1.54835e+08	      1.00206	     0.999813	      1.00135	      1.01101	      1.00047	      1.00851	      1.00939	      1.01765	      1.00970	      1.00891	      1.02076	      1.01367	
  1.54915e+08	     0.993745	     0.999990	      1.00764	      1.00878	      1.00554	      1.00585	      1.00909	      1.01168	      1.00618	      1.01164	      1.01874	      1.01298	
  1.54995e+08	     0.992386	     0.998857	      1.00899	      1.01069	      1.00130	      1.00714	      1.00708	      1.01890	      1.00901	      1.00868	      1.01805	      1.01707	
  1.55075e+08	     0.995707	     0.998819	      1.00943	      1.01620	      1.00183	      1.00857	      1.00284	      1.01375	      1.00331	      1.01040	      1.01578	      1.01679	
  1.55155e+08	     0.999830	     0.998264	      1.00754	      1.00574	      1.00374	      1.00440	      1.00564	      1.02022	      1.01156	      1.00598	      1.01903	      1.02029	
  1.55235e+08	     0.996153	      1.00367	      1.00440	      1.00813	      1.00298	      1.00339	      1.00766	      1.01524	      1.01209	      1.00654	      1.01326	      1.01225	
  1.55315e+08	     0.994843	      1.00154	      1.00165	      1.00475	     0.998915	      1.00616	      1.01243	      1.00965	      1.00991	      1.00724	      1.01465	      1.01029	
  1.55395e+08	     0.986435	     0.983442	     0.993999	     0.997241	     0.985448	     0.994291	     0.988053	     0.995997	     0.993660	     0.989955	     0.989190	     0.992428	
  1.55475e+08	      1.38776	      1.34904	      1.40323	      1.38890	      1.45425	      1.43696	      1.56369	      1.47204	      1.51380	      1.50624	      1.57909	      1.54027	
  1.55555e+08	      1.39196	      1.35051	      1.40730	      1.39759	      1.45166	      1.43977	      1.55943	      1.47580	      1.51551	      1.50762	      1.57818	      1.53762	
  1.55635e+08	     0.986788	     0.990954	     0.990140	     0.990986	     0.981474	     0.987181	     0.996134	     0.992836	     0.987805	     0.990803	     0.986673	     0.988264	
  1.55715e+08	      1.00292	      1.01535	      1.00482	      1.01625	      1.00009	      1.00090	      1.00559	      1.01646	      1.00848	      1.01066	      1.00392	      1.00715	
  1.55795e+08	      1.00385	      1.01202	      1.00990	      1.01520	     0.995363	      1.00219	     0.999785	      1.01639	      1.00946	      1.00624	      1.00279	      1.00559	
  1.55875e+08	      1.00670	      1.01105	      1.01040	      1.01122	     0.993548	      1.00230	      1.00587	      1.00945	      1.00667	      1.01174	      1.00301	      1.00396	
  1.55955e+08	      1.00587	      1.00990	      1.01649	      1.01618	     0.995412	     0.999082	      1.01002	      1.01507	      1.00740	      1.01240	     0.996986	      1.00142	
  1.56035e+08	      1.01149	      1.01184	      1.01051	      1.01161	     0.996855	      1.00328	      1.01061	      1.02192	      1.00600	      1.00354	      1.00312	      1.00024	
  1.56115e+08	      1.00306	      1.01123	      1.00749	      1.01292	     0.999286	      1.00433	      1.00042	      1.02100	     0.998501	      1.00147	     0.998995	      1.00023	
  1.56195e+08	      1.00315	      1.01473	      1.01518	      1.00910	     0.999786	     0.998374	      1.00689	      1.02136	      1.00453	     0.995770	     0.999595	     0.999002	
  1.56275e+08	      1.00452	      1.01342	      1.01165	      1.01457	     0.995670	     0.999427	      1.00226	      1.00450	      1.00567	      1.00310	     0.997697	     0.994581	
  1.56355e+08	      1.00306	      1.01283	      1.00431	      1.01496	     0.996260	      1.00174	     0.999619	      1.02163	      1.01300	      1.01088	     0.999721	     0.998606	
  1.56435e+08	      1.00690	      1.01126	      1.00781	      1.01115	      1.00105	     0.997988	      1.01154	      1.00423	      1.01181	      1.00717	     0.999680	      1.00323	
  1.56515e+08	      1.00456	      1.00881	      1.01149	      1.01440	     0.998115	     0.999158	      1.00445	      1.01034	      1.00964	      1.01069	      1.00425	      1.00198	
  1.56595e+08	      1.00590	      1.01093	      1.01158	      1.01333	     0.990457	     0.994079	      1.00667	      1.02067	      1.00832	      1.00861	     0.997893	      1.00042	
  1.56675e+08	     0.991488	     0.994748	     0.998056	      1.00002	     0.982155	     0.978365	      1.00271	      1.00737	     0.996030	     0.996967	     0.993351	     0.983077	
  1.56755e+08	      1.39304	      1.35326	      1.41016	      1.39926	      1.45016	      1.43634	      1.55766	      1.47750	      1.51674	      1.50514	      1.57645	      1.53439	
  1.56835e+08	      1.39897	      1.35851	      1.41979	      1.40567	      1.45851	      1.44584	      1.56226	      1.48533	      1.52084	      1.51071	      1.58106	      1.53706	
  1.56915e+08	     0.985774	     0.988976	     0.988130	     0.988302	     0.969513	     0.974340	     0.989006	     0.996691	     0.987520	     0.983176	     0.987806	     0.981500	
  1.56995e+08	      1.00066	      1.00395	      1.00762	      1.01184	     0.996085	     0.995136	      1.01166	      1.02299	      1.00802	      1.00773	      1.00962	     0.997940	
  1.57075e+08	     0.996027	      1.01007	      1.01347	      1.00331	     0.990996	     0.994212	      1.01716	      1.02139	      1.01248	      1.01366	      1.01067	      1.00893	
  1.57155e+08	      1.00388	      1.01406	      1.01414	      1.00642	     0.991084	     0.999099	      1.01916	      1.02247	      1.01678	      1.01000	      1.00753	      1.00071	
  1.57235e+08	      1.00413	      1.01029	      1.00543	      1.01189	     0.994865	     0.993182	      1.02246	      1.02330	      1.02038	      1.01350	      1.00540	      1.00398	
  1.57315e+08	      1.00546	      1.01134	      1.00603	      1.00977	     0.993365	     0.999523	      1.02280	      1.01656	      1.01443	      1.01112	      1.00383	      1.00187	
  1.57395e+08	      1.00559	      1.01563	      1.00539	      1.00566	     0.989667	      1.00134	      1.00900	      1.02367	      1.01887	      1.01152	      1.00333	      1.00249	
  1.57475e+08	      1.00138	      1.01486	      1.00904	      1.01277	     0.985518	     0.998562	      1.01798	      1.01906	      1.01701	      1.01164	      1.00944	      1.00315	
  1.57555e+08	      1.01128	      1.01091	      1.01068	      1.00559	     0.991539	     0.993357	      1.00939	      1.01819	      1.01534	      1.01271	     0.998939	      1.00776	
  1.57635e+08	      1.00969	      1.01418	      1.01294	      1.00732	     0.989807	     0.996057	      1.00858	      1.02071	      1.02057	      1.01129	      1.00249	      1.00578	
  1.57715e+08	      1.00821	      1.00975	      1.00508	      1.00890	     0.996622	     0.997251	      1.00783	      1.01378	      1.00549	      1.01628	     0.998257	      1.00360	
  1.57795e+08	      1.00643	      1.01356	      1.00840	      1.00438	     0.997869	     0.995800	      1.01441	      1.01454	      1.01310	      1.01607	      1.00125	      1.00607	
  1.57875e+08	      1.00538	      1.01069	      1.00203	      1.00586	     0.989728	      1.00218	      1.01075	      1.01644	      1.00670	      1.00977	      1.00595	      1.00509	
  1.57955e+08	     0.992323	      1.00209	     0.994034	     0.993759	     0.985011	     0.991012	      1.00663	     0.998132	     0.993962	     0.985980	     0.987494	     0.990390	
  1.58035e+08	      1.40224	      1.36462	      1.42045	      1.40363	      1.45703	      1.44844	      1.56527	      1.48492	      1.52367	      1.51198	      1.58164	      1.53612	
  1.58115e+08	      1.41610	      1.37332	      1.43513	      1.41951	      1.46687	      1.45970	      1.58219	      1.49364	      1.52931	      1.51993	      1.58991	      1.54240	
  1.58195e+08	     0.991587	     0.997769	     0.995408	     0.995862	     0.994267	     0.981774	     0.995201	     0.996322	     0.985167	     0.997462	     0.986062	     0.990470	
  1.58275e+08	      1.01000	      1.01547	      1.01308	      1.01341	      1.01109	      1.00864	      1.02527	      1.01819	      1.01291	      1.01089	      1.00739	     0.998265	
  1.58355e+08	      1.00582	      1.01086	      1.01793	      1.01620	      1.00895	      1.01512	      1.01975	      1.01551	      1.01671	      1.02013	      1.00191	      1.00493	
  1.58435e+08	      1.00535	      1.01241	      1.02198	      1.01601	      1.00716	      1.00959	      1.02334	      1.02325	      1.00498	      1.01145	      1.00616	      1.00873	
  1.58515e+08	      1.00648	      1.01246	      1.01597	      1.01161	      1.01092	      1.01283	      1.02233	      1.02119	      1.00980	      1.01090	      1.01041	      1.00587	
  1.58595e+08	      1.00453	      1.01329	      1.02179	      1.01645	      1.01227	      1.00724	      1.02697	      1.02029	      1.01237	      1.02225	      1.01101	      1.00953	
  1.58675e+08	      1.00684	      1.01482	      1.01601	      1.02079	      1.00960	      1.00662	      1.03009	      1.01940	      1.01693	      1.01488	      1.01673	      1.00658	
  1.58755e+08	      1.00341	      1.00329	      1.01896	      1.01200	      1.00935	      1.00928	      1.02771	      1.02017	      1.01592	      1.01203	      1.01675	      1.01182	
  1.58835e+08	     0.997962	      1.00952	      1.01747	      1.01437	      1.01201	      1.00968	      1.02637	      1.02176	      1.02180	      1.01663	      1.01264	      1.01007	
  1.58915e+08	      1.00251	      1.00636	      1.02112	      1.01362	      1.00889	      1.00817	      1.01839	      1.02042	      1.01486	      1.01659	      1.00880	      1.00687	
  1.58995e+08	      1.00323	      1.00653	      1.02199	      1.01477	      1.01128	      1.00813	      1.02391	      1.01960	      1.01979	      1.01436	      1.00369	      1.00469	
  1.59075e+08	      1.00253	      1.00657	      1.02266	      1.01508	      1.00956	      1.00470	      1.03017	      1.01685	      1.02005	      1.01886	      1.01221	      1.00782	
  1.59155e+08	      1.00705	      1.00218	      1.01902	      1.01974	      1.01030	      1.01146	      1.02163	      1.01859	      1.01866	      1.01515	      1.01560	      1.01095	
  1.59235e+08	     0.989298	     0.991835	      1.00572	      1.00301	     0.999205	     0.999571	      1.01311	      1.01404	      1.00256	      1.00027	      1.00502	     0.999835	
  1.59315e+08	      1.42066	      1.37482	      1.44017	      1.42419	      1.47309	      1.46270	      1.57987	      1.49594	      1.52914	      1.52045	      1.59416	      1.54261	
  1.59395e+08	      1.43141	      1.38391	      1.45555	      1.42881	      1.47698	      1.46962	      1.59306	      1.50165	      1.53552	      1.52584	      1.59933	      1.54656	
  1.59475e+08	     0.984126	     0.979854	      1.00503	     0.999371	     0.992382	     0.992598	      1.01409	      1.01866	     0.997632	      1.00036	     0.999577	     0.999932	
  1.59555e+08	      1.00034	     0.998743	      1.01809	      1.02303	      1.01814	      1.01437	      1.03610	      1.03393	      1.01761	      1.01762	      1.01707	      1.01645	
  1.59635e+08	      1.00208	     0.997967	      1.01742	      1.01769	      1.01885	      1.01178	      1.03675	      1.03447	      1.01678	      1.02361	      1.01699	      1.01161	
  1.59715e+08	      1.00837	      1.00393	      1.02347	      1.02028	      1.01953	      1.01282	      1.02946	      1.03008	      1.02038	      1.02491	      1.01546	      1.01284	
  1.59795e+08	      1.00071	      1.00542	      1.02428	      1.02372	      1.01517	      1.01155	      1.04144	      1.03130	      1.01961	      1.02386	      1.01434	      1.01010	
  1.59875e+08	      1.00773	      1.00984	      1.02442	      1.02041	      1.02040	      1.01342	      1.02833	      1.03169	      1.02272	      1.02400	      1.01202	      1.00921	
  1.59955e+08	      1.00624	      1.00920	      1.02484	      1.01889	      1.02340	      1.01603	      1.03543	      1.04120	      1.01513	      1.02138	      1.01211	      1.00966	
  1.60035e+08	      1.00824	      1.01262	      1.01899	      1.02302	      1.02337	      1.01691	      1.03864	      1.02961	      1.01865	      1.02646	      1.00852	      1.00487	
  1.60115e+08	      1.01192	      1.01068	      1.02656	      1.01289	      1.01749	      1.01728	      1.03582	      1.03530	      1.01698	      1.02051	      1.00781	      1.00736	
  1.60195e+08	      1.01357	      1.01684	      1.02670	      1.02542	      1.02011	      1.01865	      1.03170	      1.03410	      1.01380	      1.01855	      1.01057	     0.999603	
  1.60275e+08	      1.00857	      1.00920	      1.02612	      1.02581	      1.01943	      1.01726	      1.03923	      1.02251	      1.01505	      1.02118	      1.00598	      1.00527	
  1.60355e+08	      1.00990	      1.01039	      1.02738	      1.02451	      1.01858	      1.01459	      1.03082	      1.02321	      1.01579	      1.02225	      1.00298	      1.00015	
  1.60435e+08	      1.01599	      1.01455	      1.02600	      1.02946	      1.01609	      1.01808	      1.02209	      1.01696	      1.01315	      1.02225	      1.00411	     0.993837	
  1.60515e+08	      1.00118	      1.00145	      1.01681	      1.01352	      1.00659	     0.998889	      1.01371	      1.01515	     0.999651	      1.00571	     0.991373	     0.984936	
  1.60595e+08	      1.43498	      1.38595	      1.45764	      1.43350	      1.48181	      1.46880	      1.59674	      1.50372	      1.54112	      1.52503	      1.59719	      1.54166	
  1.60675e+08	      1.44244	      1.39166	      1.46690	      1.43620	      1.48332	      1.46831	      1.55515	      1.50621	      1.54224	      1.52647	      1.59623	      1.54034	
  1.60755e+08	      1.00019	     0.995627	      1.01308	      1.00614	      1.00582	     0.999889	      1.01078	      1.01608	      1.00095	      1.00847	     0.992426	     0.989761	
  1.60835e+08	      1.01364	      1.01746	      1.03084	      1.03214	      1.02753	      1.01523	      1.02952	      1.03500	      1.02345	      1.02349	      1.01159	      1.00376	
  1.60915e+08	      1.02161	      1.01873	      1.03402	      1.03025	      1.03080	      1.01716	      1.03289	      1.03345	      1.01638	      1.02426	      1.01042	      1.00219	
  1.60995e+08	      1.02264	      1.01441	      1.03566	      1.02707	      1.02846	      1.01694	      1.03256	      1.02738	      1.01972	      1.02551	      1.00793	      1.00239	
  1.61075e+08	      1.02015	      1.02028	      1.03527	      1.02377	      1.02652	      1.01829	      1.02810	      1.02013	      1.02119	      1.01941	      1.00979	     0.999282	
  1.61155e+08	      1.02484	      1.02085	      1.03045	      1.02416	      1.01985	      1.01827	      1.01421	      1.03280	      1.01670	      1.01799	      1.00973	     0.998543	
  1.61235e+08	      1.02840	      1.02832	      1.03126	      1.02640	      1.02835	      1.01893	      1.01789	      1.01659	      1.01177	      1.02204	     0.995106	     0.995886	
  1.61315e+08	      1.02252	      1.01979	      1.03407	      1.02396	      1.02672	      1.01655	      1.02575	      1.01741	      1.01298	      1.01167	     0.997599	     0.992677	
  1.61395e+08	      1.01982	      1.01866	      1.03301	      1.02652	      1.02232	      1.01367	      1.02295	      1.02206	      1.01232	      1.01634	      1.00122	     0.997269	
  1.61475e+08	      1.02527	      1.01973	      1.03841	      1.02965	      1.01981	      1.01231	      1.02851	      1.02137	      1.00858	      1.01002	      1.00569	     0.997096	
  1.61555e+08	      1.03146	      1.01854	      1.03464	      1.02752	      1.01978	      1.01172	      1.02523	      1.02625	      1.00997	      1.00987	      1.01242	     0.999453	
  1.61635e+08	      1.02214	      1.01811	      1.03388	      1.02917	      1.02032	      1.01263	      1.01811	      1.03184	      1.00079	      1.00963	      1.01104	     0.997281	
  1.61715e+08	      1.02349	      1.01724	      1.02807	      1.02243	      1.01525	      1.01710	      1.02431	      1.02056	      1.00983	      1.00369	      1.00824	     0.995749	
  1.61795e+08	      1.00984	      1.00365	      1.01720	      1.00705	      1.00536	     0.999704	      1.01337	      1.01310	     0.988612	     0.981961	     0.997029	     0.987788	
  1.61875e+08	      1.44277	      1.39076	      1.46519	      1.43611	      1.47764	      1.46312	      1.57583	      1.50080	      1.53753	      1.52033	      1.58980	      1.53338	
  1.61955e+08	      1.44560	      1.39121	      1.46660	      1.43681	      1.47495	      1.45942	      1.57508	      1.50000	      1.53274	      1.51701	      1.58088	      1.52561	
  1.62035e+08	      1.00145	     0.988241	      1.00796	      1.00276	     0.991537	     0.990507	      1.01145	      1.01104	     0.985350	     0.991821	     0.984630	     0.987095	
  1.62115e+08	      1.01719	      1.01029	      1.03573	      1.02540	      1.01209	      1.00678	      1.03254	      1.02974	      1.00856	      1.00387	      1.00164	     0.997161	
  1.62195e+08	      1.01803	      1.00955	      1.03839	      1.02578	      1.00930	      1.00976	      1.03519	      1.03196	      1.00857	      1.00452	     0.998713	      1.00189	
  1.62275e+08	      1.01907	      1.00446	      1.03399	      1.02368	      1.00526	      1.00570	      1.03085	      1.01318	      1.00896	      1.00663	      1.00420	     0.996894	
  1.62355e+08	      1.01294	      1.01108	      1.03165	      1.02342	      1.00432	      1.00676	      1.02977	      1.02148	      1.01036	      1.00208	      1.00010	      1.00074	
  1.62435e+08	      1.02268	      1.01654	      1.03438	      1.01643	      1.00834	     0.998537	      1.02719	      1.01850	      1.00448	      1.00789	     0.998627	      1.00376	
  1.62515e+08	      1.01111	      1.01467	      1.02850	      1.01673	      1.00893	      1.00120	      1.03063	      1.01824	      1.00016	      1.00246	      1.00830	      1.00110	
  1.62595e+08	      1.02658	      1.01801	      1.02157	      1.01336	      1.00584	     0.998126	      1.01836	      1.01595	      1.00367	      1.00698	      1.00995	      1.00156	
  1.62675e+08	      1.02118	      1.02243	      1.02766	      1.01292	      1.00437	     0.998976	      1.02427	      1.02121	      1.00423	      1.00658	      1.00584	     0.995847	
  1.62755e+08	      1.01805	      1.01626	      1.02171	      1.01266	      1.00329	     0.996127	      1.02821	      1.01898	      1.00876	      1.00951	      1.00201	     0.995390	
  1.62835e+08	      1.01975	      1.00910	      1.02216	      1.01003	      1.00358	     0.992749	      1.03193	      1.02529	      1.00875	      1.00708	      1.00056	      1.00004	
  1.62915e+08	      1.01696	      1.01300	      1.02285	      1.01012	     0.999522	     0.993062	      1.03873	      1.02736	      1.00477	      1.00815	     0.999506	     0.998949	
  1.62995e+08	      1.01694	      1.00887	      1.01708	      1.01111	     0.992924	     0.987166	      1.02902	      1.02291	      1.00643	      1.00629	     0.992974	     0.991688	
  1.63075e+08	      1.00242	     0.993670	      1.00549	     0.994487	     0.977926	     0.977369	      1.01612	      1.01314	     0.995379	     0.993808	     0.974482	     0.980046	
  1.63155e+08	      1.44121	      1.38716	      1.46242	      1.43450	      1.47181	      1.45224	      1.59516	      1.49232	      1.52710	      1.51093	      1.57108	      1.51648	
  1.63235e+08	      1.44109	      1.38660	      1.46439	      1.43134	      1.46654	      1.44787	      1.59207	      1.48818	      1.52315	      1.50689	      1.56059	      1.50914	
  1.63315e+08	      1.00447	     0.990480	      1.00274	     0.992348	     0.979333	     0.975267	      1.00399	     0.999421	     0.995337	     0.989184	     0.968990	     0.970960	
  1.63395e+08	      1.02276	      1.00670	      1.02477	      1.00564	     0.994106	     0.984792	      1.01945	      1.01979	      1.01355	      1.00727	     0.994956	     0.989938	
  1.63475e+08	      1.02462	      1.00945	      1.01962	      1.00611	     0.993447	     0.989554	      1.01504	      1.01506	      1.01075	      1.01057	     0.990982	     0.990765	
  1.63555e+08	      1.01989	      1.00643	      1.02315	      1.00629	     0.995369	     0.987092	      1.02153	      1.01775	      1.00512	      1.00398	     0.989500	     0.988048	
  1.63635e+08	      1.01732	      1.00940	      1.01694	      1.01024	     0.990691	     0.990441	      1.02600	      1.02473	      1.00557	      1.00427	     0.995711	     0.984162	
  1.63715e+08	      1.02072	      1.01049	      1.02391	      1.00720	     0.996006	     0.987035	      1.02841	      1.02661	      1.01074	      1.00913	     0.994341	     0.987226	
  1.63795e+08	      1.01818	      1.00282	      1.01479	      1.00625	     0.991725	     0.987491	      1.03398	      1.01869	      1.01331	      1.00598	     0.988567	     0.983466	
  1.63875e+08	      1.01103	      1.01350	      1.02303	      1.00521	     0.989555	     0.981255	      1.01769	      1.02486	      1.00793	      1.01082	     0.982121	     0.978013	
  1.63955e+08	      1.01239	      1.01219	      1.02519	      1.00497	     0.991060	     0.985179	      1.04048	      1.01859	      1.01412	      1.01300	     0.980518	     0.981213	
  1.64035e+08	      1.02090	      1.00699	      1.01807	      1.00258	     0.988801	     0.980239	      1.02554	      1.02098	      1.01201	      1.00486	     0.985287	     0.983376	
  1.64115e+08	      1.00845	      1.00944	      1.01701	      1.00062	     0.987887	     0.981066	      1.03337	      1.02679	      1.00398	      1.00861	     0.980526	     0.981929	
  1.64195e+08	      1.00865	     0.997267	      1.01510	     0.996060	     0.990797	     0.982922	      1.02948	      1.01651	      1.00518	      1.00138	     0.980531	     0.981590	
  1.64275e+08	      1.00722	      1.00768	      1.01120	     0.996513	     0.989321	     0.981175	      1.02213	      1.01757	      1.00649	      1.00120	     0.980736	     0.970916	
  1.64355e+08	     0.997134	     0.990710	      1.00126	     0.981964	     0.974856	     0.972623	      1.00065	      1.00846	     0.990653	     0.989761	     0.960857	     0.964442	
  1.64435e+08	      1.43508	      1.38109	      1.46055	      1.41744	      1.45310	      1.43301	      1.55649	      1.47829	      1.51186	      1.49587	      1.54985	      1.49748	
  1.64515e+08	      1.42799	      1.37390	      1.45384	      1.40547	      1.43831	      1.42921	      1.52604	      1.46435	      1.50043	      1.48185	      1.53473	      1.48352	
  1.64595e+08	     0.992420	     0.991472	     0.985402	     0.972683	     0.969520	     0.967669	     0.993985	      1.00133	     0.975344	     0.981095	     0.952783	     0.956077	
  1.64675e+08	      1.00572	     0.997804	      1.00451	     0.995385	     0.981716	     0.984030	      1.00507	      1.00238	     0.992308	      1.00252	     0.970867	     0.969668	
  1.64755e+08	      1.00136	     0.992507	      1.00355	     0.995655	     0.987843	     0.983559	      1.00787	      1.00655	     0.996195	      1.00066	     0.976273	     0.964045	
  1.64835e+08	      1.01014	      1.00180	      1.00822	     0.998488	     0.981925	     0.983962	      1.00593	      1.00638	     0.998127	     0.994942	     0.971629	     0.968216	
  1.64915e+08	      1.00590	      1.00341	      1.00233	     0.993648	     0.984954	     0.982256	      1.01016	      1.00870	      1.00072	     0.990960	     0.970144	     0.971866	
  1.64995e+08	      1.00744	     0.994634	      1.00047	     0.988409	     0.978256	     0.981432	      1.00561	      1.00575	     0.999920	     0.997512	     0.968591	     0.971013	
  1.65075e+08	      1.00319	      1.00027	      1.00225	     0.987897	     0.981126	     0.977971	     0.999220	     0.991993	     0.991406	     0.993064	     0.972699	     0.966655	
  1.65155e+08	     0.998275	     0.999846	     0.999377	     0.987532	     0.983176	     0.981327	     0.989912	     0.997068	     0.993909	     0.987878	     0.970242	     0.959584	
  1.65235e+08	      1.00197	     0.996388	     0.996131	     0.987509	     0.983348	     0.978854	     0.991143	     0.996177	     0.993999	     0.993673	     0.971301	     0.960158	
  1.65315e+08	     0.995696	      1.00155	     0.997174	     0.987355	     0.977043	     0.979904	     0.992535	     0.992296	     0.994467	     0.997829	     0.967751	     0.963351	
  1.65395e+08	      1.00181	      1.00373	      1.00219	     0.991540	     0.979246	     0.973234	     0.998487	     0.991379	     0.991974	     0.990968	     0.961982	     0.959133	
  1.65475e+08	      1.00326	      1.00064	      1.00189	     0.993338	     0.973780	     0.976604	     0.983348	     0.986160	     0.988820	     0.987102	     0.962250	     0.958951	
  1.65555e+08	      1.00429	      1.00712	      1.00027	     0.985422	     0.981054	     0.974015	     0.992771	     0.980997	     0.994288	     0.984200	     0.964520	     0.960558	
  1.65635e+08	     0.992050	     0.987120	     0.988447	     0.972051	     0.961700	     0.959504	     0.970970	     0.969773	     0.974403	     0.967978	     0.948785	     0.941956	
  1.65715e+08	      1.42166	      1.36788	      1.43940	      1.40226	      1.42651	      1.42132	      1.56213	      1.45573	      1.49267	      1.46791	      1.52411	      1.46867	
  1.65795e+08	      1.41816	      1.36384	      1.43201	      1.39446	      1.41545	      1.41456	      1.52454	      1.44937	      1.48353	      1.45982	      1.51548	      1.45994	
  1.65875e+08	     0.989852	     0.978889	     0.971762	     0.963555	     0.953493	     0.951986	     0.972397	     0.970782	     0.970840	     0.960901	     0.943742	     0.938448	
  1.65955e+08	      1.00162	     0.994258	     0.986305	     0.985036	     0.971632	     0.967680	     0.983779	     0.981263	     0.993301	     0.982130	     0.956986	     0.960771	
  1.66035e+08	      1.00460	     0.993418	     0.995545	     0.986142	     0.979817	     0.969115	     0.982555	     0.986042	     0.987584	     0.982948	     0.962024	     0.953296	
  1.66115e+08	      1.01008	     0.994766	     0.995895	     0.986228	     0.976122	     0.970873	     0.985382	     0.989521	     0.992588	     0.980599	     0.961674	     0.949676	
  1.66195e+08	      1.00922	     0.989215	      1.00159	     0.983763	     0.977293	     0.971101	     0.982491	     0.984817	     0.983743	     0.976627	     0.956933	     0.949485	
  1.66275e+08	      1.00462	     0.997196	     0.998432	     0.987068	     0.974867	     0.971976	     0.982029	     0.990724	     0.983212	     0.975713	     0.953763	     0.946940	
  1.66355e+08	      1.00602	     0.997210	     0.995890	     0.979093	     0.973956	     0.967718	     0.989307	     0.986958	     0.977334	     0.974803	     0.948259	     0.941924	
  1.66435e+08	      1.00347	     0.988973	     0.998267	     0.976631	     0.973293	     0.969021	     0.989581	     0.984977	     0.974695	     0.968760	     0.948591	     0.943658	
  1.66515e+08	      1.00755	     0.994717	     0.992839	     0.983246	     0.973630	     0.963390	     0.990164	     0.989765	     0.980759	     0.979884	     0.945851	     0.940156	
  1.66595e+08	      1.01012	     0.996257	     0.986355	     0.973296	     0.967914	     0.963251	     0.987148	     0.991536	     0.979610	     0.976433	     0.947196	     0.943298	
  1.66675e+08	      1.00424	     0.994960	     0.980918	     0.976365	     0.970544	     0.966670	     0.990426	     0.990721	     0.981701	     0.973801	     0.950064	     0.937192	
  1.66755e+08	      1.00262	     0.989690	     0.983910	     0.973895	     0.968487	     0.963768	     0.991665	     0.989292	     0.982213	     0.979246	     0.946852	     0.942345	
  1.66835e+08	      1.00450	     0.990409	     0.980421	     0.975657	     0.967831	     0.965784	     0.981750	     0.990174	     0.974023	     0.974318	     0.943798	     0.937935	
  1.66915e+08	     0.988933	     0.976129	     0.969468	     0.959094	     0.956539	     0.952325	     0.976736	     0.978223	     0.963174	     0.957728	     0.925036	     0.932689	
  1.66995e+08	      1.41555	      1.36000	      1.43211	      1.38614	      1.40863	      1.40608	      1.48311	      1.44206	      1.47164	      1.45014	      1.50370	      1.44928	
  1.67075e+08	      1.41602	      1.36133	      1.42183	      1.38297	      1.40532	      1.39857	      1.47775	      1.44247	      1.46552	      1.44748	      1.49591	      1.44436	
  1.67155e+08	     0.992637	     0.977024	     0.973016	     0.961640	     0.951463	     0.950576	     0.958302	     0.954838	     0.957750	     0.950338	     0.927020	     0.922895	
  1.67235e+08	      1.00195	     0.996108	     0.986037	     0.983002	     0.970736	     0.962663	     0.971734	     0.972008	     0.975107	     0.974879	     0.943028	     0.940138	
  1.67315e+08	      1.00181	     0.996125	     0.991351	     0.978706	     0.967350	     0.962605	     0.961769	     0.973113	     0.974408	     0.970091	     0.947613	     0.941579	
  1.67395e+08	      1.00453	     0.995198	     0.991783	     0.980037	     0.969289	     0.961751	     0.959273	     0.961085	     0.975955	     0.971062	     0.945099	     0.936351	
  1.67475e+08	      1.00680	     0.995153	     0.988689	     0.980723	     0.965963	     0.963329	     0.966916	     0.960992	     0.976807	     0.971317	     0.946157	     0.937541	
  1.67555e+08	      1.00142	     0.999630	     0.987812	     0.979485	     0.965739	     0.962275	     0.965325	     0.966478	     0.974477	     0.972023	     0.935840	     0.930100	
  1.67635e+08	      1.00674	     0.996896	     0.983982	     0.977679	     0.962747	     0.962250	     0.964811	     0.960966	     0.971769	     0.965400	     0.938310	     0.926551	
  1.67715e+08	     0.997326	      1.00016	     0.984548	     0.983617	     0.961653	     0.958382	     0.969005	     0.952629	     0.967254	     0.968959	     0.938790	     0.932003	
  1.67795e+08	      1.00538	      1.00064	     0.988450	     0.981912	     0.964066	     0.956574	     0.965129	     0.956199	     0.970451	     0.968224	     0.943877	     0.925139	
  1.67875e+08	      1.00679	      1.00102	     0.988764	     0.983177	     0.962071	     0.957629	     0.964173	     0.961653	     0.970478	     0.966899	     0.931174	     0.921483	
  1.67955e+08	      1.00502	     0.997500	     0.993170	     0.980445	     0.960077	     0.956301	     0.964332	     0.962865	     0.969907	     0.963060	     0.936084	     0.923761	
  1.68035e+08	     0.997891	     0.999306	     0.997894	     0.977568	     0.959722	     0.958997	     0.962641	     0.959026	     0.977797	     0.962263	     0.935190	     0.912894	
  1.68115e+08	      1.00910	      1.00068	     0.995245	     0.983358	     0.957329	     0.954997	     0.966559	     0.955493	     0.968801	     0.960953	     0.929724	     0.918732	
  1.68195e+08	     0.993647	     0.990462	     0.978035	     0.969747	     0.941840	     0.942275	     0.952670	     0.942485	     0.953263	     0.947861	     0.918816	     0.896407	
  1.68275e+08	      1.41525	      1.36059	      1.41438	      1.38541	      1.40351	      1.39371	      1.48129	      1.43646	      1.45791	      1.44080	      1.49085	      1.43489	
  1.68355e+08	      1.41925	      1.36366	      1.41672	      1.38923	      1.39973	      1.39370	      1.47236	      1.43947	      1.45820	      1.44344	      1.48797	      1.43118	
  1.68435e+08	     0.987507	     0.974769	     0.975049	     0.970052	     0.947213	     0.940341	     0.952695	     0.946483	     0.945791	     0.940365	     0.917458	     0.899415	
  1.68515e+08	      1.00503	     0.988273	     0.993454	     0.983713	     0.960651	     0.958531	     0.969191	     0.972101	     0.965756	     0.956197	     0.934845	     0.928370	
  1.68595e+08	      1.00000	     0.992833	     0.990821	     0.981941	     0.963179	     0.950374	     0.961843	     0.960068	     0.967317	     0.958823	     0.936183	     0.918160	
  1.68675e+08	      1.00134	     0.988712	     0.992091	     0.986822	     0.963193	     0.955711	     0.969667	     0.972231	     0.959298	     0.955528	     0.929649	     0.912399	
  1.68755e+08	      1.00727	     0.986644	     0.993408	     0.984330	     0.963826	     0.958023	     0.973021	     0.971800	     0.956936	     0.958060	     0.930671	     0.922096	
  1.68835e+08	      1.01216	     0.985204	     0.987268	     0.979791	     0.954192	     0.948345	     0.964891	     0.960800	     0.963425	     0.959738	     0.935462	     0.918319	
  1.68915e+08	     0.999727	     0.989042	     0.994889	     0.982879	     0.961831	     0.953328	     0.973975	     0.964354	     0.964574	     0.957092	     0.929440	     0.915177	
  1.68995e+08	     0.998888	     0.992968	     0.991043	     0.980970	     0.958786	     0.952663	     0.963082	     0.960954	     0.966065	     0.957773	     0.925120	     0.914244	
  1.69075e+08	     0.998604	     0.992156	     0.986798	     0.981675	     0.958613	     0.958335	     0.965194	     0.958935	     0.961539	     0.954996	     0.927151	     0.912652	
  1.69155e+08	     0.998596	     0.996432	     0.982803	     0.979486	     0.958849	     0.955942	     0.963310	     0.956913	     0.960938	     0.957377	     0.926343	     0.925890	
  1.69235e+08	      1.00040	     0.990577	     0.982168	     0.980231	     0.960587	     0.951827	     0.966802	     0.965733	     0.965772	     0.954914	     0.930304	     0.915163	
  1.69315e+08	     0.998966	     0.986141	     0.987535	     0.983309	     0.961827	     0.954709	     0.966438	     0.960699	     0.960676	     0.954228	     0.925813	     0.913808	
  1.69395e+08	      1.00312	     0.982637	     0.992275	     0.988845	     0.958958	     0.949002	     0.955836	     0.954618	     0.957285	     0.957300	     0.925393	     0.917083	
  1.69475e+08	     0.980385	     0.969099	     0.984034	     0.973871	     0.943495	     0.934173	     0.943044	     0.949524	     0.944111	     0.943131	     0.911378	     0.900975	
  1.69555e+08	      1.41723	      1.36710	      1.41698	      1.39410	      1.39501	      1.39050	      1.46607	      1.43850	      1.45599	      1.44067	      1.48308	      1.42750	
