  1.38915e+08	      1.63177	      1.58485	      1.48633	      1.41272	      1.54911	      1.48917	      1.61254	      1.62261	      1.45739	      1.29301	      1.55572	      1.47413	
  1.38995e+08	     0.847407	     0.815919	     0.824894	     0.783644	     0.828101	     0.772027	     0.816621	     0.752032	     0.857999	     0.790451	     0.897970	     0.845600	
  1.39075e+08	     0.861306	     0.819370	     0.844850	     0.807552	     0.836538	     0.782741	     0.821024	     0.787231	     0.866390	     0.800919	     0.910543	     0.853782	
  1.39155e+08	     0.860258	     0.821695	     0.838664	     0.800686	     0.832653	     0.766586	     0.814799	     0.768869	     0.868364	     0.804881	     0.914619	     0.867944	
  1.39235e+08	     0.858719	     0.808841	     0.839604	     0.788833	     0.832579	     0.771805	     0.818360	     0.766784	     0.875923	     0.801499	     0.912880	     0.850019	
  1.39315e+08	     0.863708	     0.811288	     0.845555	     0.800691	     0.831338	     0.764156	     0.808316	     0.759133	     0.859658	     0.807599	     0.910653	     0.871305	
  1.39395e+08	     0.862550	     0.823083	     0.838036	     0.793505	     0.833839	     0.765671	     0.813372	     0.763546	     0.859557	     0.795537	     0.913586	     0.860623	
  1.39475e+08	     0.863022	     0.806171	     0.837237	     0.794089	     0.830029	     0.777743	     0.811392	     0.736798	     0.864612	     0.803164	     0.904245	     0.872354	
  1.39555e+08	     0.855740	     0.821844	     0.827497	     0.787568	     0.830492	     0.774489	     0.822087	     0.756228	     0.855687	     0.806225	     0.915855	     0.852314	
  1.39635e+08	     0.865985	     0.809598	     0.834133	     0.776587	     0.831244	     0.773922	     0.813437	     0.746616	     0.867404	     0.802321	     0.911208	     0.854364	
  1.39715e+08	     0.865083	     0.819168	     0.826845	     0.791816	     0.830160	     0.774293	     0.822707	     0.763628	     0.855375	     0.805304	     0.911907	     0.861572	
  1.39795e+08	     0.868165	     0.812195	     0.835268	     0.784605	     0.832428	     0.782454	     0.820780	     0.758261	     0.848063	     0.786054	     0.916248	     0.855092	
  1.39875e+08	     0.863237	     0.814091	     0.835286	     0.781644	     0.835642	     0.780663	     0.808105	     0.744445	     0.837279	     0.787611	     0.904696	     0.854405	
  1.39955e+08	     0.858850	     0.815538	     0.836339	     0.785398	     0.830200	     0.791166	     0.816699	     0.728058	     0.854256	     0.792232	     0.902390	     0.846546	
  1.40035e+08	     0.848902	     0.809686	     0.818320	     0.773124	     0.825343	     0.778588	     0.805978	     0.742492	     0.846222	     0.787466	     0.889792	     0.841177	
  1.40115e+08	      1.62378	      1.57619	      1.48333	      1.40616	      1.54425	      1.48477	      1.60856	      1.61384	      1.45310	      1.28859	      1.55197	      1.46671	
  1.40195e+08	      1.60556	      1.56903	      1.48427	      1.40675	      1.54047	      1.48384	      1.60645	      1.61398	      1.45516	      1.28511	      1.54734	      1.45841	
  1.40275e+08	     0.841238	     0.802328	     0.821032	     0.777151	     0.829889	     0.775852	     0.809115	     0.748308	     0.838410	     0.793285	     0.895419	     0.842464	
  1.40355e+08	     0.861483	     0.818138	     0.833117	     0.786442	     0.842577	     0.803059	     0.824060	     0.767057	     0.853024	     0.804710	     0.910107	     0.855886	
  1.40435e+08	     0.864611	     0.799534	     0.835438	     0.792301	     0.842977	     0.797555	     0.816684	     0.766328	     0.849657	     0.799997	     0.915708	     0.852894	
  1.40515e+08	     0.849850	     0.809351	     0.833381	     0.809570	     0.836984	     0.790593	     0.840451	     0.746566	     0.846213	     0.798520	     0.912443	     0.856791	
  1.40595e+08	     0.857291	     0.808367	     0.838594	     0.811178	     0.842577	     0.783678	     0.836603	     0.767155	     0.856207	     0.800151	     0.909202	     0.854364	
  1.40675e+08	     0.851917	     0.813176	     0.838607	     0.817165	     0.838974	     0.793662	     0.845125	     0.764503	     0.855442	     0.789161	     0.910002	     0.849094	
  1.40755e+08	     0.843175	     0.808962	     0.844583	     0.811010	     0.837385	     0.772099	     0.837089	     0.771813	     0.854437	     0.796956	     0.913487	     0.853584	
  1.40835e+08	     0.840301	     0.806045	     0.831519	     0.811503	     0.834597	     0.781512	     0.820180	     0.750678	     0.859085	     0.796111	     0.899134	     0.846216	
  1.40915e+08	     0.839806	     0.792271	     0.835787	     0.815375	     0.842564	     0.789443	     0.822693	     0.766204	     0.864660	     0.801273	     0.908758	     0.853150	
  1.40995e+08	     0.839297	     0.787398	     0.849654	     0.818835	     0.833018	     0.793486	     0.833972	     0.757699	     0.859799	     0.803430	     0.900907	     0.828432	
  1.41075e+08	     0.837887	     0.792177	     0.843050	     0.803155	     0.838517	     0.800079	     0.826812	     0.748362	     0.861939	     0.795635	     0.906620	     0.858011	
  1.41155e+08	     0.842691	     0.781164	     0.845063	     0.790198	     0.849427	     0.793829	     0.823017	     0.764576	     0.861080	     0.800824	     0.915960	     0.850060	
  1.41235e+08	     0.833746	     0.792570	     0.842604	     0.807997	     0.844090	     0.787903	     0.825722	     0.739939	     0.859914	     0.800736	     0.913280	     0.849965	
  1.41315e+08	     0.831668	     0.780136	     0.828962	     0.797063	     0.832156	     0.784679	     0.808293	     0.759325	     0.860894	     0.791273	     0.904230	     0.840926	
  1.41395e+08	      1.60504	      1.56163	      1.48262	      1.40689	      1.53670	      1.47890	      1.60300	      1.61119	      1.45126	      1.27084	      1.53954	      1.45308	
  1.41475e+08	      1.60193	      1.55987	      1.48778	      1.41366	      1.54163	      1.48210	      1.60503	      1.61501	      1.46552	      1.29375	      1.53675	      1.46450	
  1.41555e+08	     0.836723	     0.787156	     0.837510	     0.797555	     0.830594	     0.786857	     0.833009	     0.763864	     0.852199	     0.797021	     0.889711	     0.857335	
  1.41635e+08	     0.845528	     0.802307	     0.844595	     0.794935	     0.846559	     0.799526	     0.844297	     0.774764	     0.865946	     0.817236	     0.907411	     0.857375	
  1.41715e+08	     0.852959	     0.807554	     0.846243	     0.815032	     0.847911	     0.794749	     0.853972	     0.796315	     0.874615	     0.813719	     0.915568	     0.864464	
  1.41795e+08	     0.844713	     0.813969	     0.845678	     0.816125	     0.854188	     0.805874	     0.850135	     0.794492	     0.862704	     0.804022	     0.907758	     0.855601	
  1.41875e+08	     0.852313	     0.814613	     0.842261	     0.825922	     0.850291	     0.813253	     0.860417	     0.802624	     0.872733	     0.805546	     0.920041	     0.873330	
  1.41955e+08	     0.852004	     0.800009	     0.846729	     0.806430	     0.856145	     0.809524	     0.847995	     0.797985	     0.882266	     0.818046	     0.910999	     0.886755	
  1.42035e+08	     0.837655	     0.800792	     0.840594	     0.817569	     0.848929	     0.812244	     0.861752	     0.802393	     0.874654	     0.820674	     0.920489	     0.883875	
  1.42115e+08	     0.832222	     0.806661	     0.847896	     0.809660	     0.856591	     0.811110	     0.838541	     0.792219	     0.867588	     0.809800	     0.908696	     0.860640	
  1.42195e+08	     0.844895	     0.788077	     0.850430	     0.817947	     0.848290	     0.809490	     0.844447	     0.799656	     0.876575	     0.819822	     0.915464	     0.891985	
  1.42275e+08	     0.840053	     0.805417	     0.851361	     0.822538	     0.847859	     0.798788	     0.843818	     0.800979	     0.882297	     0.815387	     0.923002	     0.883549	
  1.42355e+08	     0.840370	     0.819494	     0.850229	     0.812041	     0.852273	     0.803042	     0.840441	     0.783923	     0.893348	     0.816288	     0.926539	     0.876343	
  1.42435e+08	     0.845695	     0.809584	     0.853954	     0.824396	     0.852163	     0.791433	     0.842619	     0.782052	     0.880712	     0.821417	     0.921409	     0.874839	
  1.42515e+08	     0.836288	     0.803497	     0.855968	     0.814791	     0.850327	     0.794842	     0.839846	     0.780393	     0.879357	     0.840042	     0.905045	     0.863159	
  1.42595e+08	     0.828224	     0.786105	     0.830772	     0.790440	     0.843239	     0.781547	     0.827162	     0.764119	     0.868937	     0.819581	     0.893615	     0.851813	
  1.42675e+08	      1.59191	      1.55563	      1.48617	      1.41298	      1.54001	      1.47898	      1.60397	      1.61307	      1.46398	      1.29121	      1.53140	      1.46394	
  1.42755e+08	      1.59898	      1.56145	      1.50002	      1.42758	      1.54398	      1.49053	      1.61370	      1.62575	      1.45590	      1.27715	      1.53621	      1.47252	
  1.42835e+08	     0.829355	     0.792976	     0.845730	     0.813075	     0.834711	     0.807606	     0.854850	     0.795548	     0.861150	     0.807429	     0.903916	     0.861825	
  1.42915e+08	     0.852308	     0.796625	     0.864672	     0.833297	     0.861543	     0.808726	     0.851674	     0.798756	     0.878476	     0.830181	     0.909213	     0.848453	
  1.42995e+08	     0.850935	     0.796792	     0.860708	     0.836103	     0.866395	     0.812572	     0.845128	     0.810320	     0.886515	     0.827143	     0.917175	     0.880257	
  1.43075e+08	     0.863945	     0.806703	     0.863494	     0.833115	     0.855786	     0.825187	     0.856294	     0.805524	     0.883500	     0.831786	     0.918235	     0.874704	
  1.43155e+08	     0.858676	     0.817083	     0.860328	     0.833720	     0.867547	     0.806693	     0.858820	     0.816482	     0.873813	     0.825009	     0.915758	     0.865737	
  1.43235e+08	     0.854595	     0.814027	     0.859035	     0.826254	     0.862834	     0.810286	     0.848239	     0.805707	     0.878986	     0.828346	     0.907465	     0.873809	
  1.43315e+08	     0.863334	     0.811151	     0.854300	     0.825781	     0.859303	     0.811546	     0.851249	     0.805989	     0.884532	     0.824924	     0.919673	     0.858213	
  1.43395e+08	     0.858124	     0.812897	     0.861600	     0.827782	     0.857418	     0.802622	     0.837219	     0.813769	     0.880060	     0.822525	     0.912641	     0.866724	
  1.43475e+08	     0.862647	     0.802347	     0.857170	     0.832312	     0.854158	     0.808834	     0.858776	     0.804815	     0.883616	     0.825159	     0.918001	     0.866592	
  1.43555e+08	     0.849168	     0.812639	     0.856985	     0.823334	     0.857798	     0.817970	     0.877464	     0.814496	     0.884530	     0.837178	     0.917723	     0.858375	
  1.43635e+08	     0.859127	     0.821286	     0.853139	     0.826228	     0.846075	     0.804858	     0.862232	     0.817836	     0.884417	     0.845916	     0.914645	     0.861565	
  1.43715e+08	     0.863047	     0.819021	     0.857525	     0.826248	     0.853506	     0.817602	     0.866946	     0.810645	     0.892597	     0.845240	     0.922586	     0.868327	
  1.43795e+08	     0.857867	     0.816684	     0.858747	     0.832324	     0.855799	     0.808885	     0.870377	     0.833803	     0.892981	     0.844071	     0.910351	     0.856429	
  1.43875e+08	     0.857271	     0.810521	     0.858455	     0.823093	     0.850051	     0.803192	     0.853606	     0.815416	     0.875676	     0.830025	     0.905058	     0.857345	
  1.43955e+08	      1.60000	      1.56242	      1.50403	      1.43375	      1.54565	      1.49341	      1.61975	      1.63150	      1.47279	      1.28156	      1.53837	      1.47256	
  1.44035e+08	      1.60901	      1.57541	      1.51735	      1.44676	      1.55730	      1.51103	      1.63565	      1.65406	      1.48650	      1.30172	      1.55200	      1.48363	
  1.44115e+08	     0.855804	     0.818718	     0.860088	     0.838877	     0.851108	     0.815736	     0.871379	     0.807263	     0.885304	     0.840949	     0.917120	     0.862841	
  1.44195e+08	     0.877429	     0.835742	     0.880306	     0.856169	     0.873530	     0.826478	     0.859127	     0.829079	     0.906953	     0.860386	     0.931278	     0.886368	
  1.44275e+08	     0.872956	     0.845020	     0.874254	     0.848896	     0.871986	     0.824378	     0.872685	     0.829372	     0.906351	     0.854097	     0.931765	     0.879864	
  1.44355e+08	     0.879862	     0.838608	     0.870552	     0.855986	     0.867357	     0.834872	     0.883207	     0.827690	     0.900006	     0.843816	     0.928855	     0.879588	
  1.44435e+08	     0.882923	     0.840486	     0.880657	     0.856018	     0.872830	     0.827188	     0.867105	     0.825196	     0.899482	     0.851240	     0.931805	     0.884120	
  1.44515e+08	     0.877896	     0.823205	     0.884452	     0.851212	     0.871741	     0.832438	     0.864166	     0.835130	     0.903698	     0.849393	     0.938125	     0.901059	
  1.44595e+08	     0.874671	     0.837061	     0.882969	     0.851360	     0.871110	     0.829212	     0.866747	     0.833989	     0.906336	     0.858347	     0.941223	     0.889023	
  1.44675e+08	     0.872017	     0.829992	     0.894951	     0.857986	     0.873041	     0.827844	     0.850699	     0.836379	     0.907541	     0.857669	     0.937566	     0.887780	
  1.44755e+08	     0.871723	     0.828061	     0.893491	     0.860511	     0.876345	     0.827550	     0.859594	     0.804736	     0.920660	     0.871200	     0.936903	     0.894537	
  1.44835e+08	     0.871937	     0.825317	     0.894697	     0.871023	     0.879630	     0.837844	     0.857340	     0.811076	     0.910949	     0.865007	     0.937508	     0.896188	
  1.44915e+08	     0.870348	     0.821666	     0.887328	     0.864697	     0.882044	     0.836085	     0.864010	     0.808726	     0.909779	     0.860377	     0.936680	     0.882891	
  1.44995e+08	     0.874254	     0.829235	     0.891118	     0.859044	     0.876828	     0.834265	     0.875644	     0.833108	     0.899679	     0.855762	     0.934566	     0.900406	
  1.45075e+08	     0.872812	     0.828339	     0.882869	     0.858902	     0.881482	     0.839689	     0.860749	     0.809906	     0.909407	     0.863372	     0.945716	     0.906865	
  1.45155e+08	     0.863862	     0.809760	     0.873364	     0.844549	     0.866402	     0.831913	     0.853923	     0.800091	     0.900575	     0.851489	     0.933749	     0.894754	
  1.45235e+08	      1.61507	      1.58029	      1.52526	      1.45567	      1.57330	      1.51084	      1.63985	      1.65481	      1.48796	      1.30897	      1.56269	      1.48776	
  1.45315e+08	      1.62362	      1.59132	      1.54256	      1.47254	      1.59086	      1.52333	      1.64443	      1.67332	      1.49471	      1.30631	      1.56916	      1.49914	
  1.45395e+08	     0.875848	     0.828086	     0.885276	     0.863606	     0.872726	     0.839598	     0.845628	     0.818035	     0.910589	     0.867633	     0.938720	     0.907073	
  1.45475e+08	     0.892211	     0.843866	     0.904397	     0.876198	     0.891426	     0.842848	     0.874212	     0.805447	     0.929173	     0.876508	     0.965052	     0.922495	
  1.45555e+08	     0.884877	     0.846786	     0.908423	     0.875978	     0.897299	     0.855193	     0.853606	     0.807203	     0.922514	     0.882216	     0.976731	     0.913748	
  1.45635e+08	     0.895671	     0.858523	     0.898928	     0.879110	     0.901277	     0.855463	     0.870230	     0.826850	     0.926462	     0.870923	     0.958524	     0.913457	
  1.45715e+08	     0.897826	     0.868075	     0.910107	     0.880128	     0.901684	     0.865651	     0.889181	     0.816876	     0.934475	     0.859968	     0.972622	     0.925369	
  1.45795e+08	     0.900363	     0.867182	     0.909990	     0.878362	     0.900443	     0.868900	     0.874431	     0.827846	     0.927481	     0.872376	     0.957418	     0.910156	
  1.45875e+08	     0.894341	     0.874762	     0.902631	     0.882192	     0.896613	     0.863558	     0.879897	     0.828658	     0.926071	     0.879891	     0.958922	     0.917819	
  1.45955e+08	     0.904474	     0.879943	     0.908888	     0.873383	     0.903552	     0.867766	     0.870837	     0.832808	     0.927817	     0.877479	     0.956378	     0.900579	
  1.46035e+08	     0.896758	     0.878618	     0.912215	     0.890108	     0.904404	     0.859640	     0.888022	     0.850833	     0.928725	     0.878640	     0.955594	     0.900874	
  1.46115e+08	     0.905546	     0.864229	     0.912194	     0.895290	     0.911991	     0.864829	     0.892191	     0.847442	     0.929633	     0.889170	     0.950904	     0.904006	
  1.46195e+08	     0.909699	     0.874646	     0.924800	     0.893245	     0.906059	     0.859302	     0.874432	     0.854718	     0.937945	     0.890720	     0.971063	     0.913642	
  1.46275e+08	     0.906088	     0.881764	     0.911524	     0.890381	     0.910384	     0.864132	     0.889700	     0.860048	     0.941044	     0.888637	     0.956801	     0.912186	
  1.46355e+08	     0.909174	     0.875054	     0.922719	     0.891489	     0.918722	     0.862615	     0.907762	     0.867494	     0.941705	     0.896670	     0.960758	     0.902472	
  1.46435e+08	     0.900768	     0.871053	     0.902976	     0.884461	     0.895809	     0.859568	     0.899598	     0.843244	     0.936339	     0.890188	     0.947551	     0.896483	
  1.46515e+08	      1.63026	      1.59786	      1.55163	      1.48213	      1.59961	      1.53525	      1.65190	      1.68071	      1.50281	      1.35445	      1.56746	      1.49916	
  1.46595e+08	      1.64359	      1.61539	      1.57050	      1.50016	      1.61238	      1.55414	      1.67202	      1.69255	      1.52972	      1.36544	      1.57273	      1.51240	
  1.46675e+08	     0.918272	     0.884340	     0.907498	     0.895267	     0.911467	     0.879963	     0.885738	     0.847922	     0.928908	     0.898854	     0.958952	     0.908946	
  1.46755e+08	     0.930317	     0.909514	     0.926340	     0.913050	     0.929000	     0.902268	     0.913908	     0.872909	     0.954530	     0.923901	     0.970334	     0.923956	
  1.46835e+08	     0.926469	     0.894219	     0.927417	     0.907622	     0.934611	     0.895734	     0.924285	     0.866625	     0.951271	     0.919266	     0.969144	     0.923307	
  1.46915e+08	     0.921188	     0.891330	     0.936270	     0.907692	     0.944179	     0.900247	     0.910929	     0.885828	     0.955581	     0.924679	     0.969962	     0.920191	
  1.46995e+08	     0.926668	     0.895162	     0.936142	     0.903607	     0.943127	     0.911685	     0.919489	     0.882416	     0.956812	     0.925360	     0.977036	     0.927000	
  1.47075e+08	     0.924520	     0.890531	     0.945216	     0.908392	     0.937466	     0.902555	     0.934210	     0.888939	     0.971195	     0.922823	     0.965470	     0.936755	
  1.47155e+08	     0.928243	     0.887056	     0.933573	     0.915550	     0.941431	     0.901091	     0.910535	     0.889293	     0.968390	     0.924870	     0.973668	     0.926435	
  1.47235e+08	     0.920939	     0.895641	     0.929846	     0.902676	     0.931301	     0.900178	     0.907687	     0.881778	     0.962296	     0.928554	     0.977822	     0.942852	
  1.47315e+08	     0.913452	     0.894895	     0.933126	     0.906480	     0.934201	     0.902766	     0.924643	     0.902238	     0.968777	     0.927691	     0.978210	     0.940818	
  1.47395e+08	     0.916760	     0.898955	     0.934723	     0.904772	     0.938348	     0.902125	     0.913107	     0.867695	     0.956215	     0.921332	     0.983542	     0.935158	
  1.47475e+08	     0.922375	     0.897901	     0.928903	     0.908682	     0.938003	     0.900821	     0.903351	     0.869786	     0.955834	     0.925771	     0.976510	     0.939092	
  1.47555e+08	     0.911569	     0.890579	     0.931651	     0.915739	     0.942049	     0.896929	     0.907710	     0.897135	     0.953115	     0.899717	     0.979213	     0.931390	
  1.47635e+08	     0.922535	     0.888129	     0.928430	     0.915092	     0.948615	     0.904114	     0.923743	     0.894669	     0.957258	     0.911375	     0.984200	     0.952848	
  1.47715e+08	     0.905631	     0.872430	     0.923003	     0.897927	     0.936841	     0.895789	     0.907960	     0.899380	     0.950996	     0.901204	     0.959918	     0.928490	
  1.47795e+08	      1.64776	      1.62062	      1.57690	      1.50958	      1.62011	      1.56280	      1.68423	      1.70172	      1.53019	      1.37295	      1.57472	      1.52416	
  1.47875e+08	      1.65748	      1.62708	      1.59000	      1.52473	      1.63169	      1.57490	      1.69961	      1.71800	      1.54012	      1.38350	      1.57853	      1.53399	
  1.47955e+08	     0.917724	     0.892094	     0.938796	     0.915452	     0.928405	     0.899223	     0.953078	     0.914955	     0.959164	     0.932948	     0.979469	     0.939268	
  1.48035e+08	     0.936238	     0.913425	     0.951001	     0.928925	     0.950386	     0.920684	     0.964588	     0.910109	     0.971988	     0.934115	     0.999648	     0.962065	
  1.48115e+08	     0.932935	     0.918952	     0.953708	     0.928472	     0.951180	     0.912238	     0.965443	     0.911086	     0.978651	     0.947219	     0.998393	     0.975702	
  1.48195e+08	     0.940503	     0.909434	     0.956471	     0.940561	     0.952949	     0.915284	     0.961993	     0.921616	     0.985260	     0.952053	     0.996681	     0.969973	
  1.48275e+08	     0.949168	     0.919449	     0.959243	     0.938161	     0.950411	     0.921480	     0.964031	     0.929334	     0.972564	     0.943233	     0.984730	     0.960993	
  1.48355e+08	     0.944343	     0.920375	     0.963752	     0.939935	     0.953420	     0.910467	     0.973300	     0.931717	     0.967422	     0.931092	     0.986941	     0.958866	
  1.48435e+08	     0.943642	     0.916007	     0.960105	     0.950975	     0.943472	     0.909807	     0.973079	     0.941110	     0.973059	     0.931112	     0.986921	     0.962464	
  1.48515e+08	     0.954269	     0.913060	     0.964429	     0.947680	     0.947824	     0.916037	     0.960100	     0.934604	     0.986908	     0.940743	     0.987732	     0.971087	
  1.48595e+08	     0.950881	     0.917534	     0.961916	     0.938081	     0.952892	     0.917839	     0.960713	     0.931796	     0.960842	     0.943278	     0.987440	     0.958430	
  1.48675e+08	     0.936959	     0.922956	     0.961733	     0.948191	     0.950954	     0.907610	     0.957689	     0.931541	     0.974488	     0.953054	     0.994297	     0.959883	
  1.48755e+08	     0.934565	     0.923511	     0.962748	     0.940719	     0.962975	     0.916399	     0.973900	     0.943296	     0.981116	     0.939601	     0.990317	     0.967990	
  1.48835e+08	     0.941823	     0.912707	     0.969615	     0.946250	     0.952724	     0.917456	     0.965482	     0.923328	     0.971076	     0.936992	     0.992394	     0.964988	
  1.48915e+08	     0.929514	     0.918628	     0.960889	     0.951680	     0.948636	     0.914428	     0.958815	     0.929656	     0.982488	     0.939580	     0.996307	     0.968939	
  1.48995e+08	     0.933980	     0.906729	     0.945816	     0.927932	     0.934126	     0.908840	     0.950536	     0.912132	     0.962190	     0.931121	     0.989866	     0.956355	
  1.49075e+08	      1.66574	      1.62888	      1.59127	      1.52851	      1.63849	      1.58542	      1.69948	      1.72266	      1.54222	      1.38562	      1.58973	      1.53339	
  1.49155e+08	      1.66736	      1.63295	      1.59956	      1.53493	      1.64923	      1.58978	      1.70101	      1.73178	      1.53840	      1.38663	      1.59112	      1.53517	
  1.49235e+08	     0.939965	     0.915251	     0.950520	     0.934436	     0.946263	     0.931215	     0.963430	     0.945478	     0.973900	     0.961057	     0.985750	     0.966115	
  1.49315e+08	     0.951019	     0.930665	     0.971084	     0.959250	     0.968835	     0.937228	     0.974085	     0.947787	     0.985934	     0.965299	      1.00351	     0.988442	
  1.49395e+08	     0.955164	     0.926261	     0.973039	     0.957747	     0.972150	     0.943342	     0.982360	     0.950080	     0.993348	     0.967615	     0.996247	     0.984692	
  1.49475e+08	     0.959012	     0.943164	     0.971752	     0.957490	     0.963349	     0.937207	     0.985767	     0.953987	     0.985025	     0.968731	      1.00256	     0.977970	
  1.49555e+08	     0.958700	     0.929490	     0.968606	     0.953142	     0.962774	     0.933803	     0.990642	     0.949477	     0.992059	     0.965546	      1.00082	     0.985663	
  1.49635e+08	     0.960939	     0.926097	     0.971827	     0.944764	     0.962653	     0.939931	     0.982334	     0.950717	     0.993168	     0.962454	     0.994114	     0.983632	
  1.49715e+08	     0.953172	     0.933282	     0.971594	     0.952639	     0.966483	     0.938364	     0.984234	     0.936845	     0.991880	     0.963930	     0.985714	     0.976943	
  1.49795e+08	     0.951886	     0.927258	     0.972122	     0.946372	     0.970105	     0.934480	     0.976060	     0.961041	     0.983996	     0.961644	     0.996660	     0.977731	
  1.49875e+08	     0.950187	     0.931351	     0.975426	     0.946764	     0.961488	     0.929952	     0.970837	     0.954056	     0.982073	     0.964316	     0.996402	     0.982836	
  1.49955e+08	     0.956542	     0.937737	     0.969263	     0.947094	     0.961297	     0.938303	     0.982793	     0.951145	     0.998363	     0.973934	      1.00174	     0.969252	
  1.50035e+08	     0.956579	     0.937482	     0.968306	     0.953137	     0.963602	     0.930918	     0.967701	     0.966627	     0.992020	     0.975305	      1.00112	     0.968826	
  1.50115e+08	     0.957333	     0.936941	     0.971381	     0.954676	     0.968039	     0.942206	     0.989738	     0.951860	     0.993986	     0.966912	     0.994931	     0.965334	
  1.50195e+08	     0.944434	     0.943543	     0.969617	     0.953419	     0.966260	     0.940625	     0.987651	     0.944463	     0.995990	     0.962775	     0.996460	     0.962713	
  1.50275e+08	     0.947848	     0.924893	     0.958573	     0.950958	     0.948398	     0.938456	     0.965902	     0.939862	     0.984092	     0.952494	     0.985070	     0.965176	
  1.50355e+08	      1.66386	      1.62975	      1.60014	      1.53414	      1.64597	      1.58669	      1.66330	      1.73578	      1.55379	      1.38542	      1.58682	      1.53096	
  1.50435e+08	      1.65438	      1.62770	      1.59914	      1.53240	      1.64265	      1.58098	      1.67108	      1.73373	      1.54437	      1.38639	      1.57687	      1.52561	
  1.50515e+08	     0.953184	     0.943963	     0.959949	     0.950211	     0.962677	     0.948302	     0.993488	     0.953112	     0.987303	     0.987708	     0.987343	     0.982065	
  1.50595e+08	     0.970685	     0.961996	     0.982068	     0.969199	     0.979995	     0.963420	      1.01805	     0.992040	      1.00164	     0.980952	      1.01512	     0.994482	
  1.50675e+08	     0.972231	     0.958719	     0.983492	     0.964996	     0.974710	     0.962593	     0.997507	     0.982525	     0.995227	     0.991450	      1.00747	     0.991397	
  1.50755e+08	     0.970923	     0.960547	     0.974323	     0.954835	     0.974230	     0.954265	      1.00952	     0.991641	      1.01301	     0.973788	      1.00323	     0.983220	
  1.50835e+08	     0.973096	     0.963395	     0.971648	     0.965558	     0.975611	     0.964521	     0.994776	     0.972149	     0.998898	     0.969435	      1.00173	     0.984348	
  1.50915e+08	     0.966178	     0.961139	     0.973894	     0.969956	     0.973954	     0.962820	      1.00085	     0.966903	     0.996521	     0.974175	      1.00018	     0.985462	
  1.50995e+08	     0.968442	     0.958627	     0.978098	     0.970265	     0.975974	     0.961976	     0.989393	     0.976373	      1.00192	     0.975977	      1.01277	     0.990003	
  1.51075e+08	     0.967280	     0.948429	     0.974322	     0.971315	     0.977180	     0.952683	      1.00112	     0.979221	     0.996372	     0.970181	     0.982158	     0.982323	
  1.51155e+08	     0.972695	     0.955743	     0.972497	     0.961265	     0.971698	     0.950940	      1.01780	     0.984468	     0.994844	     0.977713	      1.00027	     0.978548	
  1.51235e+08	     0.967088	     0.951364	     0.971559	     0.957475	     0.977036	     0.962850	     0.999947	     0.981568	      1.00628	     0.981171	     0.993939	     0.987278	
  1.51315e+08	     0.962056	     0.957658	     0.976497	     0.957199	     0.974097	     0.954672	     0.987658	     0.976858	     0.998234	     0.973588	      1.00362	     0.994019	
  1.51395e+08	     0.964456	     0.954739	     0.964751	     0.948860	     0.973736	     0.956111	     0.984046	     0.990669	     0.993754	     0.978072	      1.01282	     0.990900	
  1.51475e+08	     0.960919	     0.944248	     0.964905	     0.959493	     0.968899	     0.954539	     0.989657	     0.981735	     0.990479	     0.976776	      1.01131	     0.992362	
  1.51555e+08	     0.947632	     0.938252	     0.951620	     0.943362	     0.961825	     0.943649	     0.983711	     0.951462	     0.981333	     0.961542	     0.998619	     0.976990	
  1.51635e+08	      1.64581	      1.61790	      1.59129	      1.52645	      1.63487	      1.57519	      1.66415	      1.72724	      1.53652	      1.38269	      1.56474	      1.51534	
  1.51715e+08	      1.63995	      1.61198	      1.58688	      1.52230	      1.63195	      1.57093	      1.68982	      1.71452	      1.53112	      1.37731	      1.55670	      1.50447	
  1.51795e+08	     0.952536	     0.949296	     0.970529	     0.958242	     0.965734	     0.960480	     0.987791	     0.964528	     0.984494	     0.981140	     0.992150	     0.984741	
  1.51875e+08	     0.964181	     0.961793	     0.982610	     0.980590	     0.979562	     0.971219	     0.994155	     0.977442	      1.01373	      1.00052	      1.00433	     0.997153	
  1.51955e+08	     0.962524	     0.964584	     0.983897	     0.976033	     0.975496	     0.971402	     0.995731	     0.990122	      1.00782	     0.993100	      1.00741	     0.995922	
  1.52035e+08	     0.965306	     0.963454	     0.984142	     0.977064	     0.981324	     0.969373	     0.992021	     0.976149	      1.00673	     0.993514	      1.00764	     0.997634	
  1.52115e+08	     0.960054	     0.964384	     0.984673	     0.972005	     0.983879	     0.982433	      1.00660	     0.980163	      1.01420	      1.00302	      1.00659	      1.00164	
  1.52195e+08	     0.971235	     0.964314	     0.985647	     0.971150	     0.985553	     0.967732	     0.997631	     0.969489	      1.00422	     0.997915	      1.01285	      1.00006	
  1.52275e+08	     0.962482	     0.958737	     0.973767	     0.963800	     0.988418	     0.974174	     0.981263	     0.969400	      1.00363	     0.989032	      1.00670	     0.990763	
  1.52355e+08	     0.965694	     0.968159	     0.975590	     0.961686	     0.982010	     0.979369	     0.984901	     0.952772	      1.00351	      1.00301	     0.999299	     0.985342	
  1.52435e+08	     0.965113	     0.967896	     0.975370	     0.965823	     0.983516	     0.987608	     0.987212	     0.967117	      1.00671	     0.997812	      1.00371	     0.987751	
  1.52515e+08	     0.964891	     0.961879	     0.972166	     0.954632	     0.991315	     0.979328	     0.983602	     0.964367	     0.998545	     0.988265	      1.01151	     0.989599	
  1.52595e+08	     0.953279	     0.960389	     0.972349	     0.957078	     0.983400	     0.983266	     0.984686	     0.969745	      1.00431	     0.983377	     0.997009	     0.985082	
  1.52675e+08	     0.956932	     0.967228	     0.965703	     0.958790	     0.985905	     0.979890	     0.985900	     0.950481	      1.00202	     0.994857	     0.995562	     0.985346	
  1.52755e+08	     0.955680	     0.955449	     0.967903	     0.947807	     0.981806	     0.983575	     0.984733	     0.975750	      1.00271	     0.980089	      1.00316	     0.983134	
  1.52835e+08	     0.946927	     0.949490	     0.953351	     0.948674	     0.978284	     0.974536	     0.984311	     0.968515	     0.986144	     0.973691	      1.00275	     0.968330	
  1.52915e+08	      1.63169	      1.60380	      1.58187	      1.51894	      1.62332	      1.55963	      1.68533	      1.70911	      1.52177	      1.36466	      1.55336	      1.49486	
  1.52995e+08	      1.63220	      1.60041	      1.57921	      1.51635	      1.61832	      1.55260	      1.68213	      1.70569	      1.51571	      1.35828	      1.54613	      1.48558	
  1.53075e+08	     0.958071	     0.966017	     0.967420	     0.966529	     0.985854	     0.992120	     0.998621	     0.973907	     0.986007	     0.992516	     0.992739	     0.987375	
  1.53155e+08	     0.973660	     0.980474	     0.973074	     0.979361	      1.00943	      1.00068	     0.990960	      1.01394	      1.00355	      1.00733	      1.00878	      1.00779	
  1.53235e+08	     0.983933	     0.981673	     0.975521	     0.984095	      1.00668	      1.00607	     0.995995	     0.995162	      1.00069	      1.00307	      1.01939	      1.00535	
  1.53315e+08	     0.973389	     0.976866	     0.986230	     0.980255	      1.00135	      1.00389	     0.986718	     0.972666	      1.00597	      1.00199	      1.00717	      1.00826	
  1.53395e+08	     0.972519	     0.976554	     0.982394	     0.985174	      1.00714	     0.999756	     0.980469	     0.995206	      1.00225	      1.00306	      1.00794	      1.00235	
  1.53475e+08	     0.967369	     0.979836	     0.982244	     0.987307	     0.999374	      1.00210	     0.981312	     0.980579	      1.00932	     0.993516	      1.00666	      1.00248	
  1.53555e+08	     0.971826	     0.976844	     0.988856	     0.981455	      1.00249	      1.00126	     0.984958	     0.976000	     0.995940	     0.995105	      1.01175	     0.994624	
  1.53635e+08	     0.971519	     0.974277	     0.983000	     0.982433	     0.998513	     0.998003	     0.980008	     0.981554	      1.00704	      1.00255	      1.00266	     0.996084	
  1.53715e+08	     0.978130	     0.977248	     0.987781	     0.982202	      1.00275	     0.987148	     0.993797	     0.983217	      1.00331	     0.996183	      1.00587	     0.995147	
  1.53795e+08	     0.974257	     0.977780	     0.980307	     0.980269	     0.999096	     0.998891	     0.996219	     0.986180	      1.00683	      1.00142	      1.01107	      1.00572	
  1.53875e+08	     0.971913	     0.972219	     0.981409	     0.972764	     0.998590	     0.996610	     0.998926	     0.977634	      1.00079	     0.994558	      1.01169	      1.00458	
  1.53955e+08	     0.975828	     0.986573	     0.974224	     0.977270	     0.995576	     0.999193	     0.989330	     0.991717	      1.00057	     0.996392	      1.01086	      1.00664	
  1.54035e+08	     0.978503	     0.979968	     0.984968	     0.976464	     0.998353	      1.00035	     0.995175	     0.975311	     0.999406	     0.997922	      1.01292	      1.00885	
  1.54115e+08	     0.961094	     0.972693	     0.963569	     0.967058	     0.981565	     0.980377	     0.968061	     0.968737	      1.00129	     0.986522	     0.992738	     0.997628	
  1.54195e+08	      1.62018	      1.59243	      1.57761	      1.50965	      1.61136	      1.54471	      1.68223	      1.69791	      1.50991	      1.35337	      1.52947	      1.47711	
  1.54275e+08	      1.61914	      1.59138	      1.57873	      1.50744	      1.60967	      1.54298	      1.67450	      1.69491	      1.50559	      1.35116	      1.52576	      1.46972	
  1.54355e+08	     0.969988	     0.977206	     0.976661	     0.990002	     0.992120	     0.990303	     0.974852	     0.988036	     0.991093	      1.00038	      1.00873	      1.01210	
  1.54435e+08	     0.994966	     0.990218	     0.996575	      1.00880	      1.00775	      1.00933	     0.993877	     0.984560	      1.01921	      1.02456	      1.01376	      1.02444	
  1.54515e+08	     0.988093	     0.994830	     0.991900	      1.00162	      1.01362	      1.00943	      1.00665	     0.988888	      1.01187	      1.02739	      1.01511	      1.01717	
  1.54595e+08	     0.985843	     0.991229	     0.994142	     0.989879	      1.00397	      1.00312	      1.00354	     0.985690	      1.01701	      1.01897	      1.01335	      1.01188	
  1.54675e+08	     0.989428	     0.986595	     0.985418	     0.996552	      1.00834	      1.00929	     0.998730	     0.994043	      1.01276	      1.01861	      1.01594	      1.02191	
  1.54755e+08	     0.983856	     0.993583	     0.992082	     0.988572	      1.00641	      1.00453	      1.00642	      1.00284	      1.01180	      1.01441	      1.01248	      1.01846	
  1.54835e+08	     0.984306	     0.993818	     0.991906	     0.993521	      1.00650	      1.00480	      1.00488	      1.00168	      1.01250	      1.01180	      1.02094	      1.01985	
  1.54915e+08	     0.989180	      1.00426	     0.989353	     0.992804	      1.00546	      1.01076	     0.990855	      1.02277	      1.01345	      1.02095	      1.01333	      1.00744	
  1.54995e+08	     0.989058	     0.999772	      1.00294	     0.996335	      1.01750	      1.00330	      1.00936	      1.00104	      1.01639	      1.01696	      1.00729	      1.02264	
  1.55075e+08	     0.988906	     0.995912	      1.00169	     0.998804	      1.00796	      1.01049	      1.00397	      1.00164	      1.01605	      1.01056	      1.00997	      1.01123	
  1.55155e+08	     0.989431	      1.00216	      1.00292	     0.997304	      1.00230	      1.00388	      1.00467	      1.02810	      1.00853	      1.01157	      1.01099	      1.00858	
  1.55235e+08	     0.988342	     0.989308	      1.00803	     0.988641	      1.00010	      1.00497	      1.02361	      1.00993	      1.00756	      1.01285	      1.00937	      1.01243	
  1.55315e+08	     0.993305	     0.995895	     0.997018	     0.994380	      1.00358	      1.00634	      1.01006	      1.01886	     0.996989	      1.00412	      1.00542	      1.00071	
  1.55395e+08	     0.982227	     0.982861	     0.988567	     0.987238	     0.995131	     0.998098	     0.992273	     0.988796	     0.991644	     0.987730	     0.996977	     0.995246	
  1.55475e+08	      1.61681	      1.58595	      1.57625	      1.50321	      1.60661	      1.53781	      1.67127	      1.68756	      1.50316	      1.34476	      1.52884	      1.46091	
  1.55555e+08	      1.62094	      1.58884	      1.57880	      1.50819	      1.60757	      1.53688	      1.67184	      1.68865	      1.50447	      1.36477	      1.53081	      1.45870	
  1.55635e+08	     0.982733	     0.994774	     0.991069	     0.995026	     0.999953	      1.00697	      1.01053	      1.02643	      1.00314	      1.00502	      1.00081	      1.00027	
  1.55715e+08	      1.00162	      1.01026	      1.01008	      1.01376	      1.01997	      1.01908	      1.01933	      1.04138	      1.01391	      1.01242	      1.01644	      1.01596	
  1.55795e+08	      1.00524	      1.01236	      1.00075	      1.00382	      1.01202	      1.01822	      1.03850	      1.03896	      1.01656	      1.01605	      1.02295	      1.02581	
  1.55875e+08	      1.01170	      1.01660	      1.01232	      1.01074	      1.01242	      1.02013	      1.02394	      1.03671	      1.01908	      1.02542	      1.01584	      1.02604	
  1.55955e+08	      1.01543	      1.01400	      1.00478	      1.01522	      1.01142	      1.02032	      1.04433	      1.05073	      1.01786	      1.02011	      1.01427	      1.02146	
  1.56035e+08	      1.00721	      1.01672	      1.00939	      1.01178	      1.01164	      1.02030	      1.03729	      1.03436	      1.01603	      1.02040	      1.01278	      1.02622	
  1.56115e+08	      1.00043	      1.00937	      1.01159	      1.01021	      1.01886	      1.01985	      1.03138	      1.03919	      1.01792	      1.01962	      1.01780	      1.02464	
  1.56195e+08	      1.00683	      1.01366	      1.01155	      1.00624	      1.00789	      1.01601	      1.03826	      1.04398	      1.01757	      1.02426	      1.01782	      1.04507	
  1.56275e+08	      1.00482	      1.01265	      1.01168	      1.01151	      1.01303	      1.02162	      1.03761	      1.04233	      1.02287	      1.01833	      1.01853	      1.03660	
  1.56355e+08	      1.00443	      1.02254	      1.00663	      1.01149	      1.01764	      1.01643	      1.03266	      1.03319	      1.01958	      1.01672	      1.01703	      1.02876	
  1.56435e+08	      1.01889	      1.01700	      1.00695	      1.01184	      1.01516	      1.01357	      1.04920	      1.04966	      1.01295	      1.02729	      1.01950	      1.03400	
  1.56515e+08	      1.01715	      1.02123	      1.00988	      1.01665	      1.02050	      1.01086	      1.03168	      1.04478	      1.02515	      1.03000	      1.02319	      1.03293	
  1.56595e+08	      1.01415	      1.02590	      1.01192	      1.02059	      1.01337	      1.01492	      1.02187	      1.03146	      1.01529	      1.03314	      1.02753	      1.02976	
  1.56675e+08	      1.00055	      1.00701	      1.00479	      1.00317	     0.996510	      1.00717	      1.02186	      1.03744	      1.00803	      1.01417	      1.01090	      1.02154	
  1.56755e+08	      1.62293	      1.58674	      1.58471	      1.51309	      1.60761	      1.53329	      1.67061	      1.69564	      1.50447	      1.35880	      1.52891	      1.45903	
  1.56835e+08	      1.63153	      1.59638	      1.59223	      1.52230	      1.61332	      1.53908	      1.68300	      1.70052	      1.50777	      1.37544	      1.53265	      1.46629	
  1.56915e+08	      1.00516	      1.02947	      1.01502	      1.02117	      1.00958	      1.02455	      1.03422	      1.05401	      1.01348	      1.03009	      1.01436	      1.02795	
  1.56995e+08	      1.03171	      1.04152	      1.02933	      1.03835	      1.02893	      1.04556	      1.05606	      1.06655	      1.03066	      1.03996	      1.03133	      1.04510	
  1.57075e+08	      1.04069	      1.03749	      1.02695	      1.03397	      1.03742	      1.03944	      1.04797	      1.06430	      1.01222	      1.03908	      1.02972	      1.05052	
  1.57155e+08	      1.02887	      1.04514	      1.02453	      1.03738	      1.03793	      1.04466	      1.03942	      1.06471	      1.02575	      1.03414	      1.03685	      1.04537	
  1.57235e+08	      1.03550	      1.04737	      1.02832	      1.03970	      1.03488	      1.03583	      1.01851	      1.04912	      1.02793	      1.03558	      1.02340	      1.04331	
  1.57315e+08	      1.03325	      1.03312	      1.02992	      1.05190	      1.03063	      1.03553	      1.04439	      1.05712	      1.02899	      1.03302	      1.02455	      1.04379	
  1.57395e+08	      1.02952	      1.03505	      1.03039	      1.04843	      1.03965	      1.03646	      1.03031	      1.06020	      1.02684	      1.03646	      1.02640	      1.03907	
  1.57475e+08	      1.02718	      1.04612	      1.03937	      1.04822	      1.03391	      1.04267	      1.03131	      1.05850	      1.03191	      1.02883	      1.02530	      1.03970	
  1.57555e+08	      1.02748	      1.04606	      1.03710	      1.04760	      1.02700	      1.04206	      1.03426	      1.04610	      1.02629	      1.03789	      1.03057	      1.04036	
  1.57635e+08	      1.02284	      1.04326	      1.03547	      1.04931	      1.03267	      1.04850	      1.04606	      1.05451	      1.02347	      1.03575	      1.03496	      1.04954	
  1.57715e+08	      1.03599	      1.04596	      1.02924	      1.04315	      1.03592	      1.04934	      1.03358	      1.04136	      1.03151	      1.04010	      1.03520	      1.04511	
  1.57795e+08	      1.03980	      1.03622	      1.02843	      1.04131	      1.03681	      1.05242	      1.03864	      1.04668	      1.03133	      1.04293	      1.02731	      1.03804	
  1.57875e+08	      1.03716	      1.04825	      1.03734	      1.04628	      1.03609	      1.05055	      1.03768	      1.04230	      1.03636	      1.04541	      1.02863	      1.03018	
  1.57955e+08	      1.01427	      1.02801	      1.02197	      1.03150	      1.02589	      1.02959	      1.03817	      1.03732	      1.01845	      1.03527	      1.00788	      1.01779	
  1.58035e+08	      1.63592	      1.59938	      1.59353	      1.52316	      1.61580	      1.54805	      1.68187	      1.69869	      1.51040	      1.37257	      1.53162	      1.45764	
  1.58115e+08	      1.64636	      1.61053	      1.60409	      1.53465	      1.62377	      1.55125	      1.69046	      1.70851	      1.51614	      1.39575	      1.53389	      1.47007	
  1.58195e+08	      1.04537	      1.05113	      1.03786	      1.05050	      1.03298	      1.05238	      1.04755	      1.07061	      1.01774	      1.03427	      1.02176	      1.03378	
  1.58275e+08	      1.06198	      1.06685	      1.05679	      1.06905	      1.05373	      1.07007	      1.06536	      1.09682	      1.03900	      1.04824	      1.03990	      1.05901	
  1.58355e+08	      1.05308	      1.07363	      1.05471	      1.06434	      1.05549	      1.07026	      1.06934	      1.08844	      1.04071	      1.05101	      1.04861	      1.05808	
  1.58435e+08	      1.04962	      1.07651	      1.05315	      1.07020	      1.05410	      1.07090	      1.06128	      1.09249	      1.04127	      1.05869	      1.04458	      1.05876	
  1.58515e+08	      1.05191	      1.07562	      1.05613	      1.07079	      1.05128	      1.06508	      1.05645	      1.06879	      1.04173	      1.05280	      1.04144	      1.05843	
  1.58595e+08	      1.05997	      1.06502	      1.05695	      1.06340	      1.05384	      1.06832	      1.05180	      1.07849	      1.04516	      1.05661	      1.04983	      1.05591	
  1.58675e+08	      1.05323	      1.06685	      1.04983	      1.06983	      1.05153	      1.06744	      1.05865	      1.07588	      1.04306	      1.06439	      1.04744	      1.04512	
  1.58755e+08	      1.05766	      1.07757	      1.05362	      1.07112	      1.06144	      1.06260	      1.04824	      1.06633	      1.03986	      1.05595	      1.03679	      1.04819	
  1.58835e+08	      1.05823	      1.07540	      1.05193	      1.06593	      1.05799	      1.06564	      1.06618	      1.07188	      1.04269	      1.05477	      1.04408	      1.04402	
  1.58915e+08	      1.05946	      1.06192	      1.05244	      1.07305	      1.05129	      1.06810	      1.03597	      1.09196	      1.03903	      1.05901	      1.04471	      1.05668	
  1.58995e+08	      1.05296	      1.06523	      1.06092	      1.07330	      1.05518	      1.06292	      1.05035	      1.07582	      1.04339	      1.06258	      1.04401	      1.05537	
  1.59075e+08	      1.05484	      1.06338	      1.06670	      1.07834	      1.05591	      1.06329	      1.04968	      1.08283	      1.03596	      1.05728	      1.03861	      1.05236	
  1.59155e+08	      1.05516	      1.07237	      1.06344	      1.07480	      1.04863	      1.06562	      1.04908	      1.08804	      1.04272	      1.06252	      1.04389	      1.05421	
  1.59235e+08	      1.03889	      1.05507	      1.04903	      1.06264	      1.04196	      1.05299	      1.04692	      1.05997	      1.02937	      1.05087	      1.02381	      1.03129	
  1.59315e+08	      1.65088	      1.61512	      1.60972	      1.53587	      1.62818	      1.55303	      1.69304	      1.71181	      1.51421	      1.39086	      1.53450	      1.46651	
  1.59395e+08	      1.66078	      1.62498	      1.61666	      1.54369	      1.63461	      1.55441	      1.66291	      1.72353	      1.52195	      1.41033	      1.53396	      1.46372	
  1.59475e+08	      1.05863	      1.07528	      1.04674	      1.06446	      1.05460	      1.05846	      1.04941	      1.08675	      1.04137	      1.05935	      1.02679	      1.03684	
  1.59555e+08	      1.07045	      1.10024	      1.07719	      1.08999	      1.06742	      1.08937	      1.06615	      1.10454	      1.05539	      1.07557	      1.04518	      1.05161	
  1.59635e+08	      1.07515	      1.09562	      1.08010	      1.10178	      1.06828	      1.07772	      1.05411	      1.10459	      1.06430	      1.07906	      1.04572	      1.05991	
  1.59715e+08	      1.07910	      1.10156	      1.08278	      1.10125	      1.07076	      1.08372	      1.06431	      1.09987	      1.05759	      1.08265	      1.03875	      1.06378	
  1.59795e+08	      1.08196	      1.09850	      1.08728	      1.09760	      1.06312	      1.08337	      1.06765	      1.08470	      1.05929	      1.07409	      1.04646	      1.06626	
  1.59875e+08	      1.08143	      1.09954	      1.08227	      1.09374	      1.06976	      1.08753	      1.06294	      1.08202	      1.05744	      1.07700	      1.05079	      1.08109	
  1.59955e+08	      1.07688	      1.09545	      1.07578	      1.08724	      1.07065	      1.08750	      1.07937	      1.08616	      1.05171	      1.07182	      1.04371	      1.06796	
  1.60035e+08	      1.07796	      1.09876	      1.07722	      1.07893	      1.06716	      1.08969	      1.05358	      1.09004	      1.04090	      1.07621	      1.04646	      1.07340	
  1.60115e+08	      1.07247	      1.11342	      1.07864	      1.08604	      1.07790	      1.09069	      1.06918	      1.10022	      1.04483	      1.07373	      1.04952	      1.06409	
  1.60195e+08	      1.07645	      1.11390	      1.07071	      1.08625	      1.07471	      1.08708	      1.05059	      1.08507	      1.04862	      1.07055	      1.05375	      1.05907	
  1.60275e+08	      1.07587	      1.11123	      1.08242	      1.08393	      1.07922	      1.08949	      1.06619	      1.07793	      1.04890	      1.07376	      1.03946	      1.05549	
  1.60355e+08	      1.07638	      1.10041	      1.07639	      1.08137	      1.08384	      1.09056	      1.07863	      1.10940	      1.05707	      1.07546	      1.05091	      1.06739	
  1.60435e+08	      1.06871	      1.09595	      1.07726	      1.09591	      1.07875	      1.09067	      1.07672	      1.11044	      1.04979	      1.07249	      1.05912	      1.06471	
  1.60515e+08	      1.06100	      1.08817	      1.06610	      1.07752	      1.06914	      1.08380	      1.06302	      1.09171	      1.03900	      1.06817	      1.03935	      1.03292	
  1.60595e+08	      1.66565	      1.62787	      1.62347	      1.54920	      1.63600	      1.55009	      1.66503	      1.73272	      1.51891	      1.41083	      1.52995	      1.46153	
  1.60675e+08	      1.67129	      1.63313	      1.62827	      1.55395	      1.64010	      1.55513	      1.66832	      1.73533	      1.51951	      1.40882	      1.52825	      1.45781	
  1.60755e+08	      1.07627	      1.10563	      1.07423	      1.09058	      1.07923	      1.09590	      1.06042	      1.11027	      1.04465	      1.08326	      1.04709	      1.06370	
  1.60835e+08	      1.09032	      1.11529	      1.08895	      1.10626	      1.08775	      1.11137	      1.06926	      1.12729	      1.06659	      1.09751	      1.04924	      1.08515	
  1.60915e+08	      1.10129	      1.12572	      1.09085	      1.10032	      1.08956	      1.11804	      1.07840	      1.10979	      1.07595	      1.10120	      1.05251	      1.08432	
  1.60995e+08	      1.10389	      1.12971	      1.08691	      1.09479	      1.09136	      1.11186	      1.07636	      1.11484	      1.07456	      1.10434	      1.05130	      1.07775	
  1.61075e+08	      1.10165	      1.13645	      1.08359	      1.09841	      1.09757	      1.11363	      1.08604	      1.11389	      1.07732	      1.10323	      1.04032	      1.08701	
  1.61155e+08	      1.09080	      1.13821	      1.08149	      1.09477	      1.08985	      1.12115	      1.08096	      1.12488	      1.07982	      1.09880	      1.04764	      1.07992	
  1.61235e+08	      1.09319	      1.13514	      1.08613	      1.10483	      1.10356	      1.11787	      1.08587	      1.12607	      1.07149	      1.10287	      1.04745	      1.07997	
  1.61315e+08	      1.09702	      1.12528	      1.08499	      1.10440	      1.09460	      1.10821	      1.09973	      1.11710	      1.06964	      1.10509	      1.02897	      1.09388	
  1.61395e+08	      1.09461	      1.12396	      1.09216	      1.10806	      1.09196	      1.11408	      1.09878	      1.13334	      1.07021	      1.10179	      1.04719	      1.06555	
  1.61475e+08	      1.09959	      1.13744	      1.09945	      1.10616	      1.10382	      1.11580	      1.09306	      1.13368	      1.06510	      1.10699	      1.04282	      1.07050	
  1.61555e+08	      1.09229	      1.12957	      1.09633	      1.11129	      1.09535	      1.11795	      1.08080	      1.13716	      1.05992	      1.09282	      1.05126	      1.06433	
  1.61635e+08	      1.09598	      1.12641	      1.09379	      1.10057	      1.10101	      1.11418	      1.09413	      1.13493	      1.07134	      1.09489	      1.03423	      1.05298	
  1.61715e+08	      1.09807	      1.12757	      1.08963	      1.10613	      1.09538	      1.11671	      1.09106	      1.14352	      1.06122	      1.10043	      1.03690	      1.06488	
  1.61795e+08	      1.08147	      1.10753	      1.07143	      1.09172	      1.08200	      1.11754	      1.07037	      1.12737	      1.05654	      1.08498	      1.03826	      1.05275	
  1.61875e+08	      1.66856	      1.63292	      1.62406	      1.54868	      1.63910	      1.55397	      1.64533	      1.73326	      1.51541	      1.38807	      1.52263	      1.44991	
  1.61955e+08	      1.66808	      1.63295	      1.62246	      1.54581	      1.63441	      1.54963	      1.66650	      1.72534	      1.51218	      1.38530	      1.51446	      1.44499	
  1.62035e+08	      1.09071	      1.12934	      1.09291	      1.11133	      1.08467	      1.12359	      1.08944	      1.12554	      1.06195	      1.08789	      1.01162	      1.06126	
  1.62115e+08	      1.11099	      1.14523	      1.11336	      1.11933	      1.10261	      1.13574	      1.09907	      1.17030	      1.07683	      1.12004	      1.02412	      1.05696	
  1.62195e+08	      1.10843	      1.15126	      1.10429	      1.11998	      1.09462	      1.14254	      1.09557	      1.13824	      1.08053	      1.09928	      1.03230	      1.06032	
  1.62275e+08	      1.11266	      1.14223	      1.09676	      1.11851	      1.10308	      1.13218	      1.11675	      1.14833	      1.06475	      1.09938	      1.03168	      1.06981	
  1.62355e+08	      1.11865	      1.14737	      1.10197	      1.11545	      1.10180	      1.14260	      1.10248	      1.13060	      1.07146	      1.10719	      1.03101	      1.07648	
  1.62435e+08	      1.10594	      1.14260	      1.10418	      1.11010	      1.10015	      1.12935	      1.09870	      1.13561	      1.07877	      1.12512	      1.03064	      1.06985	
  1.62515e+08	      1.12691	      1.14319	      1.10156	      1.11171	      1.10549	      1.13199	      1.08720	      1.12500	      1.07496	      1.11396	      1.04716	      1.04790	
  1.62595e+08	      1.12013	      1.14936	      1.10072	      1.11710	      1.10323	      1.14100	      1.10379	      1.12957	      1.06919	      1.09834	      1.02981	      1.07033	
  1.62675e+08	      1.11697	      1.14643	      1.09537	      1.11590	      1.09294	      1.13129	      1.11165	      1.13856	      1.07385	      1.12022	      1.04348	      1.06214	
  1.62755e+08	      1.11283	      1.15759	      1.09996	      1.11565	      1.10003	      1.12645	      1.09350	      1.13869	      1.06646	      1.09773	      1.03872	      1.06355	
  1.62835e+08	      1.10687	      1.14102	      1.09773	      1.11677	      1.09560	      1.12638	      1.09803	      1.13099	      1.06708	      1.11452	      1.03096	      1.07321	
  1.62915e+08	      1.10652	      1.13359	      1.09448	      1.11943	      1.09414	      1.12549	      1.08658	      1.13284	      1.06716	      1.11763	      1.04421	      1.07912	
  1.62995e+08	      1.10860	      1.14834	      1.09658	      1.11601	      1.08916	      1.12203	      1.07931	      1.10189	      1.07061	      1.09474	      1.04409	      1.06241	
  1.63075e+08	      1.09868	      1.12174	      1.08615	      1.10452	      1.08103	      1.10453	      1.06111	      1.09573	      1.06040	      1.08917	      1.02709	      1.04846	
  1.63155e+08	      1.66521	      1.62869	      1.62489	      1.54142	      1.62730	      1.54392	      1.65667	      1.72014	      1.51157	      1.37902	      1.50443	      1.43663	
  1.63235e+08	      1.66261	      1.62726	      1.61733	      1.53759	      1.62508	      1.53559	      1.65401	      1.72063	      1.50599	      1.37297	      1.49674	      1.42733	
  1.63315e+08	      1.10805	      1.14201	      1.08870	      1.10613	      1.09422	      1.12222	      1.08137	      1.10861	      1.05321	      1.09917	      1.02465	      1.05694	
  1.63395e+08	      1.13044	      1.16622	      1.10770	      1.11610	      1.11708	      1.14558	      1.10227	      1.13887	      1.06881	      1.10058	      1.04391	      1.07345	
  1.63475e+08	      1.11841	      1.16004	      1.10038	      1.11307	      1.11132	      1.14285	      1.09689	      1.15852	      1.06716	      1.09524	      1.04322	      1.08027	
  1.63555e+08	      1.13208	      1.16183	      1.10410	      1.11726	      1.10938	      1.14219	      1.09181	      1.12716	      1.06172	      1.09298	      1.04800	      1.07868	
  1.63635e+08	      1.13267	      1.17442	      1.10209	      1.11896	      1.10573	      1.14625	      1.10061	      1.13850	      1.06210	      1.09690	      1.03864	      1.08233	
  1.63715e+08	      1.12443	      1.15564	      1.10093	      1.12028	      1.10483	      1.14973	      1.09374	      1.13729	      1.05911	      1.08704	      1.04537	      1.07494	
  1.63795e+08	      1.14070	      1.16919	      1.10572	      1.11853	      1.10938	      1.14079	      1.09300	      1.11485	      1.05963	      1.08721	      1.04635	      1.07538	
  1.63875e+08	      1.13444	      1.15598	      1.10315	      1.11348	      1.10261	      1.13616	      1.09670	      1.14205	      1.05612	      1.08435	      1.03403	      1.08185	
  1.63955e+08	      1.13360	      1.15682	      1.10381	      1.12146	      1.09701	      1.12911	      1.10043	      1.13531	      1.05648	      1.08987	      1.04885	      1.07600	
  1.64035e+08	      1.13513	      1.15700	      1.10571	      1.11905	      1.09475	      1.13205	      1.10377	      1.13920	      1.05388	      1.08921	      1.05105	      1.07470	
  1.64115e+08	      1.13327	      1.15105	      1.11133	      1.10571	      1.09641	      1.12864	      1.10464	      1.12584	      1.05755	      1.08514	      1.04783	      1.07057	
  1.64195e+08	      1.12542	      1.13837	      1.10152	      1.11712	      1.09702	      1.12881	      1.08817	      1.13272	      1.05449	      1.08812	      1.04719	      1.07514	
  1.64275e+08	      1.11866	      1.14422	      1.08792	      1.11561	      1.09052	      1.13281	      1.09076	      1.13136	      1.05124	      1.08544	      1.04096	      1.07308	
  1.64355e+08	      1.11085	      1.12949	      1.07531	      1.10816	      1.07419	      1.09889	      1.08446	      1.11605	      1.03899	      1.07537	      1.02109	      1.05113	
  1.64435e+08	      1.65111	      1.62078	      1.60088	      1.53084	      1.61350	      1.55035	      1.62620	      1.71007	      1.49574	      1.36461	      1.49437	      1.41428	
  1.64515e+08	      1.64614	      1.61148	      1.58811	      1.52198	      1.59838	      1.53946	      1.61597	      1.69905	      1.48640	      1.35189	      1.48019	      1.39956	
  1.64595e+08	      1.10024	      1.14214	      1.08124	      1.11019	      1.08153	      1.12378	      1.07800	      1.11671	      1.03775	      1.06728	      1.00047	      1.04267	
  1.64675e+08	      1.12282	      1.15827	      1.10543	      1.13354	      1.09068	      1.12998	      1.08686	      1.13124	      1.05449	      1.09909	      1.02557	      1.05846	
  1.64755e+08	      1.13617	      1.14849	      1.10510	      1.12713	      1.08670	      1.13028	      1.08352	      1.12025	      1.05865	      1.10274	      1.03327	      1.06403	
  1.64835e+08	      1.12853	      1.14595	      1.11137	      1.12026	      1.09420	      1.13027	      1.08796	      1.11874	      1.05820	      1.11392	      1.02208	      1.06564	
  1.64915e+08	      1.12219	      1.16076	      1.10393	      1.13278	      1.09366	      1.13326	      1.07608	      1.12891	      1.06115	      1.08732	      1.03863	      1.07053	
  1.64995e+08	      1.12930	      1.16310	      1.10058	      1.11967	      1.09137	      1.12705	      1.08027	      1.11825	      1.05576	      1.08625	      1.03452	      1.06607	
  1.65075e+08	      1.12169	      1.15255	      1.09801	      1.11834	      1.08888	      1.14290	      1.10168	      1.14625	      1.05062	      1.09094	      1.02558	      1.06339	
  1.65155e+08	      1.12360	      1.15851	      1.09486	      1.11977	      1.08454	      1.12280	      1.08045	      1.14475	      1.04841	      1.08417	      1.01765	      1.05007	
  1.65235e+08	      1.13103	      1.14611	      1.09189	      1.11976	      1.08723	      1.12196	      1.13467	      1.13439	      1.04814	      1.08876	      1.02202	      1.05528	
  1.65315e+08	      1.13133	      1.14607	      1.09791	      1.11601	      1.08621	      1.12502	      1.08889	      1.14361	      1.04178	      1.07861	      1.02490	      1.05341	
  1.65395e+08	      1.13152	      1.14739	      1.09606	      1.11074	      1.08886	      1.11380	      1.08736	      1.10018	      1.05565	      1.08412	      1.02487	      1.05356	
  1.65475e+08	      1.12038	      1.13880	      1.09430	      1.11428	      1.08317	      1.11997	      1.09074	      1.10676	      1.05029	      1.07856	      1.01932	      1.04230	
  1.65555e+08	      1.12158	      1.14655	      1.09278	      1.10874	      1.10164	      1.12923	      1.07917	      1.12903	      1.04863	      1.07519	      1.00917	      1.04221	
  1.65635e+08	      1.10976	      1.12768	      1.08632	      1.10063	      1.07299	      1.10470	      1.06324	      1.13284	      1.03640	      1.07412	     0.997933	      1.03399	
  1.65715e+08	      1.64548	      1.60473	      1.58658	      1.51210	      1.58459	      1.50960	      1.62305	      1.68819	      1.47214	      1.34137	      1.46454	      1.38640	
  1.65795e+08	      1.63464	      1.59745	      1.57992	      1.50571	      1.57242	      1.50189	      1.61297	      1.67211	      1.46390	      1.33328	      1.45510	      1.37570	
  1.65875e+08	      1.12158	      1.14662	      1.07437	      1.10086	      1.07579	      1.13039	      1.06144	      1.16604	      1.02128	      1.09639	     0.995725	      1.03501	
  1.65955e+08	      1.12530	      1.16089	      1.09403	      1.12743	      1.09201	      1.15496	      1.13882	      1.14540	      1.04932	      1.11971	      1.01051	      1.05055	
  1.66035e+08	      1.13319	      1.16070	      1.09614	      1.12271	      1.09344	      1.15444	      1.10155	      1.17288	      1.04897	      1.08885	      1.00920	      1.04484	
  1.66115e+08	      1.14179	      1.16537	      1.11187	      1.11873	      1.09982	      1.14595	      1.08786	      1.14462	      1.04841	      1.07684	      1.01280	      1.05445	
  1.66195e+08	      1.13448	      1.16716	      1.10708	      1.11778	      1.08824	      1.14295	      1.10728	      1.13598	      1.05250	      1.08594	      1.01127	      1.04415	
  1.66275e+08	      1.12527	      1.16576	      1.10528	      1.12508	      1.09516	      1.13813	      1.08211	      1.12277	      1.04289	      1.08023	      1.01095	      1.04674	
  1.66355e+08	      1.13897	      1.16884	      1.10430	      1.11830	      1.08645	      1.12952	      1.08520	      1.13415	      1.04421	      1.10043	      1.01334	      1.04408	
  1.66435e+08	      1.14409	      1.16391	      1.08782	      1.11026	      1.08475	      1.13740	      1.09313	      1.15839	      1.04218	      1.10450	      1.01045	      1.04292	
  1.66515e+08	      1.15191	      1.16997	      1.10087	      1.11072	      1.08780	      1.12962	      1.09711	      1.15633	      1.04029	      1.07412	      1.00508	      1.02086	
  1.66595e+08	      1.13695	      1.17405	      1.09706	      1.10452	      1.07923	      1.12245	      1.10331	      1.13746	      1.04923	      1.11224	      1.01584	      1.04350	
  1.66675e+08	      1.12638	      1.16042	      1.09232	      1.10400	      1.07949	      1.12674	      1.09626	      1.13467	      1.03880	      1.06948	      1.00709	      1.04753	
  1.66755e+08	      1.12703	      1.16063	      1.09385	      1.10586	      1.08752	      1.12887	      1.08804	      1.17195	      1.03033	      1.07413	      1.01102	      1.04426	
  1.66835e+08	      1.12972	      1.16394	      1.08450	      1.10058	      1.07994	      1.11430	      1.08266	      1.14117	      1.03703	      1.06537	      1.01248	      1.04199	
  1.66915e+08	      1.10818	      1.13056	      1.07472	      1.08455	      1.06420	      1.12013	      1.07183	      1.11411	      1.02278	      1.06002	     0.988785	      1.03399	
  1.66995e+08	      1.63531	      1.59444	      1.57383	      1.50044	      1.56241	      1.49332	      1.58393	      1.66351	      1.45643	      1.32977	      1.44161	      1.36533	
  1.67075e+08	      1.62949	      1.59291	      1.57268	      1.49538	      1.55357	      1.49944	      1.58831	      1.65315	      1.43903	      1.31755	      1.43626	      1.35684	
  1.67155e+08	      1.12053	      1.14180	      1.08122	      1.08946	      1.06811	      1.12221	      1.04627	      1.08268	      1.00900	      1.05244	     0.996802	      1.03027	
  1.67235e+08	      1.13398	      1.16613	      1.09781	      1.10275	      1.08720	      1.14777	      1.07937	      1.08031	      1.03832	      1.06722	      1.01917	      1.04555	
  1.67315e+08	      1.14234	      1.17392	      1.10138	      1.11870	      1.08475	      1.15842	      1.06141	      1.11092	      1.04112	      1.07246	      1.00907	      1.03852	
  1.67395e+08	      1.14240	      1.17936	      1.11122	      1.11491	      1.07930	      1.13978	      1.05573	      1.11757	      1.03762	      1.06791	     0.994376	      1.03823	
  1.67475e+08	      1.14541	      1.16878	      1.10745	      1.10578	      1.08428	      1.14356	      1.06706	      1.11397	      1.04095	      1.06794	     0.989343	      1.04406	
  1.67555e+08	      1.12460	      1.17368	      1.09397	      1.10584	      1.09616	      1.13524	      1.07057	      1.12120	      1.04113	      1.07122	      1.00164	      1.04162	
  1.67635e+08	      1.13512	      1.17316	      1.08073	      1.10313	      1.07820	      1.14633	      1.07297	      1.14509	      1.03136	      1.09077	     0.982717	      1.03350	
  1.67715e+08	      1.14793	      1.17895	      1.08853	      1.10488	      1.08452	      1.13604	      1.07478	      1.13274	      1.03791	      1.05935	      1.00126	      1.02574	
  1.67795e+08	      1.13320	      1.18722	      1.09265	      1.11033	      1.07912	      1.13427	      1.07507	      1.12950	     0.994689	      1.06672	      1.00123	      1.02853	
  1.67875e+08	      1.13712	      1.19109	      1.09365	      1.10986	      1.07811	      1.12812	      1.07457	      1.12514	      1.03745	      1.06793	      1.00204	      1.02691	
  1.67955e+08	      1.12495	      1.18457	      1.10629	      1.11075	      1.07710	      1.13190	      1.07622	      1.12767	     0.999010	      1.07146	      1.00971	      1.02473	
  1.68035e+08	      1.13013	      1.19067	      1.09868	      1.10515	      1.08860	      1.11630	      1.09934	      1.13120	      1.02315	      1.08380	      1.00489	      1.02403	
  1.68115e+08	      1.13451	      1.16700	      1.09562	      1.10453	      1.07181	      1.11951	      1.08166	      1.13075	      1.02666	      1.07666	      1.01025	      1.02633	
  1.68195e+08	      1.11972	      1.16169	      1.07414	      1.09659	      1.06119	      1.09631	      1.05484	      1.12538	      1.00600	      1.05799	     0.980547	      1.01092	
  1.68275e+08	      1.63203	      1.59148	      1.56575	      1.48934	      1.55003	      1.49198	      1.57405	      1.64181	      1.44182	      1.30544	      1.43378	      1.34824	
  1.68355e+08	      1.63454	      1.59255	      1.56791	      1.49041	      1.54493	      1.47269	      1.57567	      1.64497	      1.42286	      1.30867	      1.42969	      1.34351	
  1.68435e+08	      1.11950	      1.15673	      1.07635	      1.10244	      1.05918	      1.10620	      1.03526	      1.10843	      1.01218	      1.06139	     0.978317	      1.01343	
  1.68515e+08	      1.13793	      1.19144	      1.10798	      1.12741	      1.07666	      1.13679	      1.06144	      1.10603	      1.01592	      1.07712	      1.00044	      1.01648	
  1.68595e+08	      1.14509	      1.18144	      1.11589	      1.12579	      1.07461	      1.14646	      1.05181	      1.10163	      1.00431	      1.07482	     0.990115	      1.02826	
  1.68675e+08	      1.14998	      1.18027	      1.11083	      1.12453	      1.07343	      1.12851	      1.06761	      1.08875	      1.03877	      1.07095	      1.00770	      1.03584	
  1.68755e+08	      1.14381	      1.17310	      1.11258	      1.12825	      1.08297	      1.11816	      1.06205	      1.10811	      1.02925	      1.07654	     0.985290	      1.02770	
  1.68835e+08	      1.14314	      1.18234	      1.11067	      1.12478	      1.07456	      1.13046	      1.04748	      1.11434	      1.00542	      1.07178	     0.990803	      1.02917	
  1.68915e+08	      1.14143	      1.19910	      1.10858	      1.13252	      1.08302	      1.12044	      1.06663	      1.10304	      1.01060	      1.05990	     0.995978	      1.02990	
  1.68995e+08	      1.14506	      1.19842	      1.09551	      1.13223	      1.07191	      1.12417	      1.06867	      1.10559	      1.03960	      1.04779	      1.00062	      1.03350	
  1.69075e+08	      1.14913	      1.18606	      1.09699	      1.11350	      1.07450	      1.12706	      1.05345	      1.09220	      1.00203	      1.06873	     0.994415	      1.02346	
  1.69155e+08	      1.14302	      1.18719	      1.10234	      1.13149	      1.08454	      1.12410	      1.05853	      1.10115	      1.03327	      1.06124	      1.00126	      1.03070	
  1.69235e+08	      1.14143	      1.20076	      1.10306	      1.12158	      1.07791	      1.12091	      1.06667	      1.09992	      1.03153	      1.06971	     0.996948	      1.01767	
  1.69315e+08	      1.13978	      1.19645	      1.11068	      1.12321	      1.09738	      1.12860	      1.06107	      1.11120	      1.03394	      1.07564	     0.990763	      1.02211	
  1.69395e+08	      1.14562	      1.18986	      1.10422	      1.13575	      1.07870	      1.11961	      1.05114	      1.10095	      1.01485	      1.06663	     0.990175	      1.02169	
  1.69475e+08	      1.12841	      1.16571	      1.09468	      1.11744	      1.06668	      1.10745	      1.04062	      1.09957	      1.01068	      1.04296	     0.969196	      1.01055	
  1.69555e+08	      1.63754	      1.59189	      1.57196	      1.49259	      1.53903	      1.45897	      1.56791	      1.64150	      1.43422	      1.31191	      1.42862	      1.34205	
