1.389950e+08 0.977667 0.980423 0.933125 0.939585 0.971554 0.976160 0.953149 0.958917 0.973805 0.978109 1.006020 1.011941
1.390750e+08 0.977468 0.980424 0.933461 0.939997 0.971631 0.976338 0.953547 0.959359 0.973914 0.978341 1.006023 1.011928
1.391550e+08 0.977255 0.980400 0.933774 0.940388 0.971687 0.976493 0.953920 0.959777 0.974009 0.978551 1.006002 1.011892
1.392350e+08 0.977026 0.980353 0.934067 0.940758 0.971723 0.976627 0.954269 0.960171 0.974089 0.978740 1.005959 1.011832
1.393150e+08 0.976784 0.980282 0.934339 0.941107 0.971742 0.976739 0.954595 0.960541 0.974157 0.978909 1.005894 1.011751
1.393950e+08 0.976530 0.980189 0.934592 0.941436 0.971744 0.976830 0.954900 0.960888 0.974212 0.979058 1.005808 1.011649
1.394750e+08 0.976263 0.980074 0.934826 0.941747 0.971729 0.976903 0.955182 0.961213 0.974256 0.979188 1.005703 1.011526
1.395550e+08 0.975985 0.979939 0.935043 0.942040 0.971700 0.976958 0.955445 0.961517 0.974289 0.979301 1.005579 1.011385
1.396350e+08 0.975698 0.979785 0.935244 0.942316 0.971657 0.976995 0.955687 0.961801 0.974314 0.979397 1.005438 1.011226
1.397150e+08 0.975402 0.979612 0.935428 0.942576 0.971602 0.977017 0.955912 0.962065 0.974330 0.979478 1.005280 1.011050
1.397950e+08 0.975098 0.979421 0.935599 0.942822 0.971536 0.977025 0.956119 0.962310 0.974339 0.979544 1.005107 1.010858
1.398750e+08 0.974788 0.979214 0.935756 0.943053 0.971459 0.977019 0.956309 0.962538 0.974341 0.979596 1.004919 1.010651
1.399550e+08 0.974472 0.978991 0.935901 0.943271 0.971374 0.977000 0.956484 0.962749 0.974339 0.979635 1.004719 1.010431
1.400350e+08 0.974152 0.978754 0.936035 0.943478 0.971281 0.976971 0.956644 0.962944 0.974331 0.979663 1.004506 1.010198
1.401150e+08 0.973828 0.978504 0.936159 0.943674 0.971181 0.976932 0.956791 0.963124 0.974321 0.979681 1.004283 1.009955
1.401950e+08 0.973501 0.978242 0.936274 0.943860 0.971077 0.976884 0.956926 0.963291 0.974308 0.979689 1.004051 1.009701
1.402750e+08 0.973174 0.977969 0.936381 0.944037 0.970968 0.976829 0.957050 0.963445 0.974294 0.979689 1.003810 1.009439
1.403550e+08 0.972846 0.977686 0.936482 0.944206 0.970857 0.976768 0.957163 0.963588 0.974280 0.979681 1.003562 1.009169
1.404350e+08 0.972519 0.977395 0.936578 0.944369 0.970745 0.976702 0.957268 0.963719 0.974266 0.979668 1.003308 1.008892
1.405150e+08 0.972194 0.977096 0.936669 0.944526 0.970633 0.976632 0.957365 0.963842 0.974255 0.979649 1.003050 1.008611
1.405950e+08 0.971872 0.976790 0.936757 0.944679 0.970521 0.976560 0.957456 0.963956 0.974245 0.979627 1.002789 1.008325
1.406750e+08 0.971554 0.976480 0.936843 0.944829 0.970412 0.976487 0.957541 0.964062 0.974240 0.979602 1.002525 1.008037
1.407550e+08 0.971242 0.976166 0.936929 0.944977 0.970307 0.976414 0.957622 0.964163 0.974239 0.979575 1.002261 1.007748
1.408350e+08 0.970935 0.975850 0.937015 0.945123 0.970207 0.976343 0.957700 0.964258 0.974244 0.979548 1.001997 1.007458
1.409150e+08 0.970636 0.975532 0.937103 0.945270 0.970112 0.976274 0.957777 0.964350 0.974255 0.979521 1.001734 1.007169
1.409950e+08 0.970345 0.975214 0.937193 0.945417 0.970025 0.976209 0.957852 0.964438 0.974274 0.979496 1.001475 1.006882
1.410750e+08 0.970064 0.974897 0.937288 0.945567 0.969947 0.976150 0.957928 0.964525 0.974301 0.979474 1.001219 1.006599
1.411550e+08 0.969793 0.974583 0.937387 0.945720 0.969877 0.976096 0.958006 0.964611 0.974337 0.979456 1.000969 1.006320
1.412350e+08 0.969533 0.974272 0.937493 0.945878 0.969819 0.976051 0.958087 0.964698 0.974383 0.979443 1.000725 1.006047
1.413150e+08 0.969285 0.973966 0.937607 0.946041 0.969772 0.976013 0.958171 0.964787 0.974441 0.979436 1.000489 1.005781
1.413950e+08 0.969051 0.973666 0.937728 0.946210 0.969739 0.975986 0.958261 0.964878 0.974510 0.979436 1.000262 1.005523
1.414750e+08 0.968831 0.973373 0.937859 0.946387 0.969719 0.975970 0.958357 0.964973 0.974591 0.979443 1.000044 1.005275
1.415550e+08 0.968625 0.973089 0.938001 0.946572 0.969714 0.975966 0.958460 0.965073 0.974686 0.979461 0.999838 1.005036
1.416350e+08 0.968436 0.972814 0.938155 0.946767 0.969725 0.975974 0.958571 0.965179 0.974795 0.979488 0.999643 1.004809
1.417150e+08 0.968263 0.972549 0.938321 0.946972 0.969754 0.975997 0.958692 0.965292 0.974919 0.979526 0.999462 1.004594
1.417950e+08 0.968107 0.972297 0.938500 0.947188 0.969800 0.976036 0.958824 0.965413 0.975059 0.979576 0.999294 1.004393
1.418750e+08 0.967970 0.972057 0.938694 0.947417 0.969864 0.976090 0.958966 0.965543 0.975214 0.979639 0.999142 1.004205
1.419550e+08 0.967852 0.971831 0.938904 0.947659 0.969949 0.976161 0.959122 0.965684 0.975386 0.979715 0.999006 1.004034
1.420350e+08 0.967753 0.971619 0.939130 0.947915 0.970054 0.976251 0.959291 0.965835 0.975576 0.979807 0.998887 1.003878
1.421150e+08 0.967675 0.971424 0.939374 0.948185 0.970180 0.976359 0.959474 0.965998 0.975784 0.979913 0.998785 1.003740
1.421950e+08 0.967617 0.971246 0.939635 0.948472 0.970328 0.976487 0.959673 0.966173 0.976010 0.980036 0.998702 1.003619
1.422750e+08 0.967582 0.971085 0.939915 0.948775 0.970499 0.976636 0.959887 0.966363 0.976254 0.980176 0.998639 1.003518
1.423550e+08 0.967568 0.970944 0.940216 0.949095 0.970693 0.976805 0.960119 0.966567 0.976519 0.980333 0.998596 1.003436
1.424350e+08 0.967577 0.970821 0.940536 0.949433 0.970911 0.976997 0.960368 0.966786 0.976803 0.980509 0.998573 1.003374
1.425150e+08 0.967609 0.970720 0.940877 0.949789 0.971154 0.977211 0.960636 0.967021 0.977107 0.980704 0.998573 1.003333
1.425950e+08 0.967664 0.970639 0.941241 0.950165 0.971421 0.977448 0.960924 0.967274 0.977432 0.980918 0.998594 1.003314
1.426750e+08 0.967744 0.970581 0.941626 0.950561 0.971714 0.977709 0.961231 0.967544 0.977777 0.981152 0.998638 1.003317
1.427550e+08 0.967847 0.970545 0.942035 0.950976 0.972033 0.977995 0.961559 0.967832 0.978143 0.981407 0.998706 1.003342
1.428350e+08 0.967976 0.970533 0.942466 0.951413 0.972378 0.978305 0.961908 0.968139 0.978531 0.981683 0.998798 1.003391
1.429150e+08 0.968129 0.970545 0.942922 0.951871 0.972749 0.978640 0.962278 0.968465 0.978940 0.981980 0.998913 1.003464
1.429950e+08 0.968307 0.970581 0.943402 0.952351 0.973147 0.979001 0.962671 0.968812 0.979371 0.982299 0.999054 1.003561
1.430750e+08 0.968510 0.970642 0.943906 0.952852 0.973573 0.979387 0.963087 0.969178 0.979823 0.982641 0.999219 1.003682
1.431550e+08 0.968739 0.970730 0.944436 0.953377 0.974025 0.979800 0.963526 0.969566 0.980297 0.983005 0.999409 1.003828
1.432350e+08 0.968993 0.970843 0.944991 0.953924 0.974504 0.980238 0.963988 0.969976 0.980793 0.983391 0.999625 1.003999
1.433150e+08 0.969273 0.970983 0.945571 0.954494 0.975011 0.980704 0.964474 0.970407 0.981310 0.983801 0.999867 1.004195
1.433950e+08 0.969578 0.971149 0.946177 0.955087 0.975545 0.981195 0.964984 0.970860 0.981849 0.984234 1.000134 1.004417
1.434750e+08 0.969908 0.971343 0.946809 0.955703 0.976106 0.981714 0.965518 0.971335 0.982409 0.984690 1.000427 1.004664
1.435550e+08 0.970264 0.971564 0.947466 0.956343 0.976694 0.982258 0.966077 0.971833 0.982991 0.985169 1.000746 1.004937
1.436350e+08 0.970645 0.971812 0.948150 0.957007 0.977309 0.982830 0.966660 0.972354 0.983594 0.985672 1.001091 1.005235
1.437150e+08 0.971051 0.972088 0.948859 0.957694 0.977951 0.983427 0.967268 0.972898 0.984217 0.986198 1.001461 1.005559
1.437950e+08 0.971481 0.972392 0.949595 0.958404 0.978619 0.984051 0.967901 0.973464 0.984861 0.986746 1.001857 1.005908
1.438750e+08 0.971936 0.972724 0.950356 0.959138 0.979313 0.984701 0.968558 0.974054 0.985525 0.987318 1.002278 1.006282
1.439550e+08 0.972416 0.973084 0.951143 0.959896 0.980033 0.985376 0.969240 0.974667 0.986210 0.987913 1.002724 1.006681
1.440350e+08 0.972919 0.973471 0.951955 0.960676 0.980778 0.986077 0.969947 0.975303 0.986913 0.988531 1.003196 1.007105
1.441150e+08 0.973445 0.973886 0.952792 0.961479 0.981548 0.986803 0.970677 0.975961 0.987636 0.989170 1.003691 1.007554
1.441950e+08 0.973995 0.974328 0.953654 0.962306 0.982342 0.987553 0.971432 0.976643 0.988377 0.989832 1.004211 1.008026
1.442750e+08 0.974567 0.974798 0.954540 0.963154 0.983159 0.988327 0.972210 0.977346 0.989137 0.990515 1.004754 1.008522
1.443550e+08 0.975160 0.975294 0.955451 0.964024 0.984000 0.989125 0.973012 0.978072 0.989913 0.991220 1.005320 1.009041
1.444350e+08 0.975775 0.975817 0.956385 0.964917 0.984863 0.989945 0.973837 0.978820 0.990707 0.991945 1.005908 1.009583
1.445150e+08 0.976411 0.976367 0.957342 0.965830 0.985748 0.990788 0.974684 0.979590 0.991517 0.992691 1.006519 1.010147
1.445950e+08 0.977067 0.976942 0.958322 0.966764 0.986653 0.991652 0.975553 0.980381 0.992342 0.993456 1.007150 1.010732
1.446750e+08 0.977743 0.977542 0.959323 0.967718 0.987579 0.992537 0.976444 0.981192 0.993183 0.994241 1.007802 1.011338
1.447550e+08 0.978437 0.978168 0.960346 0.968692 0.988524 0.993443 0.977357 0.982024 0.994037 0.995044 1.008474 1.011964
1.448350e+08 0.979149 0.978817 0.961390 0.969684 0.989487 0.994367 0.978289 0.982876 0.994905 0.995865 1.009165 1.012610
1.449150e+08 0.979878 0.979490 0.962453 0.970695 0.990468 0.995310 0.979241 0.983747 0.995786 0.996703 1.009874 1.013274
1.449950e+08 0.980623 0.980186 0.963536 0.971724 0.991465 0.996271 0.980213 0.984636 0.996679 0.997557 1.010601 1.013956
1.450750e+08 0.981384 0.980904 0.964637 0.972770 0.992477 0.997248 0.981202 0.985544 0.997582 0.998427 1.011343 1.014655
1.451550e+08 0.982160 0.981644 0.965755 0.973832 0.993504 0.998240 0.982209 0.986468 0.998496 0.999312 1.012102 1.015369
1.452350e+08 0.982949 0.982404 0.966890 0.974909 0.994544 0.999247 0.983233 0.987409 0.999419 1.000211 1.012874 1.016099
1.453150e+08 0.983751 0.983185 0.968041 0.976000 0.995597 1.000268 0.984273 0.988366 1.000351 1.001123 1.013660 1.016843
1.453950e+08 0.984565 0.983984 0.969207 0.977106 0.996660 1.001301 0.985328 0.989338 1.001290 1.002047 1.014459 1.017600
1.454750e+08 0.985390 0.984801 0.970386 0.978224 0.997734 1.002345 0.986396 0.990324 1.002235 1.002982 1.015269 1.018369
1.455550e+08 0.986224 0.985636 0.971579 0.979354 0.998816 1.003400 0.987478 0.991323 1.003187 1.003928 1.016089 1.019149
1.456350e+08 0.987068 0.986486 0.972783 0.980495 0.999906 1.004463 0.988572 0.992334 1.004142 1.004883 1.016918 1.019939
1.457150e+08 0.987919 0.987352 0.973998 0.981646 1.001003 1.005535 0.989677 0.993357 1.005102 1.005846 1.017755 1.020738
1.457950e+08 0.988777 0.988232 0.975222 0.982805 1.002104 1.006613 0.990792 0.994390 1.006063 1.006816 1.018599 1.021544
1.458750e+08 0.989641 0.989125 0.976455 0.983973 1.003209 1.007696 0.991916 0.995433 1.007027 1.007793 1.019448 1.022357
1.459550e+08 0.990509 0.990030 0.977695 0.985147 1.004318 1.008784 0.993048 0.996483 1.007991 1.008774 1.020302 1.023175
1.460350e+08 0.991381 0.990946 0.978942 0.986328 1.005427 1.009875 0.994186 0.997542 1.008955 1.009760 1.021159 1.023998
1.461150e+08 0.992255 0.991871 0.980194 0.987513 1.006537 1.010967 0.995330 0.998606 1.009917 1.010748 1.022018 1.024823
1.461950e+08 0.993131 0.992805 0.981449 0.988701 1.007645 1.012059 0.996479 0.999676 1.010876 1.011738 1.022878 1.025650
1.462750e+08 0.994007 0.993746 0.982708 0.989892 1.008751 1.013151 0.997630 1.000750 1.011832 1.012729 1.023737 1.026477
1.463550e+08 0.994882 0.994694 0.983967 0.991084 1.009853 1.014240 0.998784 1.001826 1.012784 1.013719 1.024594 1.027304
1.464350e+08 0.995755 0.995646 0.985228 0.992277 1.010950 1.015326 0.999939 1.002905 1.013729 1.014708 1.025448 1.028129
1.465150e+08 0.996625 0.996602 0.986487 0.993469 1.012040 1.016407 1.001093 1.003984 1.014668 1.015693 1.026298 1.028950
1.465950e+08 0.997491 0.997560 0.987744 0.994658 1.013123 1.017482 1.002245 1.005063 1.015600 1.016675 1.027142 1.029767
1.466750e+08 0.998351 0.998520 0.988997 0.995845 1.014197 1.018549 1.003395 1.006140 1.016522 1.017651 1.027979 1.030578
1.467550e+08 0.999205 0.999480 0.990246 0.997027 1.015261 1.019608 1.004541 1.007215 1.017435 1.018622 1.028808 1.031382
1.468350e+08 1.000052 1.000438 0.991489 0.998203 1.016313 1.020657 1.005682 1.008285 1.018337 1.019584 1.029628 1.032178
1.469150e+08 1.000890 1.001394 0.992725 0.999373 1.017352 1.021694 1.006816 1.009351 1.019227 1.020539 1.030437 1.032964
1.469950e+08 1.001719 1.002346 0.993952 1.000535 1.018377 1.022718 1.007942 1.010410 1.020104 1.021483 1.031234 1.033739
1.470750e+08 1.002536 1.003292 0.995170 1.001688 1.019387 1.023729 1.009060 1.011462 1.020968 1.022416 1.032018 1.034503
1.471550e+08 1.003343 1.004233 0.996378 1.002831 1.020381 1.024725 1.010167 1.012505 1.021817 1.023338 1.032787 1.035254
1.472350e+08 1.004136 1.005166 0.997573 1.003962 1.021357 1.025704 1.011263 1.013538 1.022650 1.024246 1.033541 1.035990
1.473150e+08 1.004916 1.006090 0.998755 1.005081 1.022314 1.026666 1.012346 1.014561 1.023466 1.025140 1.034279 1.036711
1.473950e+08 1.005681 1.007004 0.999923 1.006187 1.023251 1.027609 1.013416 1.015571 1.024266 1.026019 1.034999 1.037415
1.474750e+08 1.006430 1.007907 1.001075 1.007278 1.024167 1.028532 1.014471 1.016569 1.025046 1.026882 1.035699 1.038101
1.475550e+08 1.007163 1.008798 1.002211 1.008353 1.025061 1.029435 1.015510 1.017552 1.025808 1.027727 1.036380 1.038768
1.476350e+08 1.007878 1.009675 1.003329 1.009412 1.025932 1.030315 1.016532 1.018519 1.026550 1.028554 1.037040 1.039416
1.477150e+08 1.008575 1.010537 1.004428 1.010453 1.026779 1.031172 1.017535 1.019471 1.027270 1.029361 1.037678 1.040043
1.477950e+08 1.009253 1.011384 1.005507 1.011475 1.027601 1.032005 1.018520 1.020404 1.027969 1.030148 1.038293 1.040647
1.478750e+08 1.009911 1.012213 1.006565 1.012478 1.028396 1.032813 1.019484 1.021320 1.028646 1.030913 1.038884 1.041229
1.479550e+08 1.010548 1.013025 1.007602 1.013460 1.029165 1.033595 1.020426 1.022216 1.029300 1.031657 1.039450 1.041787
1.480350e+08 1.011163 1.013817 1.008615 1.014420 1.029906 1.034349 1.021346 1.023091 1.029930 1.032377 1.039990 1.042320
1.481150e+08 1.011757 1.014589 1.009605 1.015358 1.030618 1.035076 1.022243 1.023945 1.030536 1.033074 1.040503 1.042827
1.481950e+08 1.012327 1.015340 1.010570 1.016272 1.031300 1.035774 1.023116 1.024777 1.031117 1.033745 1.040989 1.043308
1.482750e+08 1.012874 1.016069 1.011509 1.017162 1.031953 1.036443 1.023964 1.025585 1.031672 1.034392 1.041447 1.043762
1.483550e+08 1.013396 1.016775 1.012422 1.018027 1.032575 1.037081 1.024785 1.026370 1.032201 1.035012 1.041876 1.044187
1.484350e+08 1.013894 1.017458 1.013307 1.018866 1.033165 1.037688 1.025580 1.027129 1.032703 1.035605 1.042276 1.044584
1.485150e+08 1.014366 1.018115 1.014164 1.019679 1.033723 1.038264 1.026348 1.027863 1.033178 1.036170 1.042645 1.044951
1.485950e+08 1.014813 1.018747 1.014993 1.020465 1.034249 1.038807 1.027087 1.028571 1.033626 1.036707 1.042984 1.045288
1.486750e+08 1.015233 1.019353 1.015792 1.021222 1.034741 1.039318 1.027797 1.029251 1.034046 1.037216 1.043291 1.045594
1.487550e+08 1.015627 1.019931 1.016562 1.021951 1.035200 1.039795 1.028477 1.029904 1.034438 1.037695 1.043567 1.045870
1.488350e+08 1.015994 1.020483 1.017300 1.022652 1.035625 1.040238 1.029127 1.030528 1.034801 1.038144 1.043810 1.046113
1.489150e+08 1.016333 1.021005 1.018008 1.023322 1.036016 1.040648 1.029747 1.031124 1.035135 1.038563 1.044021 1.046325
1.489950e+08 1.016645 1.021499 1.018683 1.023962 1.036373 1.041022 1.030335 1.031690 1.035440 1.038951 1.044199 1.046504
1.490750e+08 1.016929 1.021963 1.019327 1.024572 1.036694 1.041362 1.030891 1.032226 1.035716 1.039308 1.044344 1.046650
1.491550e+08 1.017185 1.022398 1.019938 1.025151 1.036981 1.041667 1.031415 1.032731 1.035963 1.039634 1.044455 1.046763
1.492350e+08 1.017413 1.022802 1.020516 1.025699 1.037232 1.041936 1.031907 1.033206 1.036180 1.039929 1.044533 1.046843
1.493150e+08 1.017613 1.023175 1.021061 1.026215 1.037449 1.042170 1.032366 1.033650 1.036368 1.040191 1.044578 1.046889
1.493950e+08 1.017785 1.023517 1.021572 1.026700 1.037630 1.042368 1.032791 1.034062 1.036526 1.040422 1.044589 1.046902
1.494750e+08 1.017928 1.023828 1.022050 1.027152 1.037776 1.042531 1.033184 1.034443 1.036654 1.040620 1.044566 1.046881
1.495550e+08 1.018043 1.024107 1.022494 1.027572 1.037888 1.042659 1.033542 1.034792 1.036753 1.040786 1.044510 1.046826
1.496350e+08 1.018130 1.024355 1.022904 1.027960 1.037964 1.042751 1.033868 1.035109 1.036823 1.040920 1.044420 1.046738
1.497150e+08 1.018189 1.024570 1.023280 1.028315 1.038006 1.042807 1.034159 1.035393 1.036863 1.041022 1.044296 1.046616
1.497950e+08 1.018220 1.024754 1.023622 1.028638 1.038013 1.042829 1.034417 1.035646 1.036875 1.041092 1.044140 1.046461
1.498750e+08 1.018224 1.024905 1.023931 1.028929 1.037986 1.042816 1.034641 1.035866 1.036858 1.041130 1.043951 1.046272
1.499550e+08 1.018200 1.025025 1.024205 1.029187 1.037926 1.042768 1.034832 1.036054 1.036812 1.041136 1.043729 1.046050
1.500350e+08 1.018150 1.025112 1.024446 1.029413 1.037832 1.042686 1.034989 1.036210 1.036738 1.041111 1.043476 1.045796
1.501150e+08 1.018073 1.025168 1.024654 1.029607 1.037706 1.042570 1.035113 1.036334 1.036637 1.041054 1.043190 1.045509
1.501950e+08 1.017969 1.025192 1.024828 1.029769 1.037547 1.042421 1.035205 1.036427 1.036508 1.040967 1.042873 1.045191
1.502750e+08 1.017840 1.025185 1.024970 1.029900 1.037357 1.042240 1.035263 1.036488 1.036352 1.040848 1.042526 1.044840
1.503550e+08 1.017686 1.025146 1.025079 1.030000 1.037136 1.042026 1.035290 1.036518 1.036170 1.040700 1.042149 1.044459
1.504350e+08 1.017507 1.025077 1.025156 1.030069 1.036884 1.041780 1.035284 1.036517 1.035962 1.040522 1.041742 1.044048
1.505150e+08 1.017304 1.024978 1.025202 1.030107 1.036602 1.041504 1.035247 1.036486 1.035728 1.040315 1.041306 1.043606
1.505950e+08 1.017077 1.024849 1.025216 1.030116 1.036292 1.041197 1.035180 1.036424 1.035470 1.040079 1.040842 1.043135
1.506750e+08 1.016828 1.024690 1.025200 1.030095 1.035953 1.040861 1.035082 1.036334 1.035187 1.039814 1.040351 1.042636
1.507550e+08 1.016556 1.024503 1.025154 1.030045 1.035587 1.040496 1.034954 1.036214 1.034881 1.039523 1.039833 1.042108
1.508350e+08 1.016263 1.024287 1.025079 1.029967 1.035195 1.040103 1.034797 1.036066 1.034553 1.039204 1.039289 1.041554
1.509150e+08 1.015949 1.024044 1.024975 1.029861 1.034777 1.039684 1.034612 1.035890 1.034202 1.038860 1.038721 1.040974
1.509950e+08 1.015615 1.023773 1.024844 1.029728 1.034335 1.039238 1.034399 1.035687 1.033830 1.038490 1.038129 1.040368
1.510750e+08 1.015262 1.023477 1.024685 1.029569 1.033869 1.038767 1.034159 1.035458 1.033437 1.038096 1.037513 1.039737
1.511550e+08 1.014891 1.023155 1.024501 1.029385 1.033381 1.038273 1.033893 1.035203 1.033025 1.037678 1.036876 1.039083
1.512350e+08 1.014503 1.022808 1.024290 1.029175 1.032872 1.037755 1.033602 1.034923 1.032594 1.037237 1.036218 1.038406
1.513150e+08 1.014098 1.022438 1.024056 1.028942 1.032342 1.037216 1.033287 1.034619 1.032145 1.036774 1.035540 1.037708
1.513950e+08 1.013678 1.022045 1.023798 1.028686 1.031793 1.036656 1.032948 1.034292 1.031678 1.036290 1.034844 1.036989
1.514750e+08 1.013243 1.021630 1.023517 1.028407 1.031226 1.036076 1.032587 1.033942 1.031196 1.035786 1.034129 1.036250
1.515550e+08 1.012795 1.021194 1.023215 1.028107 1.030643 1.035477 1.032204 1.033571 1.030698 1.035263 1.033399 1.035493
1.516350e+08 1.012334 1.020738 1.022892 1.027787 1.030043 1.034861 1.031801 1.033180 1.030187 1.034721 1.032652 1.034718
1.517150e+08 1.011862 1.020263 1.022550 1.027448 1.029430 1.034230 1.031378 1.032769 1.029661 1.034163 1.031892 1.033927
1.517950e+08 1.011379 1.019770 1.022189 1.027090 1.028803 1.033583 1.030938 1.032340 1.029124 1.033588 1.031119 1.033121
1.518750e+08 1.010887 1.019260 1.021811 1.026715 1.028165 1.032923 1.030480 1.031893 1.028575 1.032999 1.030333 1.032301
1.519550e+08 1.010387 1.018735 1.021417 1.026323 1.027516 1.032250 1.030006 1.031430 1.028016 1.032395 1.029538 1.031469
1.520350e+08 1.009879 1.018195 1.021008 1.025917 1.026857 1.031566 1.029517 1.030952 1.027447 1.031779 1.028733 1.030624
1.521150e+08 1.009366 1.017641 1.020585 1.025496 1.026191 1.030873 1.029014 1.030459 1.026870 1.031151 1.027920 1.029770
1.521950e+08 1.008847 1.017076 1.020150 1.025063 1.025518 1.030171 1.028499 1.029954 1.026286 1.030513 1.027100 1.028906
1.522750e+08 1.008324 1.016499 1.019703 1.024618 1.024840 1.029462 1.027973 1.029436 1.025696 1.029865 1.026275 1.028034
1.523550e+08 1.007799 1.015913 1.019247 1.024162 1.024158 1.028747 1.027437 1.028908 1.025101 1.029209 1.025445 1.027156
1.524350e+08 1.007272 1.015318 1.018781 1.023696 1.023473 1.028027 1.026891 1.028370 1.024501 1.028546 1.024612 1.026272
1.525150e+08 1.006744 1.014716 1.018308 1.023223 1.022786 1.027305 1.026338 1.027824 1.023899 1.027877 1.023778 1.025384
1.525950e+08 1.006217 1.014108 1.017828 1.022742 1.022100 1.026580 1.025779 1.027271 1.023295 1.027204 1.022944 1.024493
1.526750e+08 1.005692 1.013495 1.017343 1.022255 1.021415 1.025855 1.025215 1.026711 1.022690 1.026526 1.022110 1.023601
1.527550e+08 1.005170 1.012879 1.016855 1.021763 1.020732 1.025131 1.024647 1.026147 1.022085 1.025847 1.021278 1.022708
1.528350e+08 1.004651 1.012261 1.016363 1.021268 1.020053 1.024409 1.024076 1.025578 1.021481 1.025166 1.020449 1.021816
1.529150e+08 1.004138 1.011641 1.015871 1.020770 1.019380 1.023690 1.023504 1.025008 1.020880 1.024485 1.019625 1.020926
1.529950e+08 1.003631 1.011022 1.015379 1.020271 1.018712 1.022976 1.022931 1.024436 1.020281 1.023805 1.018807 1.020039
1.530750e+08 1.003131 1.010404 1.014887 1.019772 1.018053 1.022268 1.022360 1.023864 1.019687 1.023127 1.017995 1.019156
1.531550e+08 1.002639 1.009790 1.014399 1.019274 1.017402 1.021567 1.021792 1.023293 1.019099 1.022453 1.017192 1.018279
1.532350e+08 1.002156 1.009179 1.013914 1.018779 1.016761 1.020875 1.021226 1.022724 1.018516 1.021784 1.016398 1.017409
1.533150e+08 1.001684 1.008574 1.013434 1.018287 1.016132 1.020192 1.020666 1.022158 1.017941 1.021120 1.015614 1.016547
1.533950e+08 1.001224 1.007975 1.012960 1.017799 1.015515 1.019519 1.020112 1.021597 1.017374 1.020462 1.014842 1.015694
1.534750e+08 1.000775 1.007384 1.012494 1.017317 1.014912 1.018859 1.019564 1.021042 1.016816 1.019813 1.014082 1.014851
1.535550e+08 1.000340 1.006802 1.012036 1.016842 1.014323 1.018212 1.019025 1.020493 1.016269 1.019172 1.013336 1.014020
1.536350e+08 0.999919 1.006231 1.011588 1.016375 1.013750 1.017579 1.018496 1.019953 1.015732 1.018541 1.012605 1.013200
1.537150e+08 0.999514 1.005671 1.011151 1.015917 1.013193 1.016961 1.017977 1.019421 1.015207 1.017921 1.011889 1.012394
1.537950e+08 0.999124 1.005123 1.010726 1.015469 1.012655 1.016359 1.017470 1.018899 1.014694 1.017313 1.011189 1.011603
1.538750e+08 0.998752 1.004589 1.010315 1.015032 1.012135 1.015775 1.016975 1.018388 1.014195 1.016717 1.010507 1.010826
1.539550e+08 0.998397 1.004069 1.009917 1.014608 1.011635 1.015209 1.016494 1.017889 1.013710 1.016136 1.009843 1.010066
1.540350e+08 0.998061 1.003565 1.009535 1.014196 1.011155 1.014662 1.016028 1.017403 1.013241 1.015569 1.009199 1.009323
1.541150e+08 0.997744 1.003078 1.009168 1.013798 1.010696 1.014135 1.015578 1.016931 1.012786 1.015017 1.008574 1.008597
1.541950e+08 0.997447 1.002609 1.008820 1.013416 1.010260 1.013628 1.015144 1.016473 1.012349 1.014481 1.007970 1.007891
1.542750e+08 0.997171 1.002158 1.008489 1.013049 1.009847 1.013144 1.014728 1.016032 1.011928 1.013963 1.007387 1.007204
1.543550e+08 0.996917 1.001728 1.008177 1.012699 1.009457 1.012681 1.014330 1.015606 1.011525 1.013463 1.006826 1.006537
1.544350e+08 0.996684 1.001317 1.007885 1.012366 1.009092 1.012242 1.013952 1.015198 1.011141 1.012981 1.006288 1.005891
1.545150e+08 0.996474 1.000928 1.007615 1.012052 1.008752 1.011826 1.013593 1.014808 1.010775 1.012518 1.005773 1.005266
1.545950e+08 0.996287 1.000561 1.007365 1.011757 1.008437 1.011435 1.013255 1.014437 1.010428 1.012075 1.005281 1.004664
1.546750e+08 0.996124 1.000217 1.007138 1.011481 1.008148 1.011069 1.012938 1.014085 1.010102 1.011652 1.004814 1.004084
1.547550e+08 0.995985 0.999897 1.006934 1.011226 1.007885 1.010728 1.012644 1.013753 1.009795 1.011250 1.004371 1.003528
1.548350e+08 0.995870 0.999601 1.006754 1.010992 1.007649 1.010412 1.012372 1.013442 1.009509 1.010870 1.003952 1.002995
1.549150e+08 0.995781 0.999330 1.006597 1.010780 1.007441 1.010123 1.012123 1.013152 1.009245 1.010512 1.003560 1.002486
1.549950e+08 0.995716 0.999085 1.006466 1.010590 1.007260 1.009860 1.011898 1.012884 1.009001 1.010176 1.003192 1.002002
1.550750e+08 0.995677 0.998866 1.006360 1.010422 1.007107 1.009625 1.011697 1.012638 1.008780 1.009863 1.002850 1.001542
1.551550e+08 0.995664 0.998673 1.006280 1.010278 1.006982 1.009416 1.011521 1.012414 1.008580 1.009573 1.002534 1.001107
1.552350e+08 0.995677 0.998507 1.006226 1.010157 1.006885 1.009234 1.011370 1.012214 1.008402 1.009306 1.002243 1.000697
1.553150e+08 0.995715 0.998369 1.006199 1.010060 1.006816 1.009080 1.011243 1.012036 1.008246 1.009062 1.001979 1.000313
1.553950e+08 0.995780 0.998258 1.006198 1.009988 1.006776 1.008953 1.011143 1.011882 1.008113 1.008842 1.001740 0.999954
1.554750e+08 0.995871 0.998176 1.006225 1.009939 1.006763 1.008853 1.011068 1.011752 1.008002 1.008646 1.001528 0.999620
1.555550e+08 0.995989 0.998121 1.006280 1.009916 1.006779 1.008781 1.011018 1.011646 1.007913 1.008474 1.001340 0.999311
1.556350e+08 0.996132 0.998095 1.006361 1.009917 1.006823 1.008736 1.010995 1.011564 1.007847 1.008326 1.001179 0.999028
1.557150e+08 0.996301 0.998097 1.006471 1.009943 1.006895 1.008719 1.010998 1.011506 1.007803 1.008202 1.001042 0.998770
1.557950e+08 0.996497 0.998128 1.006608 1.009995 1.006994 1.008728 1.011026 1.011471 1.007782 1.008102 1.000931 0.998537
1.558750e+08 0.996718 0.998188 1.006773 1.010071 1.007121 1.008763 1.011081 1.011461 1.007782 1.008025 1.000844 0.998329
1.559550e+08 0.996965 0.998276 1.006966 1.010172 1.007274 1.008825 1.011161 1.011475 1.007804 1.007972 1.000781 0.998146
1.560350e+08 0.997237 0.998393 1.007186 1.010299 1.007454 1.008913 1.011267 1.011513 1.007848 1.007942 1.000743 0.997987
1.561150e+08 0.997533 0.998538 1.007434 1.010450 1.007661 1.009027 1.011398 1.011574 1.007913 1.007935 1.000727 0.997851
1.561950e+08 0.997855 0.998711 1.007709 1.010626 1.007892 1.009165 1.011554 1.011659 1.008000 1.007951 1.000735 0.997739
1.562750e+08 0.998200 0.998912 1.008010 1.010826 1.008149 1.009328 1.011735 1.011767 1.008107 1.007990 1.000764 0.997650
1.563550e+08 0.998570 0.999140 1.008339 1.011050 1.008431 1.009515 1.011941 1.011898 1.008234 1.008050 1.000815 0.997583
1.564350e+08 0.998962 0.999396 1.008694 1.011298 1.008736 1.009725 1.012170 1.012051 1.008381 1.008133 1.000887 0.997539
1.565150e+08 0.999377 0.999678 1.009075 1.011570 1.009064 1.009958 1.012423 1.012226 1.008548 1.008236 1.000980 0.997515
1.565950e+08 0.999815 0.999987 1.009481 1.011864 1.009415 1.010212 1.012699 1.012423 1.008734 1.008359 1.001091 0.997513
1.566750e+08 1.000273 1.000321 1.009912 1.012182 1.009787 1.010488 1.012998 1.012640 1.008937 1.008503 1.001221 0.997530
1.567550e+08 1.000753 1.000681 1.010368 1.012521 1.010180 1.010784 1.013318 1.012878 1.009159 1.008666 1.001370 0.997566
1.568350e+08 1.001253 1.001065 1.010847 1.012882 1.010592 1.011100 1.013659 1.013136 1.009398 1.008848 1.001535 0.997621
1.569150e+08 1.001772 1.001474 1.011349 1.013263 1.011024 1.011434 1.014021 1.013413 1.009653 1.009048 1.001715 0.997693
1.569950e+08 1.002310 1.001906 1.011874 1.013665 1.011474 1.011785 1.014403 1.013708 1.009924 1.009265 1.001911 0.997782
1.570750e+08 1.002865 1.002360 1.012421 1.014087 1.011940 1.012153 1.014803 1.014021 1.010210 1.009498 1.002121 0.997887
1.571550e+08 1.003438 1.002836 1.012988 1.014527 1.012423 1.012537 1.015222 1.014351 1.010510 1.009748 1.002344 0.998007
1.572350e+08 1.004027 1.003333 1.013575 1.014986 1.012921 1.012935 1.015657 1.014697 1.010824 1.010012 1.002579 0.998141
1.573150e+08 1.004631 1.003850 1.014182 1.015462 1.013432 1.013347 1.016109 1.015059 1.011150 1.010290 1.002825 0.998288
1.573950e+08 1.005250 1.004387 1.014807 1.015954 1.013956 1.013771 1.016577 1.015435 1.011489 1.010581 1.003081 0.998447
1.574750e+08 1.005881 1.004941 1.015449 1.016462 1.014492 1.014207 1.017059 1.015824 1.011838 1.010884 1.003345 0.998617
1.575550e+08 1.006526 1.005513 1.016108 1.016985 1.015038 1.014652 1.017554 1.016226 1.012198 1.011198 1.003617 0.998796
1.576350e+08 1.007182 1.006101 1.016782 1.017522 1.015593 1.015106 1.018061 1.016640 1.012567 1.011523 1.003895 0.998985
1.577150e+08 1.007848 1.006705 1.017471 1.018071 1.016156 1.015569 1.018580 1.017064 1.012944 1.011856 1.004178 0.999181
1.577950e+08 1.008524 1.007322 1.018172 1.018632 1.016726 1.016037 1.019109 1.017497 1.013329 1.012198 1.004466 0.999383
1.578750e+08 1.009208 1.007953 1.018886 1.019204 1.017301 1.016511 1.019646 1.017940 1.013720 1.012547 1.004756 0.999591
1.579550e+08 1.009899 1.008595 1.019611 1.019786 1.017881 1.016988 1.020192 1.018389 1.014116 1.012901 1.005047 0.999803
1.580350e+08 1.010597 1.009248 1.020346 1.020377 1.018463 1.017468 1.020745 1.018845 1.014517 1.013261 1.005339 1.000018
1.581150e+08 1.011299 1.009911 1.021089 1.020975 1.019047 1.017950 1.021303 1.019306 1.014921 1.013625 1.005630 1.000235
1.581950e+08 1.012006 1.010582 1.021840 1.021580 1.019631 1.018431 1.021865 1.019771 1.015328 1.013991 1.005919 1.000453
1.582750e+08 1.012715 1.011260 1.022598 1.022191 1.020215 1.018912 1.022431 1.020239 1.015736 1.014358 1.006204 1.000670
1.583550e+08 1.013427 1.011945 1.023360 1.022805 1.020796 1.019389 1.022999 1.020709 1.016144 1.014726 1.006484 1.000885
1.584350e+08 1.014139 1.012634 1.024126 1.023423 1.021373 1.019863 1.023567 1.021180 1.016552 1.015093 1.006759 1.001097
1.585150e+08 1.014850 1.013326 1.024895 1.024043 1.021946 1.020332 1.024134 1.021650 1.016958 1.015459 1.007027 1.001305
1.585950e+08 1.015560 1.014021 1.025666 1.024663 1.022512 1.020794 1.024700 1.022118 1.017361 1.015821 1.007286 1.001507
1.586750e+08 1.016267 1.014716 1.026436 1.025283 1.023070 1.021249 1.025263 1.022583 1.017760 1.016179 1.007535 1.001702
1.587550e+08 1.016970 1.015411 1.027205 1.025902 1.023620 1.021694 1.025822 1.023044 1.018155 1.016531 1.007774 1.001890
1.588350e+08 1.017669 1.016105 1.027971 1.026518 1.024160 1.022129 1.026375 1.023500 1.018543 1.016877 1.008000 1.002069
1.589150e+08 1.018361 1.016796 1.028734 1.027130 1.024688 1.022552 1.026921 1.023949 1.018925 1.017215 1.008214 1.002237
1.589950e+08 1.019045 1.017482 1.029492 1.027736 1.025203 1.022962 1.027459 1.024391 1.019298 1.017545 1.008413 1.002394
1.590750e+08 1.019722 1.018163 1.030243 1.028337 1.025705 1.023358 1.027988 1.024824 1.019663 1.017864 1.008596 1.002538
1.591550e+08 1.020389 1.018838 1.030987 1.028930 1.026191 1.023739 1.028506 1.025247 1.020017 1.018172 1.008763 1.002669
1.592350e+08 1.021046 1.019504 1.031721 1.029514 1.026661 1.024103 1.029012 1.025658 1.020360 1.018468 1.008913 1.002784
1.593150e+08 1.021691 1.020161 1.032446 1.030088 1.027113 1.024449 1.029506 1.026058 1.020692 1.018751 1.009043 1.002884
1.593950e+08 1.022323 1.020808 1.033159 1.030651 1.027547 1.024777 1.029985 1.026444 1.021010 1.019019 1.009154 1.002966
1.594750e+08 1.022942 1.021443 1.033860 1.031202 1.027961 1.025084 1.030449 1.026815 1.021314 1.019272 1.009244 1.003031
1.595550e+08 1.023546 1.022065 1.034546 1.031740 1.028354 1.025370 1.030897 1.027171 1.021603 1.019508 1.009312 1.003076
1.596350e+08 1.024135 1.022674 1.035218 1.032263 1.028724 1.025634 1.031327 1.027510 1.021877 1.019727 1.009357 1.003101
1.597150e+08 1.024707 1.023267 1.035873 1.032771 1.029072 1.025874 1.031739 1.027831 1.022133 1.019927 1.009378 1.003105
1.597950e+08 1.025262 1.023843 1.036511 1.033262 1.029396 1.026090 1.032131 1.028134 1.022372 1.020108 1.009375 1.003086
1.598750e+08 1.025798 1.024402 1.037130 1.033736 1.029694 1.026281 1.032501 1.028417 1.022592 1.020269 1.009347 1.003045
1.599550e+08 1.026315 1.024943 1.037730 1.034191 1.029967 1.026446 1.032851 1.028679 1.022793 1.020408 1.009293 1.002980
1.600350e+08 1.026813 1.025464 1.038309 1.034626 1.030212 1.026583 1.033177 1.028920 1.022974 1.020525 1.009211 1.002890
1.601150e+08 1.027289 1.025965 1.038866 1.035040 1.030430 1.026693 1.033480 1.029138 1.023134 1.020618 1.009102 1.002774
1.601950e+08 1.027743 1.026444 1.039401 1.035433 1.030620 1.026774 1.033758 1.029332 1.023272 1.020688 1.008965 1.002633
1.602750e+08 1.028176 1.026900 1.039911 1.035803 1.030780 1.026825 1.034010 1.029503 1.023388 1.020733 1.008799 1.002464
1.603550e+08 1.028585 1.027333 1.040397 1.036150 1.030910 1.026846 1.034236 1.029648 1.023480 1.020753 1.008603 1.002268
1.604350e+08 1.028970 1.027742 1.040857 1.036473 1.031009 1.026836 1.034435 1.029768 1.023549 1.020747 1.008377 1.002043
1.605150e+08 1.029331 1.028126 1.041291 1.036770 1.031077 1.026795 1.034606 1.029861 1.023593 1.020714 1.008121 1.001789
1.605950e+08 1.029667 1.028483 1.041697 1.037041 1.031113 1.026721 1.034749 1.029926 1.023613 1.020653 1.007834 1.001506
1.606750e+08 1.029978 1.028814 1.042075 1.037286 1.031116 1.026615 1.034862 1.029964 1.023606 1.020565 1.007515 1.001193
1.607550e+08 1.030262 1.029118 1.042424 1.037503 1.031087 1.026476 1.034945 1.029974 1.023574 1.020448 1.007165 1.000850
1.608350e+08 1.030520 1.029393 1.042744 1.037693 1.031024 1.026303 1.034997 1.029954 1.023515 1.020301 1.006783 1.000475
1.609150e+08 1.030751 1.029640 1.043033 1.037853 1.030927 1.026097 1.035019 1.029905 1.023430 1.020126 1.006369 1.000070
1.609950e+08 1.030955 1.029857 1.043291 1.037985 1.030797 1.025856 1.035009 1.029826 1.023316 1.019920 1.005923 0.999633
1.610750e+08 1.031132 1.030045 1.043518 1.038087 1.030632 1.025581 1.034967 1.029717 1.023175 1.019685 1.005444 0.999164
1.611550e+08 1.031280 1.030202 1.043712 1.038158 1.030432 1.025271 1.034892 1.029577 1.023006 1.019418 1.004932 0.998663
1.612350e+08 1.031400 1.030329 1.043874 1.038199 1.030198 1.024926 1.034785 1.029406 1.022809 1.019121 1.004389 0.998131
1.613150e+08 1.031492 1.030424 1.044003 1.038208 1.029929 1.024546 1.034645 1.029203 1.022583 1.018792 1.003812 0.997566
1.613950e+08 1.031556 1.030489 1.044099 1.038186 1.029624 1.024131 1.034472 1.028969 1.022328 1.018433 1.003203 0.996968
1.614750e+08 1.031591 1.030521 1.044161 1.038133 1.029286 1.023682 1.034265 1.028703 1.022045 1.018042 1.002562 0.996339
1.615550e+08 1.031597 1.030522 1.044189 1.038047 1.028912 1.023197 1.034025 1.028405 1.021732 1.017619 1.001889 0.995677
1.616350e+08 1.031575 1.030491 1.044183 1.037929 1.028503 1.022677 1.033751 1.028075 1.021390 1.017165 1.001184 0.994983
1.617150e+08 1.031524 1.030427 1.044143 1.037778 1.028060 1.022123 1.033443 1.027713 1.021019 1.016679 1.000447 0.994256
1.617950e+08 1.031445 1.030331 1.044068 1.037595 1.027583 1.021535 1.033102 1.027320 1.020618 1.016162 0.999679 0.993499
1.618750e+08 1.031337 1.030204 1.043958 1.037379 1.027071 1.020912 1.032727 1.026894 1.020189 1.015613 0.998881 0.992709
1.619550e+08 1.031201 1.030044 1.043814 1.037131 1.026526 1.020255 1.032319 1.026437 1.019730 1.015033 0.998052 0.991888
1.620350e+08 1.031038 1.029852 1.043636 1.036850 1.025947 1.019565 1.031877 1.025948 1.019243 1.014422 0.997193 0.991036
1.621150e+08 1.030846 1.029628 1.043423 1.036536 1.025335 1.018843 1.031403 1.025427 1.018727 1.013780 0.996304 0.990154
1.621950e+08 1.030627 1.029372 1.043175 1.036190 1.024691 1.018087 1.030895 1.024876 1.018183 1.013108 0.995387 0.989241
1.622750e+08 1.030381 1.029085 1.042894 1.035812 1.024015 1.017300 1.030356 1.024293 1.017610 1.012406 0.994442 0.988299
1.623550e+08 1.030108 1.028767 1.042579 1.035401 1.023307 1.016481 1.029784 1.023681 1.017009 1.011674 0.993469 0.987328
1.624350e+08 1.029810 1.028418 1.042230 1.034959 1.022569 1.015631 1.029180 1.023038 1.016381 1.010912 0.992469 0.986328
1.625150e+08 1.029485 1.028039 1.041848 1.034486 1.021800 1.014752 1.028546 1.022366 1.015726 1.010122 0.991444 0.985300
1.625950e+08 1.029136 1.027630 1.041433 1.033981 1.021002 1.013843 1.027881 1.021664 1.015043 1.009303 0.990393 0.984244
1.626750e+08 1.028761 1.027192 1.040986 1.033446 1.020176 1.012905 1.027186 1.020934 1.014335 1.008456 0.989317 0.983162
1.627550e+08 1.028363 1.026725 1.040507 1.032881 1.019322 1.011940 1.026461 1.020176 1.013601 1.007582 0.988218 0.982055
1.628350e+08 1.027942 1.026230 1.039997 1.032286 1.018440 1.010947 1.025708 1.019391 1.012841 1.006682 0.987097 0.980922
1.629150e+08 1.027498 1.025707 1.039456 1.031661 1.017533 1.009929 1.024927 1.018580 1.012057 1.005756 0.985953 0.979764
1.629950e+08 1.027032 1.025158 1.038884 1.031008 1.016600 1.008886 1.024119 1.017742 1.011248 1.004804 0.984789 0.978584
1.630750e+08 1.026544 1.024582 1.038284 1.030328 1.015643 1.007818 1.023284 1.016879 1.010416 1.003828 0.983605 0.977380
1.631550e+08 1.026037 1.023982 1.037655 1.029620 1.014663 1.006727 1.022423 1.015992 1.009561 1.002828 0.982402 0.976155
1.632350e+08 1.025510 1.023356 1.036998 1.028885 1.013660 1.005614 1.021538 1.015081 1.008684 1.001806 0.981182 0.974909
1.633150e+08 1.024964 1.022708 1.036313 1.028125 1.012637 1.004480 1.020628 1.014147 1.007786 1.000761 0.979945 0.973644
1.633950e+08 1.024400 1.022036 1.035603 1.027339 1.011593 1.003326 1.019696 1.013192 1.006867 0.999695 0.978692 0.972359
1.634750e+08 1.023820 1.021343 1.034867 1.026529 1.010531 1.002153 1.018742 1.012216 1.005928 0.998609 0.977425 0.971057
1.635550e+08 1.023224 1.020630 1.034107 1.025696 1.009450 1.000963 1.017767 1.011219 1.004970 0.997504 0.976145 0.969738
1.636350e+08 1.022612 1.019896 1.033324 1.024841 1.008353 0.999756 1.016772 1.010204 1.003994 0.996380 0.974852 0.968404
1.637150e+08 1.021987 1.019144 1.032517 1.023964 1.007240 0.998533 1.015758 1.009171 1.003000 0.995239 0.973549 0.967054
1.637950e+08 1.021349 1.018374 1.031690 1.023066 1.006114 0.997296 1.014726 1.008121 1.001990 0.994082 0.972235 0.965692
1.638750e+08 1.020699 1.017588 1.030842 1.022149 1.004974 0.996047 1.013677 1.007055 1.000965 0.992909 0.970913 0.964317
1.639550e+08 1.020038 1.016786 1.029975 1.021213 1.003822 0.994785 1.012613 1.005974 0.999924 0.991722 0.969584 0.962930
1.640350e+08 1.019367 1.015971 1.029090 1.020259 1.002660 0.993514 1.011534 1.004879 0.998870 0.990521 0.968248 0.961534
1.641150e+08 1.018687 1.015142 1.028187 1.019289 1.001488 0.992233 1.010442 1.003772 0.997804 0.989309 0.966907 0.960128
1.641950e+08 1.018000 1.014301 1.027269 1.018304 1.000309 0.990944 1.009339 1.002653 0.996725 0.988085 0.965563 0.958715
1.642750e+08 1.017307 1.013450 1.026336 1.017304 0.999123 0.989648 1.008224 1.001524 0.995636 0.986851 0.964215 0.957295
1.643550e+08 1.016607 1.012589 1.025390 1.016290 0.997931 0.988347 1.007099 1.000385 0.994536 0.985609 0.962866 0.955870
1.644350e+08 1.015904 1.011720 1.024431 1.015265 0.996735 0.987042 1.005966 0.999239 0.993428 0.984358 0.961517 0.954440
1.645150e+08 1.015197 1.010844 1.023461 1.014229 0.995537 0.985734 1.004826 0.998085 0.992312 0.983101 0.960169 0.953007
1.645950e+08 1.014489 1.009963 1.022482 1.013182 0.994336 0.984424 1.003680 0.996925 0.991190 0.981839 0.958823 0.951572
1.646750e+08 1.013779 1.009077 1.021494 1.012127 0.993136 0.983114 1.002528 0.995761 0.990061 0.980572 0.957480 0.950136
1.647550e+08 1.013070 1.008188 1.020499 1.011065 0.991936 0.981805 1.001374 0.994594 0.988928 0.979302 0.956141 0.948701
1.648350e+08 1.012362 1.007297 1.019497 1.009995 0.990739 0.980498 1.000217 0.993423 0.987790 0.978029 0.954808 0.947267
1.649150e+08 1.011657 1.006405 1.018491 1.008921 0.989545 0.979195 0.999058 0.992252 0.986651 0.976756 0.953481 0.945835
1.649950e+08 1.010955 1.005514 1.017482 1.007843 0.988355 0.977896 0.997900 0.991081 0.985509 0.975482 0.952162 0.944408
1.650750e+08 1.010258 1.004625 1.016470 1.006762 0.987172 0.976603 0.996743 0.989911 0.984367 0.974210 0.950852 0.942985
1.651550e+08 1.009567 1.003739 1.015457 1.005679 0.985996 0.975316 0.995589 0.988742 0.983225 0.972939 0.949552 0.941567
1.652350e+08 1.008882 1.002857 1.014445 1.004595 0.984828 0.974039 0.994438 0.987578 0.982084 0.971672 0.948262 0.940157
1.653150e+08 1.008206 1.001981 1.013434 1.003512 0.983670 0.972770 0.993292 0.986417 0.980946 0.970410 0.946984 0.938755
1.653950e+08 1.007539 1.001112 1.012426 1.002431 0.982522 0.971512 0.992152 0.985262 0.979810 0.969153 0.945719 0.937361
1.654750e+08 1.006881 1.000251 1.011422 1.001353 0.981386 0.970265 0.991020 0.984114 0.978680 0.967902 0.944468 0.935978
1.655550e+08 1.006235 0.999400 1.010424 1.000279 0.980263 0.969031 0.989895 0.982973 0.977554 0.966659 0.943231 0.934605
1.656350e+08 1.005601 0.998558 1.009432 0.999209 0.979154 0.967810 0.988780 0.981841 0.976434 0.965424 0.942009 0.933245
1.657150e+08 1.004980 0.997728 1.008448 0.998147 0.978059 0.966604 0.987675 0.980718 0.975322 0.964198 0.940804 0.931897
1.657950e+08 1.004373 0.996911 1.007472 0.997091 0.976981 0.965414 0.986582 0.979606 0.974217 0.962983 0.939616 0.930563
1.658750e+08 1.003781 0.996108 1.006507 0.996044 0.975920 0.964239 0.985501 0.978506 0.973121 0.961779 0.938445 0.929243
1.659550e+08 1.003205 0.995319 1.005553 0.995006 0.974876 0.963083 0.984433 0.977418 0.972035 0.960587 0.937293 0.927938
1.660350e+08 1.002646 0.994546 1.004611 0.993978 0.973851 0.961944 0.983380 0.976343 0.970960 0.959408 0.936160 0.926650
1.661150e+08 1.002104 0.993790 1.003682 0.992962 0.972845 0.960824 0.982342 0.975282 0.969895 0.958242 0.935047 0.925378
1.661950e+08 1.001580 0.993052 1.002768 0.991959 0.971860 0.959724 0.981320 0.974237 0.968843 0.957092 0.933954 0.924124
1.662750e+08 1.001076 0.992333 1.001869 0.990968 0.970896 0.958645 0.980315 0.973207 0.967804 0.955956 0.932882 0.922888
1.663550e+08 1.000591 0.991633 1.000986 0.989992 0.969954 0.957587 0.979328 0.972193 0.966778 0.954837 0.931831 0.921671
1.664350e+08 1.000128 0.990954 1.000121 0.989031 0.969034 0.956550 0.978360 0.971197 0.965767 0.953734 0.930802 0.920473
1.665150e+08 0.999685 0.990297 0.999274 0.988086 0.968137 0.955536 0.977411 0.970219 0.964771 0.952649 0.929796 0.919295
1.665950e+08 0.999264 0.989661 0.998446 0.987157 0.967264 0.954545 0.976482 0.969259 0.963790 0.951582 0.928812 0.918138
1.666750e+08 0.998866 0.989048 0.997638 0.986246 0.966416 0.953577 0.975573 0.968318 0.962826 0.950533 0.927850 0.917001
1.667550e+08 0.998491 0.988459 0.996851 0.985353 0.965592 0.952632 0.974686 0.967397 0.961878 0.949503 0.926912 0.915885
1.668350e+08 0.998139 0.987894 0.996086 0.984479 0.964793 0.951713 0.973821 0.966497 0.960948 0.948493 0.925997 0.914791
1.669150e+08 0.997811 0.987354 0.995342 0.983625 0.964019 0.950817 0.972977 0.965616 0.960036 0.947503 0.925105 0.913719
1.669950e+08 0.997508 0.986839 0.994622 0.982791 0.963272 0.949947 0.972157 0.964757 0.959142 0.946533 0.924237 0.912669
1.670750e+08 0.997230 0.986350 0.993925 0.981977 0.962551 0.949101 0.971360 0.963919 0.958267 0.945584 0.923393 0.911642
1.671550e+08 0.996976 0.985887 0.993252 0.981185 0.961856 0.948281 0.970586 0.963103 0.957411 0.944657 0.922572 0.910636
1.672350e+08 0.996749 0.985451 0.992603 0.980414 0.961187 0.947486 0.969836 0.962309 0.956574 0.943750 0.921774 0.909654
1.673150e+08 0.996546 0.985042 0.991980 0.979666 0.960546 0.946716 0.969110 0.961537 0.955757 0.942865 0.921000 0.908694
1.673950e+08 0.996370 0.984661 0.991382 0.978940 0.959931 0.945972 0.968408 0.960787 0.954961 0.942002 0.920249 0.907757
1.674750e+08 0.996220 0.984307 0.990810 0.978237 0.959343 0.945254 0.967731 0.960060 0.954184 0.941161 0.919522 0.906843
1.675550e+08 0.996096 0.983981 0.990265 0.977557 0.958781 0.944561 0.967079 0.959355 0.953429 0.940341 0.918817 0.905951
1.676350e+08 0.995998 0.983683 0.989746 0.976901 0.958246 0.943893 0.966451 0.958673 0.952694 0.939544 0.918135 0.905082
1.677150e+08 0.995926 0.983413 0.989253 0.976269 0.957738 0.943250 0.965848 0.958014 0.951980 0.938769 0.917475 0.904235
1.677950e+08 0.995880 0.983171 0.988788 0.975660 0.957256 0.942632 0.965269 0.957377 0.951286 0.938016 0.916836 0.903411
1.678750e+08 0.995861 0.982958 0.988350 0.975075 0.956801 0.942038 0.964715 0.956763 0.950614 0.937284 0.916219 0.902608
1.679550e+08 0.995867 0.982772 0.987939 0.974514 0.956371 0.941469 0.964185 0.956171 0.949963 0.936575 0.915623 0.901827
1.680350e+08 0.995900 0.982614 0.987555 0.973978 0.955966 0.940924 0.963680 0.955601 0.949332 0.935887 0.915048 0.901067
1.681150e+08 0.995958 0.982485 0.987198 0.973465 0.955587 0.940402 0.963198 0.955053 0.948722 0.935220 0.914492 0.900328
1.681950e+08 0.996041 0.982382 0.986868 0.972976 0.955232 0.939902 0.962740 0.954527 0.948133 0.934574 0.913956 0.899610
1.682750e+08 0.996149 0.982307 0.986565 0.972511 0.954902 0.939426 0.962306 0.954022 0.947565 0.933949 0.913438 0.898911
1.683550e+08 0.996282 0.982259 0.986289 0.972070 0.954595 0.938971 0.961894 0.953537 0.947017 0.933345 0.912938 0.898232
1.684350e+08 0.996439 0.982238 0.986040 0.971652 0.954311 0.938537 0.961505 0.953073 0.946488 0.932760 0.912455 0.897571
1.685150e+08 0.996620 0.982243 0.985816 0.971258 0.954050 0.938124 0.961138 0.952629 0.945980 0.932196 0.911988 0.896929
1.685950e+08 0.996824 0.982273 0.985619 0.970886 0.953810 0.937730 0.960792 0.952204 0.945491 0.931650 0.911537 0.896305
1.686750e+08 0.997051 0.982329 0.985447 0.970537 0.953591 0.937356 0.960468 0.951799 0.945021 0.931122 0.911101 0.895697
1.687550e+08 0.997301 0.982409 0.985301 0.970210 0.953393 0.937000 0.960164 0.951411 0.944570 0.930613 0.910679 0.895106
1.688350e+08 0.997572 0.982514 0.985179 0.969904 0.953214 0.936662 0.959879 0.951041 0.944138 0.930121 0.910270 0.894530
1.689150e+08 0.997864 0.982641 0.985081 0.969620 0.953053 0.936340 0.959613 0.950688 0.943723 0.929646 0.909873 0.893969
1.689950e+08 0.998176 0.982792 0.985006 0.969356 0.952911 0.936034 0.959366 0.950352 0.943325 0.929187 0.909487 0.893421
1.690750e+08 0.998508 0.982964 0.984955 0.969113 0.952785 0.935742 0.959136 0.950030 0.942944 0.928743 0.909111 0.892887
1.691550e+08 0.998859 0.983157 0.984925 0.968889 0.952675 0.935465 0.958923 0.949724 0.942579 0.928314 0.908745 0.892365
1.692350e+08 0.999228 0.983371 0.984918 0.968683 0.952581 0.935200 0.958726 0.949431 0.942230 0.927899 0.908386 0.891854
1.693150e+08 0.999614 0.983604 0.984931 0.968496 0.952500 0.934947 0.958543 0.949152 0.941896 0.927497 0.908035 0.891354
1.693950e+08 1.000016 0.983856 0.984964 0.968327 0.952432 0.934705 0.958375 0.948885 0.941576 0.927107 0.907690 0.890863
1.694750e+08 1.000434 0.984125 0.985016 0.968173 0.952376 0.934473 0.958219 0.948628 0.941270 0.926729 0.907350 0.890380
1.695550e+08 1.000867 0.984411 0.985087 0.968036 0.952330 0.934249 0.958076 0.948383 0.940976 0.926361 0.907014 0.889905
1.696350e+08 1.001313 0.984712 0.985175 0.967914 0.952294 0.934033 0.957944 0.948146 0.940695 0.926003 0.906680 0.889437
