1061311664
1061311784
1061311904
1061312032
1061312152
1061312272
1061312392
1061312520
1061312640
1061312760
1061312880
1061313008
1061313128
1061313248
1061313368
1061313496
1061313616
1061313736
1061313856
1061313984
1061314104
1061314224
1061314344
1061314472
1061314592
1061314712
1061314832
1061314960
1061315080
1061315200
1061315320
1061315448
1061315568
1061315688
1061315808
1061315936
1061316056
1061316176
1061316296
1061316424
1061316544
1061316664
1061316784
1061316912
1061317032
1061317152
1061317272
1061317400
1061317520
1061317640
1061317760
1061317888
1061318008
1061318128
1061318248
1061318376
1061318496
1061318616
1061318736
1061318864
1061318984
1061319104
1061319224
1061319352
1061319472
1061319592
1061319712
1061319840
1061319960
1061320080
1061320200
1061320328
1061320448
1061320568
1061320688
1061320816
1061320936
1061321056
1061321176
1061321304
1061321424
1061321544
1061321664
1061321792
1061321912
1061322032
1061322152
1061322280
1061322400
1061322520
1061322640
1061322768
1061322888
1061323008
