1061312152
1061312272
1061312640
1061312760
1061312880
1061313496
1061313616
1061313736
1061313856
1061313984
1061314104
1061314344
1061314472
1061314592
1061314712
1061315080
1061315320
1061315448
1061316544
1061316664
1061316784
1061316912
1061317032
1061317152
1061317400
1061317520
1061317640
1061317888
1061318128
1061318248
1061318376
1061318496
1061318736
1061318864
1061319472
1061319592
1061319712
1061319840
1061320080
1061320200
1061320568
1061320688
1061656320
1061656560
1061656808
1061657048
1061657296
1061657416
1061657784
1061658024
1061658392
1061658640
1061658760
1061658880
1061659368
1061659616
1061659736
1061659856
1061660344
1061660464
1061660592
1061660832
1061661080
1061661200
1061661320
1061661440
1061661568
1061661808
1061661928
1061662416
1061662904
1061663032
1061663152
1061663392
1061663520
1061663640
1061663760
1061663880
1061664008
1061664128
1061665472
1062173544
1062173792
1062174032
1062174160
1062174400
1062174520
1062174648
1062175136
1062175256
1062175376
1062175496
1062175624
1062175744
1062176112
1062176232
1062345752
1062345872
1062346000
1062346120
1062346240
1062346360
1062346848
1062346976
1062347096
1062347216
1062347336
1062347584
1062347824
1062348312
1062348440
1062348680
1062349048
1062349288
1062349416
1062349536
1062349656
1062349776
1062350024
1062350144
1062350512
1062350752
1062351120
1062351240
1062351368
1062351488
1062351728
1062351856
1062351976
1062352096
1062352464
1062352704
1062353072
1062353192
1062353320
1062353560
1062353808
1062354048
1062354296
1062354536
1062354656
1062354784
1062518080
1062518328
1062518448
1062518568
1062518688
1062518936
1062519056
1062519176
1062519544
1062520032
1062520152
1062520280
1062520520
1062520768
1062521256
1062521496
1062521744
1062522104
1062522232
1062522720
1062522840
1062523328
1062523568
1062523936
1062524056
1062524184
1062524304
1062524424
1062524792
1062525160
1062525520
1062525648
1062526008
1062526136
1062526256
1062526496
1062526864
1062779016
1062779136
1062779256
1062779624
1062779872
1062779992
1062780112
1062780232
1062780480
1062780600
1062780848
1062781576
1062783528
1062783896
1062784264
1062784384
1062948784
1062948904
1062949024
1062949144
1062949392
1062949632
1062950000
1062950120
1062950248
1062950368
1062950488
1062950608
1062951344
1062951464
1062951584
1062951712
1062951952
1062952200
1062952560
1062952688
1062952808
1062952928
1062953048
1062953176
1062953296
1062953416
1062953664
1062953784
1062953904
1062955616
1062956104
1063121232
1063121352
1063121720
1063121840
1063121960
1063122088
1063122208
1063122448
1063122576
1063122696
1063122816
1063123064
1063123184
1063123304
1063124528
1063124648
1063124768
1063124888
1063125016
1063125136
1063125256
1063125624
1063125744
1063125864
1063126352
1063126840
1063126968
1063127088
1063127208
1063127696
1063127944
1063128064
1063128184
1063128920
1063129040
1063129160
1063129528
1063129768
1063130016
1063130256
1063465768
1063465888
1063466128
1063466256
1063466376
1063466496
1063466616
1063466744
1063467232
1063467352
1063467472
1063467720
1063468080
1063468208
1063468328
1063468448
1063468568
1063468816
1063468936
1063469056
1063469304
1063469424
1063469544
1063469912
1063470032
1063470400
1063470520
1063470648
1063470768
1063470888
1063471008
1063472112
1063472232
1063472352
1063472472
1063473208
1063638216
1063638336
1063638456
1063638584
1063638704
1063638824
1063639072
1063639192
1063639312
1063639560
1063639680
1063640048
1063640168
1063640288
1063640408
1063640656
1063640896
1063641024
1063641384
1063641512
1063642000
1063642240
1063642360
1063642608
1063642728
1063642848
1063642976
1063643096
1063643336
1063643464
1063643584
1063643824
1063644072
1063644312
1063644440
1063644680
1063645776
1063645904
1063646144
1063646264
1063646752
1063647120
1064585896
1064586016
1064586144
1064586264
1064586384
1064586504
1064586752
1064586872
1064586992
1064587120
1064587240
1064587480
1064587728
1064587848
1064587968
1064588096
1064588216
1064588336
1064588456
1064588704
1064588824
1064588944
1064589312
1064589680
1064589800
1064590408
1064590776
1064761640
1064761768
1064762008
1064762256
1064762376
1064762496
1064762864
1064762984
1064763232
1064763352
1064764080
1064764208
1064764816
1064764936
1064765056
1064765184
1064765672
1064766160
1064766280
1064766520
1064766768
1064766888
1064767136
1064930800
1064931168
1064931288
1064931408
1064931528
1064931656
1064931776
1064932144
1064932384
1064932504
1064932632
1064932752
1064932872
1064933360
1064933480
1064933608
1064933728
1064934096
1064934336
1064934824
1064935072
1064935192
1064935312
1064935680
1064936048
1064936168
1064936288
1064936408
1064936656
1064936776
1064936896
1064937024
1064937144
1064937264
1064937384
1064937632
1064937752
1064938240
1064938360
1064938488
1064938848
1064939216
1064939464
1064939704
1065275576
1065275824
1065276312
1065276432
1065276672
1065277160
1065277288
1065277648
1065277776
1065277896
1065278016
1065278136
1065278264
1065278504
1065278872
1065279360
1065280088
1065280336
1065280456
1065280576
1065280704
1065447968
1065448088
1065448208
1065448328
1065448576
1065448816
1065448944
1065449064
1065449184
1065449304
1065449432
1065449792
1065449920
1065450160
1065450528
1065450648
1065450768
1065451256
1065451384
1065451744
1065452360
1065452480
1065452600
1065452720
1065452848
1065452968
1065453088
1065453208
1065455040
1065878784
1065879152
1065879272
1065879392
1065879640
1065880128
1065880248
1065880616
1065881224
1065881344
1065881472
1066567736
1066567976
1066568096
1066568344
1066568712
1066568832
1066568952
1066569072
1066569320
1066569560
1066569928
1066570048
1066570176
1066570296
1066570416
1066570536
1066570784
1066570904
1066571024
1066571272
1066571392
1066571512
1066571640
1066571760
1066571880
1066572000
1066572248
1066572368
1066573104
1066573224
1066573344
1066573464
1066573592
1066573832
1066574080
1066574200
1066574320
1066574440
1066574568
1066574808
1066575176
1066575296
1066575544
1066575664
1066575904
1066576032
1066576152
1066576392
1066576520
1066576760
1066740064
1066740304
1066740424
1066740552
1066741528
1066741648
1066742136
1066742256
1066742376
1066742504
1066742624
1066742744
1066742992
1066743112
1066743480
1066743720
1066743840
1066743968
1066744696
1066744816
1067085080
1067085328
1067085448
1067085568
1067085696
1067086424
1067086544
1067086792
1067087280
1067087400
1067087520
1067087648
1067087768
1067088136
1067088376
1067088624
1067088744
1067088864
1067088984
1067089600
1067089960
1067090088
1067090208
1067090576
1067090816
1067090936
1067091064
1067091184
1067091304
1067091424
1067091552
1067091672
1067092160
1067092280
1067092400
1067092528
1067092648
1067092768
1067092888
1067093016
1067093136
1067093256
1067093376
1067093504
1067093624
1067259360
1068808856
1068808976
1068809096
1068809216
1068809464
1068809584
1068809704
1068809832
1068809952
1068810072
1068810192
1068810320
1068810440
1068810560
1068810680
1068811296
1068811656
1068811784
1068811904
1068812024
1068812144
1068812272
1068812392
1068812512
1068812760
1068812880
1068813000
1068813120
1068813368
1068813488
1068813608
1068813856
1068813976
1068814096
1068814224
1068814344
1068814464
1068814712
1068814832
1068814952
1068815072
1068815320
1068815560
1068815688
1068815808
1068816048
1068816296
1068816416
1068816664
1068816784
1068816904
1068817024
1069759984
1069760104
1069760224
1069760344
1069760464
1069760592
1069760952
1069761080
1069761320
1069761440
1069762176
