1061311664
1061311784
1061312032
1061312152
1061312272
1061312392
1061312520
1061312640
1061312760
1061312880
1061313008
1061313248
1061313496
1061656320
1061656560
1061656808
1061656928
1061657048
1061657176
1061657296
1061657416
1061657536
1061657664
1061657784
1061657904
1061658024
1061658152
1062173424
1062173544
1062173672
1062173792
1062173912
1062174032
1062174160
1062174400
1062174520
1062174648
1062175136
1062345632
1062345752
1062345872
1062346000
1062346120
1062346240
1062346360
1062346488
1062346608
1062346728
1062346848
1062346976
1062347096
1062347216
1062347336
1062347464
1062518080
1062518200
1062518328
1062518448
1062518568
1062518688
1062518816
1062518936
1062519056
1062519176
1062519304
1062519424
1062519544
1062519664
1062948784
1062948904
1062949024
1062949144
1062949272
1062949392
1062949512
1062949632
1062949760
1062950000
1062950120
1062950248
1062950368
1062950488
1062950608
1063121112
1063121232
1063121352
1063121472
1063121600
1063121720
1063121840
1063121960
1063122088
1063122208
1063122328
1063122448
1063122576
1063122696
1063122816
1063122936
1063465768
1063465888
1063466008
1063466128
1063466256
1063466376
1063466496
1063466616
1063466744
1063466864
1063466984
1063467104
1063467232
1063467352
1063467472
1063467592
1063638096
1063638216
1063638336
1063638456
1063638584
1063638704
1063638824
1063638944
1063639072
1063639192
1063639312
1063639432
1063639560
1063639680
1064585896
1064586016
1064586144
1064586264
1064586384
1064586504
1064586752
1064586872
1064586992
1064587120
1064587240
1064587360
1064587480
1064587608
1064587728
1064930800
1064930920
1064931040
1064931168
1064931288
1064931408
1064931528
1064931656
1064931776
1064931896
1064932016
1064932144
1064932264
1064932384
1065275336
1065275576
1065275696
1065275824
1065275944
1065276064
1065276184
1065276312
1065276432
1065276552
1065276672
1065276800
1065447720
1065447840
1065447968
1065448088
1065448208
1065448328
1065448576
1065448696
1065448816
1065448944
1065449064
1065449184
1065449304
1065878416
1065878544
1065878664
1065878784
1065878904
1065879032
1065879152
1065879272
1065879392
1065879520
1065879640
1065880008
1065880128
1066567736
1066567976
1066568096
1066568224
1066568344
1066568464
1066568584
1066568712
1066568832
1066568952
1066569072
1066569200
1066569320
1066740064
1066740304
1066740424
1066740552
1066740672
1066740792
1066740912
1066741040
1066741160
1066741280
1066741400
1066741528
1066741648
1066741768
1067084720
1067084840
1067084960
1067085080
1067085328
1067085448
1067085568
1067085696
1067085816
1067085936
1067086056
1067086304
1067086424
1067257048
1067257776
1067257896
1067258752
1068808856
1068808976
1068809096
1068809216
1068809344
1068809464
1068809584
1068809704
