1061317272
1061317400
1061317520
1061317640
1061317888
1061318008
1061318128
1061318248
1061318376
1061318496
1061318616
1061318736
1061318864
1061661928
1061662056
1061662176
1061662296
1061662416
1061662904
1061663032
1061663152
1061663272
1061663392
1061663520
1061663640
1062351240
1062351368
1062351488
1062351728
1062351856
1062351976
1062352096
1062352216
1062352344
1062352464
1062352704
1062523568
1062523696
1062523816
1062523936
1062524056
1062524184
1062524304
1062524424
1062524792
1062524912
1062525160
1062783528
1062783776
1062955248
1062955616
1062956104
1063126840
1063126968
1063127088
1063127208
1063127696
1063127944
1063128064
1063128184
1063128304
1063128432
1063472112
1063472232
1063472352
1063472472
1063472720
1063643824
1063644072
1063644312
1063644440
1063644680
1063644928
1063645168
1063645288
1063645416
1064763960
1064764080
1064764208
1064764328
1064764448
1064764568
1064764696
1064764816
1064764936
1064765056
1064765184
1064765304
1064765424
1064936168
1064936288
1064936408
1064936536
1064936656
1064936776
1064936896
1064937024
1064937144
1064937264
1064937384
1064937632
1064937752
1064937872
1065453088
1065453208
1065453576
1066573224
1066573344
1066573464
1066573592
1066573712
1066573832
1066573952
1066574080
1066574200
1066574320
1066574440
1066574568
1066574808
1066574928
1067090208
1067090448
1067090576
1067090696
1067090816
1067090936
1067091064
1067091184
1067091304
1067091424
1067091552
1067091672
1067091912
1068813488
1068813608
1068813856
1068813976
1068814096
1068814224
1068814344
1068814464
1068814584
1068814712
1068814832
1068814952
1068815072
1069761320
1069761440
1069762176
1069762784
1069762904
