1061319472
1061319592
1061319712
1061319840
1061319960
1061320080
1061320200
1061320328
1061320448
1061320568
1061320688
1061663760
1061663880
1061664008
1061664128
1061664368
1061665472
1062353072
1062353192
1062353320
1062353440
1062353560
1062353808
1062354048
1062354296
1062354536
1062354656
1062354784
1062525520
1062525648
1062525888
1062526008
1062526136
1062526256
1062526376
1062526496
1062526624
1062526744
1062526864
1062527112
1062783896
1062784136
1062784264
1062784384
1063128552
1063128672
1063128792
1063128920
1063129040
1063129160
1063129528
1063129648
1063129768
1063130016
1063130136
1063130256
1063473208
1063645536
1063645776
1063645904
1063646024
1063646144
1063646264
1063646392
1063646512
1063646752
1063646880
1063647000
1063647120
1064765672
1064765792
1064765912
1064766160
1064766280
1064766400
1064766520
1064766648
1064766768
1064766888
1064767008
1064767136
1064767376
1064938240
1064938360
1064938488
1064938728
1064938848
1064938976
1064939096
1064939216
1064939336
1064939464
1064939704
1065455040
1065455648
1065456752
1066575056
1066575176
1066575296
1066575416
1066575544
1066575664
1066575784
1066575904
1066576032
1066576152
1066576272
1066576392
1066576520
1066576640
1066576760
1066576880
1067092040
1067092160
1067092280
1067092400
1067092528
1067092648
1067092768
1067092888
1067093016
1067093136
1067093256
1067093376
1067093504
1067093624
1067093864
1068815320
1068815440
1068815560
1068815688
1068815808
1068815928
1068816048
1068816176
1068816296
1068816416
1068816536
1068816664
1068816784
1068816904
1068817024
1069764864
