1061313616
1061313736
1061313856
1061313984
1061314104
1061314224
1061314344
1061314472
1061314592
1061314712
1061314832
1061314960
1061315080
1061315320
1061658272
1061658392
1061658640
1061658760
1061658880
1061659000
1061659128
1061659248
1061659368
1061659488
1061659616
1061659736
1061659856
1061659976
1062175256
1062175376
1062175496
1062175624
1062175744
1062175984
1062176112
1062176232
1062176352
1062176472
1062176600
1062176840
1062347584
1062347704
1062347824
1062347952
1062348072
1062348192
1062348312
1062348440
1062348560
1062348680
1062348928
1062349048
1062349168
1062349288
1062519912
1062520032
1062520152
1062520280
1062520400
1062520520
1062520640
1062520768
1062520888
1062521008
1062521128
1062521256
1062521376
1062521496
1062779016
1062779136
1062779256
1062779384
1062779504
1062779624
1062779872
1062779992
1062780112
1062950736
1062950856
1062950976
1062951096
1062951224
1062951344
1062951464
1062951584
1062951712
1062951832
1062951952
1062952072
1062952200
1062952320
1062952440
1063123064
1063123184
1063123304
1063123552
1063123672
1063123792
1063124040
1063124160
1063124400
1063124528
1063124648
1063124768
1063467720
1063468080
1063468208
1063468328
1063468448
1063468568
1063468696
1063468816
1063468936
1063469056
1063469304
1063469424
1063640048
1063640168
1063640288
1063640408
1063640656
1063640896
1063641024
1063641264
1063641384
1063641512
1063641632
1063641752
1064587848
1064587968
1064588096
1064588216
1064588336
1064588456
1064588704
1064588824
1064588944
1064589072
1064589192
1064589312
1064589432
1064589560
1064761640
1064761768
1064761888
1064932504
1064932632
1064932752
1064932872
1064933120
1064933240
1064933360
1064933480
1064933608
1064933728
1064933968
1064934096
1064934216
1065277160
1065277288
1065277408
1065277528
1065277648
1065277776
1065277896
1065278016
1065278136
1065278264
1065278384
1065278504
1065278624
1065278752
1065278872
1065449432
1065449552
1065449672
1065449792
1065449920
1065450160
1065450280
1065450408
1065450528
1065450648
1065450768
1065451016
1065451136
1065880248
1065880368
1065880496
1065880616
1065880736
1065880856
1065881104
1065881224
1065881344
1065881472
1066569560
1066569688
1066569808
1066569928
1066570048
1066570176
1066570296
1066570416
1066570536
1066570664
1066570784
1066570904
1066571024
1066571152
1066571272
1066741888
1066742016
1066742136
1066742256
1066742376
1066742504
1066742624
1066742744
1066742992
1066743112
1066743232
1066743352
1066743480
1066743600
1067086544
1067086792
1067086912
1067087032
1067087160
1067087280
1067087400
1067087520
1067087648
1067087768
1067087888
1067088008
1067088136
1067259000
1067259120
1067259360
1067259848
1067260096
1067260336
1067260464
1068809832
1068809952
1068810072
1068810192
1068810320
1068810440
1068810560
1068810680
1068810808
1068810928
1068811048
1068811296
1068811416
1068811536
