1061315448
1061315568
1061315808
1061315936
1061316056
1061316296
1061316424
1061316544
1061316664
1061316784
1061316912
1061317032
1061317152
1061660104
1061660224
1061660344
1061660464
1061660592
1061660712
1061660832
1061661080
1061661200
1061661320
1061661440
1061661568
1061661688
1061661808
1062349416
1062349536
1062349656
1062349776
1062349904
1062350024
1062350144
1062350264
1062350392
1062350512
1062350632
1062350752
1062350880
1062351000
1062351120
1062521744
1062521984
1062522104
1062522232
1062522472
1062522592
1062522720
1062522840
1062522960
1062523328
1062523448
1062780232
1062780480
1062780600
1062780720
1062780848
1062780968
1062781088
1062781576
1062952560
1062952688
1062952808
1062952928
1062953048
1062953176
1062953296
1062953416
1062953536
1062953664
1062953784
1062953904
1062954024
1062954152
1062954272
1063124888
1063125016
1063125136
1063125256
1063125376
1063125504
1063125624
1063125744
1063125864
1063126112
1063126232
1063126352
1063126480
1063126600
1063469544
1063469672
1063469912
1063470032
1063470160
1063470280
1063470400
1063470520
1063470648
1063470768
1063470888
1063471008
1063471136
1063641872
1063642000
1063642120
1063642240
1063642360
1063642488
1063642608
1063642728
1063642848
1063642976
1063643096
1063643216
1063643336
1063643464
1063643584
1064589680
1064589800
1064590048
1064590168
1064590408
1064590776
1064762008
1064762256
1064762376
1064762496
1064762616
1064762744
1064762864
1064762984
1064763104
1064763232
1064763352
1064763472
1064763592
1064763720
1064934336
1064934584
1064934704
1064934824
1064934944
1064935072
1064935192
1064935312
1064935680
1064935800
1064935920
1064936048
1065278992
1065279112
1065279240
1065279360
1065279600
1065279728
1065279968
1065280088
1065280216
1065280336
1065280456
1065280576
1065280704
1065451256
1065451384
1065451504
1065451624
1065451744
1065452232
1065452360
1065452480
1065452600
1065452720
1065452848
1065452968
1066571392
1066571512
1066571640
1066571760
1066571880
1066572000
1066572248
1066572368
1066572736
1066572856
1066572976
1066573104
1066743720
1066743840
1066743968
1066744696
1066744816
1067088376
1067088496
1067088624
1067088744
1067088864
1067088984
1067089472
1067089600
1067089960
1067090088
1068811656
1068811784
1068811904
1068812024
1068812144
1068812272
1068812392
1068812512
1068812632
1068812760
1068812880
1068813000
1068813120
1068813368
1069759856
1069759984
1069760104
1069760224
1069760344
1069760464
1069760592
1069760712
1069760832
1069760952
1069761080
1069761200
