1061311664
1061311784
1061312032
1061312152
1061312272
1061312392
1061312520
1061312640
1061312760
1061312880
1061313008
1061313248
1061313496
1061313616
1061313736
1061313856
1061313984
1061314104
1061314224
1061314344
1061314472
1061314592
1061314712
1061314832
1061314960
1061315080
1061315320
1061315448
1061315568
1061315808
1061315936
1061316056
1061316296
1061316424
1061316544
1061316664
1061316784
1061316912
1061317032
1061317152
1061317272
1061317400
1061317520
1061317640
1061317888
1061318008
1061318128
1061318248
1061318376
1061318496
1061318616
1061318736
1061318864
1061319472
1061319592
1061319712
1061319840
1061319960
1061320080
1061320200
1061320328
1061320448
1061320568
1061320688
1061656320
1061656560
1061656808
1061656928
1061657048
1061657176
1061657296
1061657416
1061657536
1061657664
1061657784
1061657904
1061658024
1061658152
1061658272
1061658392
1061658640
1061658760
1061658880
1061659000
1061659128
1061659248
1061659368
1061659488
1061659616
1061659736
1061659856
1061659976
1061660104
1061660224
1061660344
1061660464
1061660592
1061660712
1061660832
1061661080
1061661200
1061661320
1061661440
1061661568
1061661688
1061661808
1061661928
1061662056
1061662176
1061662296
1061662416
1061662904
1061663032
1061663152
1061663272
1061663392
1061663520
1061663640
1061663760
1061663880
1061664008
1061664128
1061664368
1061665472
1062173424
1062173544
1062173672
1062173792
1062173912
1062174032
1062174160
1062174400
1062174520
1062174648
1062175136
1062175256
1062175376
1062175496
1062175624
1062175744
1062175984
1062176112
1062176232
1062176352
1062176472
1062176600
1062176840
1062345632
1062345752
1062345872
1062346000
1062346120
1062346240
1062346360
1062346488
1062346608
1062346728
1062346848
1062346976
1062347096
1062347216
1062347336
1062347464
1062347584
1062347704
1062347824
1062347952
1062348072
1062348192
1062348312
1062348440
1062348560
1062348680
1062348928
1062349048
1062349168
1062349288
1062349416
1062349536
1062349656
1062349776
1062349904
1062350024
1062350144
1062350264
1062350392
1062350512
1062350632
1062350752
1062350880
1062351000
1062351120
1062351240
1062351368
1062351488
1062351728
1062351856
1062351976
1062352096
1062352216
1062352344
1062352464
1062352704
1062353072
1062353192
1062353320
1062353440
1062353560
1062353808
1062354048
1062354296
1062354536
1062354656
1062354784
1062518080
1062518200
1062518328
1062518448
1062518568
1062518688
1062518816
1062518936
1062519056
1062519176
1062519304
1062519424
1062519544
1062519664
1062519912
1062520032
1062520152
1062520280
1062520400
1062520520
1062520640
1062520768
1062520888
1062521008
1062521128
1062521256
1062521376
1062521496
1062521744
1062521984
1062522104
1062522232
1062522472
1062522592
1062522720
1062522840
1062522960
1062523328
1062523448
1062523568
1062523696
1062523816
1062523936
1062524056
1062524184
1062524304
1062524424
1062524792
1062524912
1062525160
1062525520
1062525648
1062525888
1062526008
1062526136
1062526256
1062526376
1062526496
1062526624
1062526744
1062526864
1062527112
1062779016
1062779136
1062779256
1062779384
1062779504
1062779624
1062779872
1062779992
1062780112
1062780232
1062780480
1062780600
1062780720
1062780848
1062780968
1062781088
1062781576
1062783528
1062783776
1062783896
1062784136
1062784264
1062784384
1062948784
1062948904
1062949024
1062949144
1062949272
1062949392
1062949512
1062949632
1062949760
1062950000
1062950120
1062950248
1062950368
1062950488
1062950608
1062950736
1062950856
1062950976
1062951096
1062951224
1062951344
1062951464
1062951584
1062951712
1062951832
1062951952
1062952072
1062952200
1062952320
1062952440
1062952560
1062952688
1062952808
1062952928
1062953048
1062953176
1062953296
1062953416
1062953536
1062953664
1062953784
1062953904
1062954024
1062954152
1062954272
1062955248
1062955616
1062956104
1063121112
1063121232
1063121352
1063121472
1063121600
1063121720
1063121840
1063121960
1063122088
1063122208
1063122328
1063122448
1063122576
1063122696
1063122816
1063122936
1063123064
1063123184
1063123304
1063123552
1063123672
1063123792
1063124040
1063124160
1063124400
1063124528
1063124648
1063124768
1063124888
1063125016
1063125136
1063125256
1063125376
1063125504
1063125624
1063125744
1063125864
1063126112
1063126232
1063126352
1063126480
1063126600
1063126840
1063126968
1063127088
1063127208
1063127696
1063127944
1063128064
1063128184
1063128304
1063128432
1063128552
1063128672
1063128792
1063128920
1063129040
1063129160
1063129528
1063129648
1063129768
1063130016
1063130136
1063130256
1063465768
1063465888
1063466008
1063466128
1063466256
1063466376
1063466496
1063466616
1063466744
1063466864
1063466984
1063467104
1063467232
1063467352
1063467472
1063467592
1063467720
1063468080
1063468208
1063468328
1063468448
1063468568
1063468696
1063468816
1063468936
1063469056
1063469304
1063469424
1063469544
1063469672
1063469912
1063470032
1063470160
1063470280
1063470400
1063470520
1063470648
1063470768
1063470888
1063471008
1063471136
1063472112
1063472232
1063472352
1063472472
1063472720
1063473208
1063638096
1063638216
1063638336
1063638456
1063638584
1063638704
1063638824
1063638944
1063639072
1063639192
1063639312
1063639432
1063639560
1063639680
1063640048
1063640168
1063640288
1063640408
1063640656
1063640896
1063641024
1063641264
1063641384
1063641512
1063641632
1063641752
1063641872
1063642000
1063642120
1063642240
1063642360
1063642488
1063642608
1063642728
1063642848
1063642976
1063643096
1063643216
1063643336
1063643464
1063643584
1063643824
1063644072
1063644312
1063644440
1063644680
1063644928
1063645168
1063645288
1063645416
1063645536
1063645776
1063645904
1063646024
1063646144
1063646264
1063646392
1063646512
1063646752
1063646880
1063647000
1063647120
1064585896
1064586016
1064586144
1064586264
1064586384
1064586504
1064586752
1064586872
1064586992
1064587120
1064587240
1064587360
1064587480
1064587608
1064587728
1064587848
1064587968
1064588096
1064588216
1064588336
1064588456
1064588704
1064588824
1064588944
1064589072
1064589192
1064589312
1064589432
1064589560
1064589680
1064589800
1064590048
1064590168
1064590408
1064590776
1064761640
1064761768
1064761888
1064762008
1064762256
1064762376
1064762496
1064762616
1064762744
1064762864
1064762984
1064763104
1064763232
1064763352
1064763472
1064763592
1064763720
1064763960
1064764080
1064764208
1064764328
1064764448
1064764568
1064764696
1064764816
1064764936
1064765056
1064765184
1064765304
1064765424
1064765672
1064765792
1064765912
1064766160
1064766280
1064766400
1064766520
1064766648
1064766768
1064766888
1064767008
1064767136
1064767376
1064930800
1064930920
1064931040
1064931168
1064931288
1064931408
1064931528
1064931656
1064931776
1064931896
1064932016
1064932144
1064932264
1064932384
1064932504
1064932632
1064932752
1064932872
1064933120
1064933240
1064933360
1064933480
1064933608
1064933728
1064933968
1064934096
1064934216
1064934336
1064934584
1064934704
1064934824
1064934944
1064935072
1064935192
1064935312
1064935680
1064935800
1064935920
1064936048
1064936168
1064936288
1064936408
1064936536
1064936656
1064936776
1064936896
1064937024
1064937144
1064937264
1064937384
1064937632
1064937752
1064937872
1064938240
1064938360
1064938488
1064938728
1064938848
1064938976
1064939096
1064939216
1064939336
1064939464
1064939704
1065275336
1065275576
1065275696
1065275824
1065275944
1065276064
1065276184
1065276312
1065276432
1065276552
1065276672
1065276800
1065277160
1065277288
1065277408
1065277528
1065277648
1065277776
1065277896
1065278016
1065278136
1065278264
1065278384
1065278504
1065278624
1065278752
1065278872
1065278992
1065279112
1065279240
1065279360
1065279600
1065279728
1065279968
1065280088
1065280216
1065280336
1065280456
1065280576
1065280704
1065447720
1065447840
1065447968
1065448088
1065448208
1065448328
1065448576
1065448696
1065448816
1065448944
1065449064
1065449184
1065449304
1065449432
1065449552
1065449672
1065449792
1065449920
1065450160
1065450280
1065450408
1065450528
1065450648
1065450768
1065451016
1065451136
1065451256
1065451384
1065451504
1065451624
1065451744
1065452232
1065452360
1065452480
1065452600
1065452720
1065452848
1065452968
1065453088
1065453208
1065453576
1065455040
1065455648
1065456752
1065878416
1065878544
1065878664
1065878784
1065878904
1065879032
1065879152
1065879272
1065879392
1065879520
1065879640
1065880008
1065880128
1065880248
1065880368
1065880496
1065880616
1065880736
1065880856
1065881104
1065881224
1065881344
1065881472
1066567736
1066567976
1066568096
1066568224
1066568344
1066568464
1066568584
1066568712
1066568832
1066568952
1066569072
1066569200
1066569320
1066569560
1066569688
1066569808
1066569928
1066570048
1066570176
1066570296
1066570416
1066570536
1066570664
1066570784
1066570904
1066571024
1066571152
1066571272
1066571392
1066571512
1066571640
1066571760
1066571880
1066572000
1066572248
1066572368
1066572736
1066572856
1066572976
1066573104
1066573224
1066573344
1066573464
1066573592
1066573712
1066573832
1066573952
1066574080
1066574200
1066574320
1066574440
1066574568
1066574808
1066574928
1066575056
1066575176
1066575296
1066575416
1066575544
1066575664
1066575784
1066575904
1066576032
1066576152
1066576272
1066576392
1066576520
1066576640
1066576760
1066576880
1066740064
1066740304
1066740424
1066740552
1066740672
1066740792
1066740912
1066741040
1066741160
1066741280
1066741400
1066741528
1066741648
1066741768
1066741888
1066742016
1066742136
1066742256
1066742376
1066742504
1066742624
1066742744
1066742992
1066743112
1066743232
1066743352
1066743480
1066743600
1066743720
1066743840
1066743968
1066744696
1066744816
1067084720
1067084840
1067084960
1067085080
1067085328
1067085448
1067085568
1067085696
1067085816
1067085936
1067086056
1067086304
1067086424
1067086544
1067086792
1067086912
1067087032
1067087160
1067087280
1067087400
1067087520
1067087648
1067087768
1067087888
1067088008
1067088136
1067088376
1067088496
1067088624
1067088744
1067088864
1067088984
1067089472
1067089600
1067089960
1067090088
1067090208
1067090448
1067090576
1067090696
1067090816
1067090936
1067091064
1067091184
1067091304
1067091424
1067091552
1067091672
1067091912
1067092040
1067092160
1067092280
1067092400
1067092528
1067092648
1067092768
1067092888
1067093016
1067093136
1067093256
1067093376
1067093504
1067093624
1067093864
1067257048
1067257776
1067257896
1067258752
1067259000
1067259120
1067259360
1067259848
1067260096
1067260336
1067260464
1068808856
1068808976
1068809096
1068809216
1068809344
1068809464
1068809584
1068809704
1068809832
1068809952
1068810072
1068810192
1068810320
1068810440
1068810560
1068810680
1068810808
1068810928
1068811048
1068811296
1068811416
1068811536
1068811656
1068811784
1068811904
1068812024
1068812144
1068812272
1068812392
1068812512
1068812632
1068812760
1068812880
1068813000
1068813120
1068813368
1068813488
1068813608
1068813856
1068813976
1068814096
1068814224
1068814344
1068814464
1068814584
1068814712
1068814832
1068814952
1068815072
1068815320
1068815440
1068815560
1068815688
1068815808
1068815928
1068816048
1068816176
1068816296
1068816416
1068816536
1068816664
1068816784
1068816904
1068817024
1069759856
1069759984
1069760104
1069760224
1069760344
1069760464
1069760592
1069760712
1069760832
1069760952
1069761080
1069761200
1069761320
1069761440
1069762176
1069762784
1069762904
1069764864
