1130791984
1130791864
1130791744
1130791624
1130791504
1130791384
1130791264
1130791144
1130791024
1130790904
1130790784
1130790664
1130790544
1130790424
1130790304
1130790184
1130790064
1130789944
1130789824
1130789704
1130789584
1130789464
1130789344
1130789224
1130789104
1130788984
1130788864
1130788744
1130788624
1130788504
1130788384
1130788264
1130788144
1130788024
1130787904
1130787784
1130787664
1130787544
1130787424
1130787304
1130787184
1130787064
1130786944
1130786824
1130786464
1130786344
1130786224
1130786104
1130785984
1130785864
1130785744
1130785624
1130785504
1130785384
1130785264
1130785144
1130785024
1130784904
1130784784
1130784664
1130784544
1130784424
1130784304
1130784184
1130784064
1130783944
1130783824
1130783704
1130783584
1130783464
1130783344
1130783224
1130783104
1130782984
1130782864
1130782744
1130782624
1130782504
1130782384
1130782264
1130782144
1130782024
1130781904
1130781784
1130781664
1130781544
1130781424
1130781304
1130781184
1130781064
1130780944
1130780824
1130780704
1130780584
1130780464
1130780344
1130780224
1130780104
1130779984
1130779864
1130779744
1130779624
1130779504
1130779384
1130779264
1130779144
1130779024
1130778904
1130778784
1130778664
1130778544
1130778424
1130778304
1130778184
1130778064
1130777944
1130777824
1130777704
1130777584
1130777464
1130777344
1130777224
1130777104
1130776984
1130776864
1130776744
1130776624
1130776504
1130776384
1130776264
1130776144
1130776024
1130775904
1130775784
1130775664
1130775544
1130775424
1130775304
1130775184
1130775064
1130774944
1130774824
1130774704
1130774584
1130774464
1130774344
1130774224
1130774104
1130773984
1130773864
1130773744
1130773624
1130773504
1130773384
1130773264
1130773144
1130773024
1130772904
1131482976
1131482856
1131482736
1131482616
1131482496
1131482376
1131482256
1131478776
1131478656
1131478536
1131478416
1131478296
1131478176
1131478056
1131477936
1131477816
1131477696
1131477576
1131477456
1131477336
1131477216
1131477096
1131476736
1131476616
1131476496
1131476376
1131476256
1131476136
1131476016
1131475896
1131475776
1131475656
1131475536
1131475416
1131475296
1131475176
1131475056
1131474936
1131474816
1131474696
1131474576
1131474456
1131474336
1131474216
1131474096
1131473976
1131473856
1131473736
1131473616
1131473496
1131473376
1131473256
1131473136
1131473016
1131472896
1131472776
1131472656
1131472536
1131472416
1131472296
1131472176
1131472056
1131471936
1131471816
1131471696
1131471576
1131471456
1131471336
1131471216
1131471096
1131470976
1131470856
1131470736
1131470616
1131470496
1131470376
1131470256
1131470136
1131470016
1131469896
1131469776
1131469656
1131469536
1131469416
1131469296
1131469176
1131469056
1131468936
1131468816
1131468696
1131468576
1131468456
1131468336
1131468216
1131468096
1131467976
1131467856
1131467736
1131467616
1131467496
1131467376
1131467256
1131467136
1131467016
1131466896
1131466776
1131466656
1131466536
1131466416
1131466296
1131466176
1131466056
1131465936
1131465816
1131465696
1131465576
1131465456
1131465336
1131465216
1131465096
1131464976
1131464856
1131464736
1131464616
1131464496
1131464376
1131464256
1131464136
1131464016
1131463896
1131463776
1131463656
1131463536
1131463416
1131463296
1131463176
1131463056
1131462936
1131462816
1131462696
1131462576
1131462216
1131462096
1131461976
1131461856
1131461736
1131461616
1131461496
1131461376
1131461256
1131461136
1131461016
1131460896
1131460776
1131460656
1131460536
1131460416
1131460296
1131460176
1131460056
1131459936
1131459816
1131459696
1131459576
1131459456
1131459336
1131459216
1131459096
1131458976
1131458856
1131458736
1131458616
1131458496
1131458376
1131458256
1131458136
1131458016
1131457896
1131457776
1131457656
1131457536
1131457416
1131457296
1131457176
1131457056
1131456936
1131456816
1131456696
1131456576
1131456456
1131456336
1131456216
1131456096
1131455976
1131455856
1131455736
1131455616
1131455496
1131455376
1131455256
1131455136
1131455016
1131454896
1131454776
1131454656
1131454536
1131454416
1131454296
1131454176
1131454056
1131453936
1131453816
1131453696
1131453576
1131453456
1131453336
1131453216
1131453096
1131569384
1131569264
1131569144
1131569024
1131568904
1131568784
1131568664
1131568544
1131568424
1131568304
1131568184
1131568064
1131567944
1131567824
1131567704
1131567584
1131567464
1131567344
1131567224
1131567104
1131566984
1131566864
1131566744
1131566624
1131566504
1131566384
1131566264
1131566144
1131566024
1131565904
1131565784
1131565664
1131565544
1131565424
1131565304
1131565184
1131565064
1131564944
1131564824
1131564704
1131564584
1131564464
1131564344
1131564224
1131564104
1131563984
1131563864
1131563744
1131563624
1131563264
1131563144
1131563024
1131562904
1131562784
1131562664
1131562544
1131562424
1131562304
1131562184
1131562064
1131561944
1131561824
1131561704
1131561584
1131561464
1131561344
1131561224
1131561104
1131560984
1131560864
1131560744
1131560624
1131560504
1131560384
1131560264
1131560144
1131560024
1131559904
1131559784
1131559664
1131559544
1131559424
1131559304
1131559184
1131559064
1131558944
1131558824
1131558704
1131558584
1131558464
1131558344
1131558224
1131558104
1131557984
1131557864
1131557744
1131557624
1131557504
1131557384
1131557264
1131557144
1131557024
1131556904
1131556784
1131556664
1131556544
1131556424
1131556304
1131556184
1131556064
1131555944
1131555824
1131555704
1131555584
1131555464
1131555344
1131555224
1131555104
1131554984
1131554864
1131554744
1131554624
1131554504
1131554384
1131554264
1131554144
1131554024
1131553904
1131553784
1131553664
1131553544
1131553424
1131553304
1131553184
1131553064
1131552944
1131552824
1131552704
1131552584
1131552464
1131552344
1131552224
1131552104
1131551984
1131551864
1131551744
1131551624
1131551504
1131551384
1131551264
1131551144
1131551024
1131550904
1131550784
1131550664
1131550544
1131550424
1131550304
1131550184
1131550064
1131549944
1131549824
1131549704
1131549584
1131549464
1131549344
1131549224
1131549104
1131548744
1131548624
1131548504
1131548384
1131548264
1131548144
1131548024
1131547904
1131547784
1131547664
1131547544
1131547424
1131547304
1131547184
1131547064
1131546944
1131546824
1131546704
1131546584
1131546464
1131546344
1131546224
1131546104
1131545984
1131545864
1131545744
1131545624
1131545504
1131545384
1131545264
1131545144
1131545024
1131544904
1131544784
1131544664
1131544544
1131544424
1131544304
1131544184
1131544064
1131543944
1131543824
1131543704
1131543584
1131543464
1131543344
1131543224
1131543104
1131542984
1131542864
1131542744
1131542624
1131542504
1131542384
1131542264
1131542144
1131542024
1131541904
1131541784
1131541664
1131541544
1131541424
1131541304
1131541184
1131541064
1131540944
1131540824
1131540704
1131540584
1131540464
1131540344
1131540224
1131540104
1131539984
1131539864
1131539744
1131539624
1131539504
1131539384
1131539264
1131539144
1131539024
1131538904
1131538784
1131538664
1131538544
1131538424
1131538304
1131538184
1131538064
1131537944
1131537824
1131537704
1131537584
1131537464
1131537344
1131537224
1131537104
1131536984
1131536864
1131536744
1131536624
1131536504
1131536384
1131536264
1131536144
1131536024
1131535904
1131535784
1131535664
1131535544
1131535424
1131535304
1131535184
1131535064
1131534944
1131534824
1131534704
1131534584
1131742072
1131741952
1131741832
1131741712
1131741592
1131741472
1131741352
1131741232
1131741112
1131740992
1131740872
1131740752
1131740632
1131740512
1131740392
1131740272
1131740152
1131740032
1131739912
1131739792
1131739672
1131739552
1131739432
1131739312
1131739192
1131739072
1131738952
1131738928
1131736912
1131736792
1131736672
1131736552
1131736432
1131736072
1131735952
1131735832
1131735712
1131735592
1131735472
1131735352
1131735232
1131735112
1131734992
1131734872
1131734752
1131734632
1131734512
1131734392
1131734272
1131734152
1131734032
1131733912
1131733792
1131733672
1131733552
1131733432
1131733312
1131733192
1131733072
1131732952
1131732832
1131732712
1131732592
1131732472
1131732352
1131732232
1131732112
1131731992
1131731872
1131731752
1131731632
1131731512
1131731392
1131731272
1131731152
1131731032
1131730912
1131730792
1131730672
1131730552
1131730432
1131730312
1131730192
1131730072
1131729952
1131729832
1131729712
1131729592
1131729472
1131729352
1131729232
1131729112
1131728992
1131728872
1131728752
1131728632
1131728512
1131728392
1131728272
1131728152
1131728032
1131727912
1131727792
1131727672
1131727552
1131727432
1131727312
1131727192
1131727072
1131726952
1131726832
1131726712
1131726592
1131726472
1131726352
1131726232
1131726112
1131725992
1131725872
1131725752
1131725632
1131725512
1131725392
1131725272
1131725152
1131725032
1131724912
1131724792
1131724672
1131724552
1131724432
1131724312
1131724192
1131724072
1131723952
1131723832
1131723712
1131723592
1131723472
1131723352
1131723232
1131723112
1131722992
1131722872
1131722752
1131722632
1131722512
1131722392
1131722272
1131722152
1131722032
1131721912
1131721552
1131721432
1131721312
1131721192
1131721072
1131720952
1131720832
1131720712
1131720592
1131720472
1131720352
1131720232
1131720112
1131719992
1131719872
1131719752
1131719632
1131719512
1131719392
1131719272
1131719152
1131719032
1131718912
1131718792
1131718672
1131718552
1131718432
1131718312
1131718192
1131718072
1131717952
1131717832
1131717712
1131717592
1131717472
1131717352
1131717232
1131717112
1131716992
1131716872
1131716752
1131716632
1131716512
1131716392
1131716272
1131716152
1131716032
1131715912
1131715792
1131715672
1131715552
1131715432
1131715312
1131715192
1131715072
1131714952
1131714832
1131714712
1131714592
1131714472
1131714352
1131714232
1131714112
1131713992
1131713872
1131713752
1131713632
1131713512
1131713392
1131713272
1131713152
1131713032
1131712912
1131712792
1131712672
1131712552
1131712432
1131712312
1131712192
1131712072
1131711952
1131711832
1131711712
1131711592
1131711472
1131711352
1131711232
1131711112
1131710992
1131710872
1131710752
1131710632
1131710512
1131710392
1131710272
1131710152
1131710032
1131709912
1131709792
1131709672
1131709552
1131709432
1131709312
1131709192
1131709072
1131708952
1131708832
1131708712
1131708592
1131708472
1131708352
1131708232
1131708112
1131707992
1131707872
1131707752
1131707632
1131707512
1131707392
