1158520280
1158520160
1158520040
1158519920
1158519800
1158519680
1158519560
1158519440
1158519320
1158519200
1158519080
1158518960
1158518840
1158518720
1158518600
1158518480
1158518360
1158518240
1158518120
1158518000
1158517880
1158517760
1158517640
1158517520
1158517400
1158517280
1158517160
1158517040
1158516920
1158510240
1158510120
1158510000
1158509880
1158509760
1158509640
1158509520
1158509400
1158509280
1158509160
1158509040
1158508920
1158508800
1158508680
1158508560
1158502176
1158456008
1158387152
