   0.0000000e+00   0.0000000e+00   5.0239939e-02
   0.0000000e+00   1.0000000e+00   2.0109973e-03
   0.0000000e+00   2.0000000e+00   2.0790306e-02
   0.0000000e+00   3.0000000e+00  -4.0674102e-04
   0.0000000e+00   4.0000000e+00   7.3493046e-04
   0.0000000e+00   5.0000000e+00   3.1071749e-04
   0.0000000e+00   6.0000000e+00  -2.1994546e-03
   0.0000000e+00   7.0000000e+00  -2.6230428e-04
   0.0000000e+00   8.0000000e+00   4.6371784e-04
   0.0000000e+00   9.0000000e+00   1.5152536e-04
   0.0000000e+00   1.0000000e+01   2.1859925e-04
   0.0000000e+00   1.1000000e+01   2.5551957e-05
   0.0000000e+00   1.2000000e+01  -2.1784852e-05
   0.0000000e+00   1.3000000e+01   7.4509923e-05
   0.0000000e+00   1.4000000e+01  -1.5699109e-04
   0.0000000e+00   1.5000000e+01  -1.9929838e-04
   0.0000000e+00   1.6000000e+01   1.8223244e-04
   0.0000000e+00   1.7000000e+01   2.3619026e-04
   0.0000000e+00   1.8000000e+01  -1.2733523e-04
   0.0000000e+00   1.9000000e+01  -1.8791642e-04
   0.0000000e+00   2.0000000e+01   5.2113920e-05
   0.0000000e+00   2.1000000e+01   1.0023442e-04
   0.0000000e+00   2.2000000e+01   1.9003281e-05
   0.0000000e+00   2.3000000e+01  -2.2051674e-05
   0.0000000e+00   2.4000000e+01  -8.2137067e-05
   0.0000000e+00   2.5000000e+01  -2.6931018e-05
   1.0000000e+00   0.0000000e+00   9.5401936e-03
   1.0000000e+00   1.0000000e+00   1.9386771e-03
   1.0000000e+00   2.0000000e+00  -1.1510803e-03
   1.0000000e+00   3.0000000e+00  -1.9097499e-03
   1.0000000e+00   4.0000000e+00  -1.1803868e-04
   1.0000000e+00   5.0000000e+00   3.2421258e-04
   1.0000000e+00   6.0000000e+00   1.2893616e-04
   1.0000000e+00   7.0000000e+00  -6.0354459e-05
   1.0000000e+00   8.0000000e+00  -1.3693354e-04
   1.0000000e+00   9.0000000e+00   9.3722638e-05
   1.0000000e+00   1.0000000e+01  -7.8843334e-05
   1.0000000e+00   1.1000000e+01   4.8784534e-05
   1.0000000e+00   1.2000000e+01   2.0584682e-04
   1.0000000e+00   1.3000000e+01  -7.6941309e-05
   1.0000000e+00   1.4000000e+01  -1.5588540e-04
   1.0000000e+00   1.5000000e+01  -1.8241842e-05
   1.0000000e+00   1.6000000e+01   9.0714239e-05
   1.0000000e+00   1.7000000e+01   1.0355579e-04
   1.0000000e+00   1.8000000e+01  -8.4944382e-05
   1.0000000e+00   1.9000000e+01  -1.0461775e-04
   1.0000000e+00   2.0000000e+01   9.9677002e-05
   1.0000000e+00   2.1000000e+01   4.2183542e-05
   1.0000000e+00   2.2000000e+01  -8.4896157e-05
   1.0000000e+00   2.3000000e+01   2.4165222e-05
   1.0000000e+00   2.4000000e+01   3.5434115e-05
   2.0000000e+00   0.0000000e+00  -6.3219437e-04
   2.0000000e+00   1.0000000e+00   6.6185789e-04
   2.0000000e+00   2.0000000e+00  -4.8220427e-03
   2.0000000e+00   3.0000000e+00   8.9276486e-04
   2.0000000e+00   4.0000000e+00   5.2640704e-04
   2.0000000e+00   5.0000000e+00   2.7582906e-05
   2.0000000e+00   6.0000000e+00   3.9965858e-04
   2.0000000e+00   7.0000000e+00  -2.1258365e-04
   2.0000000e+00   8.0000000e+00   2.7463228e-04
   2.0000000e+00   9.0000000e+00   9.9337915e-05
   2.0000000e+00   1.0000000e+01  -4.3653684e-04
   2.0000000e+00   1.1000000e+01  -4.8531985e-05
   2.0000000e+00   1.2000000e+01   1.8893987e-04
   2.0000000e+00   1.3000000e+01  -8.2343274e-05
   2.0000000e+00   1.4000000e+01  -1.0854594e-05
   2.0000000e+00   1.5000000e+01   1.5407564e-04
   2.0000000e+00   1.6000000e+01  -3.7037579e-05
   2.0000000e+00   1.7000000e+01  -1.5094959e-04
   2.0000000e+00   1.8000000e+01   1.9406421e-06
   2.0000000e+00   1.9000000e+01   1.0873316e-04
   2.0000000e+00   2.0000000e+01   4.4879390e-05
   2.0000000e+00   2.1000000e+01  -5.9691951e-05
   2.0000000e+00   2.2000000e+01  -5.7819023e-05
   2.0000000e+00   2.3000000e+01   2.5653569e-05
   3.0000000e+00   0.0000000e+00  -1.5606131e-02
   3.0000000e+00   1.0000000e+00  -4.4247162e-03
   3.0000000e+00   2.0000000e+00  -2.8106689e-03
   3.0000000e+00   3.0000000e+00  -5.2377625e-04
   3.0000000e+00   4.0000000e+00  -1.3399768e-03
   3.0000000e+00   5.0000000e+00  -3.8024756e-04
   3.0000000e+00   6.0000000e+00   1.9415151e-04
   3.0000000e+00   7.0000000e+00   6.0593520e-06
   3.0000000e+00   8.0000000e+00  -5.9373037e-05
   3.0000000e+00   9.0000000e+00   8.8142481e-05
   3.0000000e+00   1.0000000e+01   1.8003079e-04
   3.0000000e+00   1.1000000e+01  -2.1916687e-05
   3.0000000e+00   1.2000000e+01  -2.3991911e-04
   3.0000000e+00   1.3000000e+01  -3.0577618e-05
   3.0000000e+00   1.4000000e+01   1.5672659e-04
   3.0000000e+00   1.5000000e+01   7.0051586e-05
   3.0000000e+00   1.6000000e+01  -8.2671014e-05
   3.0000000e+00   1.7000000e+01  -9.5369120e-05
   3.0000000e+00   1.8000000e+01   8.2848962e-05
   3.0000000e+00   1.9000000e+01   7.7868490e-05
   3.0000000e+00   2.0000000e+01  -9.5663055e-05
   3.0000000e+00   2.1000000e+01  -2.6205565e-05
   3.0000000e+00   2.2000000e+01   6.5420293e-05
   4.0000000e+00   0.0000000e+00   8.7932604e-03
   4.0000000e+00   1.0000000e+00   2.8517204e-03
   4.0000000e+00   2.0000000e+00   4.3751665e-03
   4.0000000e+00   3.0000000e+00   1.6661082e-03
   4.0000000e+00   4.0000000e+00   6.3941599e-04
   4.0000000e+00   5.0000000e+00   4.2240492e-04
   4.0000000e+00   6.0000000e+00  -2.0328210e-05
   4.0000000e+00   7.0000000e+00   4.3856878e-04
   4.0000000e+00   8.0000000e+00  -1.3238080e-04
   4.0000000e+00   9.0000000e+00  -5.7097265e-04
   4.0000000e+00   1.0000000e+01   1.0578083e-04
   4.0000000e+00   1.1000000e+01   1.6428889e-04
   4.0000000e+00   1.2000000e+01  -4.3471948e-05
   4.0000000e+00   1.3000000e+01   7.7534940e-05
   4.0000000e+00   1.4000000e+01   7.6364745e-05
   4.0000000e+00   1.5000000e+01  -1.0788002e-04
   4.0000000e+00   1.6000000e+01  -9.4320974e-05
   4.0000000e+00   1.7000000e+01   1.0402682e-04
   4.0000000e+00   1.8000000e+01   7.5212086e-05
   4.0000000e+00   1.9000000e+01  -9.7840586e-05
   4.0000000e+00   2.0000000e+01  -5.8881188e-05
   4.0000000e+00   2.1000000e+01   7.1740404e-05
   5.0000000e+00   0.0000000e+00  -9.3671916e-03
   5.0000000e+00   1.0000000e+00  -7.9643215e-04
   5.0000000e+00   2.0000000e+00  -9.5138327e-04
   5.0000000e+00   3.0000000e+00  -2.5157403e-03
   5.0000000e+00   4.0000000e+00   5.5535585e-04
   5.0000000e+00   5.0000000e+00  -6.8135918e-05
   5.0000000e+00   6.0000000e+00  -7.0633723e-04
   5.0000000e+00   7.0000000e+00  -2.2603064e-04
   5.0000000e+00   8.0000000e+00   3.9187616e-05
   5.0000000e+00   9.0000000e+00   3.1805990e-04
   5.0000000e+00   1.0000000e+01   1.8796962e-04
   5.0000000e+00   1.1000000e+01  -3.4633016e-05
   5.0000000e+00   1.2000000e+01  -4.3224745e-05
   5.0000000e+00   1.3000000e+01   2.4825162e-05
   5.0000000e+00   1.4000000e+01  -9.3700620e-05
   5.0000000e+00   1.5000000e+01  -1.1514808e-04
   5.0000000e+00   1.6000000e+01   1.1632026e-04
   5.0000000e+00   1.7000000e+01   1.1804365e-04
   5.0000000e+00   1.8000000e+01  -8.5061014e-05
   5.0000000e+00   1.9000000e+01  -6.0707462e-05
   5.0000000e+00   2.0000000e+01   6.3722438e-05
   6.0000000e+00   0.0000000e+00   1.5008946e-02
   6.0000000e+00   1.0000000e+00   1.4251634e-03
   6.0000000e+00   2.0000000e+00   2.0425268e-03
   6.0000000e+00   3.0000000e+00   1.5669673e-03
   6.0000000e+00   4.0000000e+00   4.5228900e-05
   6.0000000e+00   5.0000000e+00   8.7042410e-05
   6.0000000e+00   6.0000000e+00   3.4565958e-04
   6.0000000e+00   7.0000000e+00   7.2971748e-05
   6.0000000e+00   8.0000000e+00   1.8579618e-04
   6.0000000e+00   9.0000000e+00  -1.3510905e-04
   6.0000000e+00   1.0000000e+01  -3.9981156e-04
   6.0000000e+00   1.1000000e+01   5.8415159e-06
   6.0000000e+00   1.2000000e+01   2.2139312e-04
   6.0000000e+00   1.3000000e+01  -2.3991411e-05
   6.0000000e+00   1.4000000e+01  -5.4840623e-05
   6.0000000e+00   1.5000000e+01   4.9657362e-05
   6.0000000e+00   1.6000000e+01  -9.9738462e-07
   6.0000000e+00   1.7000000e+01  -3.4440643e-05
   6.0000000e+00   1.8000000e+01  -7.9520259e-06
   6.0000000e+00   1.9000000e+01   1.0046123e-05
   7.0000000e+00   0.0000000e+00  -1.1596287e-02
   7.0000000e+00   1.0000000e+00  -2.4178164e-03
   7.0000000e+00   2.0000000e+00  -3.8499128e-03
   7.0000000e+00   3.0000000e+00  -6.5736269e-04
   7.0000000e+00   4.0000000e+00  -8.7754263e-04
   7.0000000e+00   5.0000000e+00  -2.6797766e-04
   7.0000000e+00   6.0000000e+00   3.0449180e-04
   7.0000000e+00   7.0000000e+00  -3.5091233e-04
   7.0000000e+00   8.0000000e+00  -1.9544326e-04
   7.0000000e+00   9.0000000e+00   3.9830359e-04
   7.0000000e+00   1.0000000e+01   2.1903184e-04
   7.0000000e+00   1.1000000e+01  -1.4004280e-04
   7.0000000e+00   1.2000000e+01  -1.7125549e-04
   7.0000000e+00   1.3000000e+01  -1.1029647e-04
   7.0000000e+00   1.4000000e+01   7.8092967e-05
   7.0000000e+00   1.5000000e+01   2.1235955e-04
   7.0000000e+00   1.6000000e+01  -7.0231822e-06
   7.0000000e+00   1.7000000e+01  -1.8585094e-04
   7.0000000e+00   1.8000000e+01  -3.7810192e-05
   8.0000000e+00   0.0000000e+00   8.1756772e-03
   8.0000000e+00   1.0000000e+00   2.1850901e-03
   8.0000000e+00   2.0000000e+00   2.0110381e-03
   8.0000000e+00   3.0000000e+00   1.1128602e-03
   8.0000000e+00   4.0000000e+00   9.2169459e-05
   8.0000000e+00   5.0000000e+00  -1.8040716e-04
   8.0000000e+00   6.0000000e+00  -1.3553640e-04
   8.0000000e+00   7.0000000e+00   3.7389929e-04
   8.0000000e+00   8.0000000e+00   2.5452200e-05
   8.0000000e+00   9.0000000e+00  -3.2298817e-04
   8.0000000e+00   1.0000000e+01  -3.2230004e-05
   8.0000000e+00   1.1000000e+01   1.1707431e-04
   8.0000000e+00   1.2000000e+01   3.5190298e-05
   8.0000000e+00   1.3000000e+01   1.0472068e-04
   8.0000000e+00   1.4000000e+01   1.1409591e-05
   8.0000000e+00   1.5000000e+01  -1.7507531e-04
   8.0000000e+00   1.6000000e+01  -5.6378176e-05
   8.0000000e+00   1.7000000e+01   1.1448614e-04
   9.0000000e+00   0.0000000e+00  -8.7418484e-03
   9.0000000e+00   1.0000000e+00  -1.5620536e-03
   9.0000000e+00   2.0000000e+00  -4.6981610e-04
   9.0000000e+00   3.0000000e+00  -1.1186903e-03
   9.0000000e+00   4.0000000e+00   6.4555282e-04
   9.0000000e+00   5.0000000e+00   7.3290978e-04
   9.0000000e+00   6.0000000e+00   2.3016782e-05
   9.0000000e+00   7.0000000e+00  -1.3764403e-04
   9.0000000e+00   8.0000000e+00  -3.8660144e-05
   9.0000000e+00   9.0000000e+00   1.8204458e-05
   9.0000000e+00   1.0000000e+01   3.3509299e-05
   9.0000000e+00   1.1000000e+01  -5.9838764e-05
   9.0000000e+00   1.2000000e+01   3.6305749e-05
   9.0000000e+00   1.3000000e+01   7.8792478e-05
   9.0000000e+00   1.4000000e+01  -9.3776369e-05
   9.0000000e+00   1.5000000e+01  -6.1954569e-05
   9.0000000e+00   1.6000000e+01   9.6174029e-05
   1.0000000e+01   0.0000000e+00   5.6713356e-03
   1.0000000e+01   1.0000000e+00   1.7095670e-03
   1.0000000e+01   2.0000000e+00   6.0815858e-04
   1.0000000e+01   3.0000000e+00  -8.5259919e-05
   1.0000000e+01   4.0000000e+00  -1.9702122e-04
   1.0000000e+01   5.0000000e+00  -7.1097074e-04
   1.0000000e+01   6.0000000e+00  -3.4872900e-04
   1.0000000e+01   7.0000000e+00   2.2060703e-04
   1.0000000e+01   8.0000000e+00   1.9834878e-04
   1.0000000e+01   9.0000000e+00  -7.7812811e-05
   1.0000000e+01   1.0000000e+01  -8.6913097e-05
   1.0000000e+01   1.1000000e+01   8.8173237e-05
   1.0000000e+01   1.2000000e+01   1.9411292e-05
   1.0000000e+01   1.3000000e+01  -1.1421402e-04
   1.0000000e+01   1.4000000e+01   3.6743891e-05
   1.0000000e+01   1.5000000e+01   9.0558347e-05
   1.1000000e+01   0.0000000e+00  -1.1966555e-03
   1.1000000e+01   1.0000000e+00  -2.3335772e-03
   1.1000000e+01   2.0000000e+00   8.2740581e-05
   1.1000000e+01   3.0000000e+00   8.8974891e-04
   1.1000000e+01   4.0000000e+00  -4.7035339e-05
   1.1000000e+01   5.0000000e+00   4.4961358e-04
   1.1000000e+01   6.0000000e+00   3.1003678e-04
   1.1000000e+01   7.0000000e+00  -4.4879924e-04
   1.1000000e+01   8.0000000e+00  -2.0934988e-04
   1.1000000e+01   9.0000000e+00   2.5490287e-04
   1.1000000e+01   1.0000000e+01   8.0577183e-05
   1.1000000e+01   1.1000000e+01  -5.1808442e-05
   1.1000000e+01   1.2000000e+01  -1.0747001e-04
   1.1000000e+01   1.3000000e+01  -3.4129307e-05
   1.1000000e+01   1.4000000e+01   9.6882937e-05
   1.2000000e+01   0.0000000e+00   9.1633168e-04
   1.2000000e+01   1.0000000e+00   2.0879277e-03
   1.2000000e+01   2.0000000e+00  -9.9683713e-04
   1.2000000e+01   3.0000000e+00  -6.5288354e-04
   1.2000000e+01   4.0000000e+00  -3.5918949e-04
   1.2000000e+01   5.0000000e+00  -2.3201613e-04
   1.2000000e+01   6.0000000e+00   1.2479133e-04
   1.2000000e+01   7.0000000e+00   2.7583292e-04
   1.2000000e+01   8.0000000e+00   7.0579064e-05
   1.2000000e+01   9.0000000e+00  -1.2768426e-04
   1.2000000e+01   1.0000000e+01  -3.7179338e-05
   1.2000000e+01   1.1000000e+01  -1.0792558e-05
   1.2000000e+01   1.2000000e+01   7.6093790e-05
   1.2000000e+01   1.3000000e+01   3.7007951e-05
   1.3000000e+01   0.0000000e+00  -9.1131142e-04
   1.3000000e+01   1.0000000e+00  -6.6317416e-04
   1.3000000e+01   2.0000000e+00   6.1831209e-04
   1.3000000e+01   3.0000000e+00   2.7202403e-04
   1.3000000e+01   4.0000000e+00   3.4047227e-04
   1.3000000e+01   5.0000000e+00  -6.5509628e-05
   1.3000000e+01   6.0000000e+00  -3.2257354e-04
   1.3000000e+01   7.0000000e+00   9.3086842e-05
   1.3000000e+01   8.0000000e+00   4.8667355e-05
   1.3000000e+01   9.0000000e+00  -8.5240616e-05
   1.3000000e+01   1.0000000e+01   2.4429604e-05
   1.3000000e+01   1.1000000e+01  -1.2124741e-05
   1.3000000e+01   1.2000000e+01  -7.7292231e-06
   1.4000000e+01   0.0000000e+00  -1.5951253e-03
   1.4000000e+01   1.0000000e+00  -7.5376719e-04
   1.4000000e+01   2.0000000e+00   1.3470107e-05
   1.4000000e+01   3.0000000e+00  -1.9860788e-04
   1.4000000e+01   4.0000000e+00   1.0015509e-04
   1.4000000e+01   5.0000000e+00   3.1771014e-04
   1.4000000e+01   6.0000000e+00   1.8993622e-04
   1.4000000e+01   7.0000000e+00  -1.2695828e-04
   1.4000000e+01   8.0000000e+00  -7.5396985e-05
   1.4000000e+01   9.0000000e+00   5.7347797e-05
   1.4000000e+01   1.0000000e+01  -4.1438515e-05
   1.4000000e+01   1.1000000e+01   3.3142170e-05
   1.5000000e+01   0.0000000e+00   2.3780787e-03
   1.5000000e+01   1.0000000e+00   1.1777777e-03
   1.5000000e+01   2.0000000e+00  -1.0915373e-04
   1.5000000e+01   3.0000000e+00   9.6683958e-05
   1.5000000e+01   4.0000000e+00  -1.4362936e-04
   1.5000000e+01   5.0000000e+00  -3.1266606e-04
   1.5000000e+01   6.0000000e+00  -1.3702955e-05
   1.5000000e+01   7.0000000e+00  -1.9048205e-05
   1.5000000e+01   8.0000000e+00   4.2553389e-05
   1.5000000e+01   9.0000000e+00   7.2739272e-05
   1.5000000e+01   1.0000000e+01   1.4220276e-05
   1.6000000e+01   0.0000000e+00  -4.9999197e-04
   1.6000000e+01   1.0000000e+00  -8.0182289e-04
   1.6000000e+01   2.0000000e+00   1.6704612e-04
   1.6000000e+01   3.0000000e+00   2.1082470e-04
   1.6000000e+01   4.0000000e+00  -2.8266861e-05
   1.6000000e+01   5.0000000e+00   1.2342901e-04
   1.6000000e+01   6.0000000e+00  -6.4979470e-05
   1.6000000e+01   7.0000000e+00  -6.2786568e-05
   1.6000000e+01   8.0000000e+00  -3.9042885e-05
   1.6000000e+01   9.0000000e+00  -4.5511993e-05
   1.7000000e+01   0.0000000e+00  -4.3253155e-04
   1.7000000e+01   1.0000000e+00   2.7747360e-04
   1.7000000e+01   2.0000000e+00  -1.3934068e-04
   1.7000000e+01   3.0000000e+00  -3.9772458e-04
   1.7000000e+01   4.0000000e+00  -1.2328165e-04
   1.7000000e+01   5.0000000e+00   7.9977519e-05
   1.7000000e+01   6.0000000e+00   7.1427008e-05
   1.7000000e+01   7.0000000e+00   1.7410060e-04
   1.7000000e+01   8.0000000e+00   5.8613641e-05
   1.8000000e+01   0.0000000e+00   1.3995966e-04
   1.8000000e+01   1.0000000e+00   1.5729035e-04
   1.8000000e+01   2.0000000e+00  -1.0308925e-04
   1.8000000e+01   3.0000000e+00   1.7956200e-04
   1.8000000e+01   4.0000000e+00   2.5379177e-04
   1.8000000e+01   5.0000000e+00  -1.6983163e-04
   1.8000000e+01   6.0000000e+00  -7.0326078e-05
   1.8000000e+01   7.0000000e+00  -1.4577739e-05
   1.9000000e+01   0.0000000e+00  -4.4737420e-04
   1.9000000e+01   1.0000000e+00  -5.1202804e-04
   1.9000000e+01   2.0000000e+00   7.8237890e-05
   1.9000000e+01   3.0000000e+00   1.4988751e-04
   1.9000000e+01   4.0000000e+00   4.4579286e-05
   1.9000000e+01   5.0000000e+00   9.7557955e-05
   1.9000000e+01   6.0000000e+00   4.1479412e-05
   2.0000000e+01   0.0000000e+00   5.8241293e-04
   2.0000000e+01   1.0000000e+00   5.0422627e-04
   2.0000000e+01   2.0000000e+00   1.6921504e-04
   2.0000000e+01   3.0000000e+00  -1.6902642e-04
   2.0000000e+01   4.0000000e+00  -3.1210877e-04
   2.0000000e+01   5.0000000e+00   6.6093593e-06
   2.1000000e+01   0.0000000e+00   1.9888086e-04
   2.1000000e+01   1.0000000e+00   3.5756925e-06
   2.1000000e+01   2.0000000e+00  -9.7355164e-05
   2.1000000e+01   3.0000000e+00   1.8409607e-05
   2.1000000e+01   4.0000000e+00   9.9461381e-05
   2.2000000e+01   0.0000000e+00  -4.9089382e-04
   2.2000000e+01   1.0000000e+00  -3.9071439e-04
   2.2000000e+01   2.0000000e+00  -1.6016901e-04
   2.2000000e+01   3.0000000e+00  -1.4468782e-05
   2.3000000e+01   0.0000000e+00  -6.7704856e-05
   2.3000000e+01   1.0000000e+00   1.6484369e-04
   2.3000000e+01   2.0000000e+00   1.3593464e-04
   2.4000000e+01   0.0000000e+00   2.0295543e-04
   2.4000000e+01   1.0000000e+00   1.3885488e-04
   2.5000000e+01   0.0000000e+00   1.2822976e-04
