   0.0000000000000000e+00   0.0000000000000000e+00   5.0239938999999997e-02
   0.0000000000000000e+00   2.0000000000000000e+00   2.0790306000000001e-02
   3.0000000000000000e+00   0.0000000000000000e+00  -1.5606131000000001e-02
   6.0000000000000000e+00   0.0000000000000000e+00   1.5008946000000000e-02
   7.0000000000000000e+00   0.0000000000000000e+00  -1.1596287000000000e-02
   1.0000000000000000e+00   0.0000000000000000e+00   9.5401936000000000e-03
   5.0000000000000000e+00   0.0000000000000000e+00  -9.3671915999999997e-03
   4.0000000000000000e+00   0.0000000000000000e+00   8.7932604000000008e-03
   9.0000000000000000e+00   0.0000000000000000e+00  -8.7418484000000001e-03
   8.0000000000000000e+00   0.0000000000000000e+00   8.1756772000000002e-03
   1.0000000000000000e+01   0.0000000000000000e+00   5.6713355999999998e-03
   2.0000000000000000e+00   2.0000000000000000e+00  -4.8220427000000001e-03
   3.0000000000000000e+00   1.0000000000000000e+00  -4.4247161999999996e-03
   4.0000000000000000e+00   2.0000000000000000e+00   4.3751665000000004e-03
   7.0000000000000000e+00   2.0000000000000000e+00  -3.8499127999999999e-03
   4.0000000000000000e+00   1.0000000000000000e+00   2.8517204000000000e-03
   3.0000000000000000e+00   2.0000000000000000e+00  -2.8106689000000000e-03
   5.0000000000000000e+00   3.0000000000000000e+00  -2.5157402999999999e-03
   7.0000000000000000e+00   1.0000000000000000e+00  -2.4178163999999999e-03
   1.5000000000000000e+01   0.0000000000000000e+00   2.3780786999999999e-03
   1.1000000000000000e+01   1.0000000000000000e+00  -2.3335771999999999e-03
   0.0000000000000000e+00   6.0000000000000000e+00  -2.1994546000000002e-03
   8.0000000000000000e+00   1.0000000000000000e+00   2.1850900999999998e-03
   1.2000000000000000e+01   1.0000000000000000e+00   2.0879277000000001e-03
   6.0000000000000000e+00   2.0000000000000000e+00   2.0425268000000001e-03
   8.0000000000000000e+00   2.0000000000000000e+00   2.0110381000000002e-03
   0.0000000000000000e+00   1.0000000000000000e+00   2.0109973000000001e-03
   1.0000000000000000e+00   1.0000000000000000e+00   1.9386771000000000e-03
   1.0000000000000000e+00   3.0000000000000000e+00  -1.9097499000000000e-03
   1.0000000000000000e+01   1.0000000000000000e+00   1.7095669999999999e-03
   4.0000000000000000e+00   3.0000000000000000e+00   1.6661082000000000e-03
   1.4000000000000000e+01   0.0000000000000000e+00  -1.5951253000000001e-03
   6.0000000000000000e+00   3.0000000000000000e+00   1.5669672999999999e-03
   9.0000000000000000e+00   1.0000000000000000e+00  -1.5620536000000001e-03
   6.0000000000000000e+00   1.0000000000000000e+00   1.4251634000000000e-03
   3.0000000000000000e+00   4.0000000000000000e+00  -1.3399767999999999e-03
   1.1000000000000000e+01   0.0000000000000000e+00  -1.1966555000000000e-03
   1.5000000000000000e+01   1.0000000000000000e+00   1.1777777000000001e-03
   1.0000000000000000e+00   2.0000000000000000e+00  -1.1510803000000000e-03
   9.0000000000000000e+00   3.0000000000000000e+00  -1.1186903000000000e-03
   8.0000000000000000e+00   3.0000000000000000e+00   1.1128602000000001e-03
   1.2000000000000000e+01   2.0000000000000000e+00  -9.9683712999999990e-04
   5.0000000000000000e+00   2.0000000000000000e+00  -9.5138326999999999e-04
   1.2000000000000000e+01   0.0000000000000000e+00   9.1633168000000004e-04
   1.3000000000000000e+01   0.0000000000000000e+00  -9.1131141999999999e-04
   2.0000000000000000e+00   3.0000000000000000e+00   8.9276486000000003e-04
   1.1000000000000000e+01   3.0000000000000000e+00   8.8974891000000004e-04
   7.0000000000000000e+00   4.0000000000000000e+00  -8.7754263000000001e-04
   1.6000000000000000e+01   1.0000000000000000e+00  -8.0182289000000002e-04
   5.0000000000000000e+00   1.0000000000000000e+00  -7.9643214999999996e-04
